# KE    Fraction
  0.0   0.076923
 25.0   0.051041
 50.0   0.072874
 75.0   0.081735
100.0   0.064185
125.0   0.059561
150.0   0.063199
175.0   0.070920
200.0   0.071290
225.0   0.080088
250.0   0.085929
275.0   0.087108
300.0   0.089659
325.0   0.116241
350.0   0.152943
375.0   0.135662
400.0   0.082143
425.0   0.031825
450.0   0.000000
475.0   0.000000
500.0   0.000000
525.0   0.001761
550.0   0.000000
575.0   0.000000
600.0   0.000000
625.0   0.000133
650.0   0.000000
675.0   0.000000
700.0   0.000000
725.0   0.000008
750.0   0.000000
775.0   0.000000
800.0   0.000000
825.0   0.000001
850.0   0.000000
875.0   0.000000
900.0   0.000000
925.0   0.000000
950.0   0.000000
975.0   0.000000
1000.0   0.000000
