# KE    Fraction
  0.0   0.019556
 25.0   0.002132
 50.0   0.015499
 75.0   0.029418
100.0   0.037334
125.0   0.040441
150.0   0.044866
175.0   0.053939
200.0   0.065748
225.0   0.072515
250.0   0.071705
275.0   0.067584
300.0   0.072525
325.0   0.104541
350.0   0.158142
375.0   0.147295
400.0   0.086682
425.0   0.033380
450.0   0.000000
475.0   0.000000
500.0   0.000000
525.0   0.001854
550.0   0.000000
575.0   0.000000
600.0   0.000000
625.0   0.000148
650.0   0.000000
675.0   0.000000
700.0   0.000000
725.0   0.000011
750.0   0.000000
775.0   0.000000
800.0   0.000000
825.0   0.000001
850.0   0.000000
875.0   0.000000
900.0   0.000000
925.0   0.000000
950.0   0.000000
975.0   0.000000
1000.0   0.000000
