# KE    Fraction
  0.0   0.093015
 25.0   0.025381
 50.0   0.092495
 75.0   0.157790
100.0   0.099089
125.0   0.101176
150.0   0.095561
175.0   0.096711
200.0   0.112138
225.0   0.142284
250.0   0.119760
275.0   0.120183
300.0   0.144579
325.0   0.165305
350.0   0.171262
375.0   0.144863
400.0   0.095323
425.0   0.039974
450.0   0.000000
475.0   0.000000
500.0   0.000000
525.0   0.002125
550.0   0.000000
575.0   0.000000
600.0   0.000000
625.0   0.000156
650.0   0.000000
675.0   0.000000
700.0   0.000000
725.0   0.000010
750.0   0.000000
775.0   0.000000
800.0   0.000000
825.0   0.000001
850.0   0.000000
875.0   0.000000
900.0   0.000000
925.0   0.000000
950.0   0.000000
975.0   0.000000
1000.0   0.000000
