# KE    Fraction
  0.0   0.068768
 25.0   0.058640
 50.0   0.063579
 75.0   0.073734
100.0   0.092134
125.0   0.110477
150.0   0.116968
175.0   0.119861
200.0   0.110753
225.0   0.113310
250.0   0.210350
275.0   0.280247
300.0   0.217746
325.0   0.221239
350.0   0.244840
375.0   0.209844
400.0   0.131858
425.0   0.053867
450.0   0.000000
475.0   0.000000
500.0   0.000000
525.0   0.002908
550.0   0.000000
575.0   0.000000
600.0   0.000000
625.0   0.000220
650.0   0.000000
675.0   0.000000
700.0   0.000000
725.0   0.000016
750.0   0.000000
775.0   0.000000
800.0   0.000000
825.0   0.000001
850.0   0.000000
875.0   0.000000
900.0   0.000000
925.0   0.000000
950.0   0.000000
975.0   0.000000
1000.0   0.000000
