# KE    Fraction
  0.0   0.038445
 25.0   0.028507
 50.0   0.032431
 75.0   0.048204
100.0   0.080926
125.0   0.127843
150.0   0.163894
175.0   0.172130
200.0   0.166642
225.0   0.165909
250.0   0.168421
275.0   0.168873
300.0   0.174500
325.0   0.191605
350.0   0.198578
375.0   0.167113
400.0   0.107933
425.0   0.044620
450.0   0.000000
475.0   0.000000
500.0   0.000000
525.0   0.002462
550.0   0.000000
575.0   0.000000
600.0   0.000000
625.0   0.000191
650.0   0.000000
675.0   0.000000
700.0   0.000000
725.0   0.000014
750.0   0.000000
775.0   0.000000
800.0   0.000000
825.0   0.000001
850.0   0.000000
875.0   0.000000
900.0   0.000000
925.0   0.000000
950.0   0.000000
975.0   0.000000
1000.0   0.000000
