STA EM for 4He (S. Patore et al.)
2 4 STA_EM 900 5
1 0.002 0.004 0.006 0.008 0.01 0.012 0.014 0.016 0.018 0.02 0.022 0.024 0.026 0.028 0.03 0.032 0.034 0.036 0.038 0.04 0.042 0.044 0.046 0.048 0.05 0.052 0.054 0.056 0.058 0.06 0.062 0.064 0.066 0.068 0.07 0.072 0.074 0.076 0.078 0.08 0.082 0.084 0.086 0.088 0.09 0.092 0.094 0.096 0.098 0.1 0.102 0.104 0.106 0.108 0.11 0.112 0.114 0.116 0.118 0.12 0.122 0.124 0.126 0.128 0.13 0.132 0.134 0.136 0.138 0.14 0.142 0.144 0.146 0.148 0.15 0.152 0.154 0.156 0.158 0.16 0.162 0.164 0.166 0.168 0.17 0.172 0.174 0.176 0.178 0.18 0.182 0.184 0.186 0.188 0.19 0.192 0.194 0.196 0.198 0.2 0.202 0.204 0.206 0.208 0.21 0.212 0.214 0.216 0.218 0.22 0.222 0.224 0.226 0.228 0.23 0.232 0.234 0.236 0.238 0.24 0.242 0.244 0.246 0.248 0.25 0.252 0.254 0.256 0.258 0.26 0.262 0.264 0.266 0.268 0.27 0.272 0.274 0.276 0.278 0.28 0.282 0.284 0.286 0.288 0.29 0.292 0.294 0.296 0.298 0.3 0.302 0.304 0.306 0.308 0.31 0.312 0.314 0.316 0.318 0.32 0.322 0.324 0.326 0.328 0.33 0.332 0.334 0.336 0.338 0.34 0.342 0.344 0.346 0.348 0.35 0.352 0.354 0.356 0.358 0.36 0.362 0.364 0.366 0.368 0.37 0.372 0.374 0.376 0.378 0.38 0.382 0.384 0.386 0.388 0.39 0.392 0.394 0.396 0.398 0.4 0.402 0.404 0.406 0.408 0.41 0.412 0.414 0.416 0.418 0.42 0.422 0.424 0.426 0.428 0.43 0.432 0.434 0.436 0.438 0.44 0.442 0.444 0.446 0.448 0.45 0.452 0.454 0.456 0.458 0.46 0.462 0.464 0.466 0.468 0.47 0.472 0.474 0.476 0.478 0.48 0.482 0.484 0.486 0.488 0.49 0.492 0.494 0.496 0.498 0.5 0.502 0.504 0.506 0.508 0.51 0.512 0.514 0.516 0.518 0.52 0.522 0.524 0.526 0.528 0.53 0.532 0.534 0.536 0.538 0.54 0.542 0.544 0.546 0.548 0.55 0.552 0.554 0.556 0.558 0.56 0.562 0.564 0.566 0.568 0.57 0.572 0.574 0.576 0.578 0.58 0.582 0.584 0.586 0.588 0.59 0.592 0.594 0.596 0.598 0.6 0.602 0.604 0.606 0.608 0.61 0.612 0.614 0.616 0.618 0.62 0.622 0.624 0.626 0.628 0.63 0.632 0.634 0.636 0.638 0.64 0.642 0.644 0.646 0.648 0.65 0.652 0.654 0.656 0.658 0.66 0.662 0.664 0.666 0.668 0.67 0.672 0.674 0.676 0.678 0.68 0.682 0.684 0.686 0.688 0.69 0.692 0.694 0.696 0.698 0.7 0.702 0.704 0.706 0.708 0.71 0.712 0.714 0.716 0.718 0.72 0.722 0.724 0.726 0.728 0.73 0.732 0.734 0.736 0.738 0.74 0.742 0.744 0.746 0.748 0.75 0.752 0.754 0.756 0.758 0.76 0.762 0.764 0.766 0.768 0.77 0.772 0.774 0.776 0.778 0.78 0.782 0.784 0.786 0.788 0.79 0.792 0.794 0.796 0.798 0.8 0.802 0.804 0.806 0.808 0.81 0.812 0.814 0.816 0.818 0.82 0.822 0.824 0.826 0.828 0.83 0.832 0.834 0.836 0.838 0.84 0.842 0.844 0.846 0.848 0.85 0.852 0.854 0.856 0.858 0.86 0.862 0.864 0.866 0.868 0.87 0.872 0.874 0.876 0.878 0.88 0.882 0.884 0.886 0.888 0.89 0.892 0.894 0.896 0.898 0.9 0.902 0.904 0.906 0.908 0.91 0.912 0.914 0.916 0.918 0.92 0.922 0.924 0.926 0.928 0.93 0.932 0.934 0.936 0.938 0.94 0.942 0.944 0.946 0.948 0.95 0.952 0.954 0.956 0.958 0.96 0.962 0.964 0.966 0.968 0.97 0.972 0.974 0.976 0.978 0.98 0.982 0.984 0.986 0.988 0.99 0.992 0.994 0.996 0.998 1 1.002 1.004 1.006 1.008 1.01 1.012 1.014 1.016 1.018 1.02 1.022 1.024 1.026 1.028 1.03 1.032 1.034 1.036 1.038 1.04 1.042 1.044 1.046 1.048 1.05 1.052 1.054 1.056 1.058 1.06 1.062 1.064 1.066 1.068 1.07 1.072 1.074 1.076 1.078 1.08 1.082 1.084 1.086 1.088 1.09 1.092 1.094 1.096 1.098 1.1 1.102 1.104 1.106 1.108 1.11 1.112 1.114 1.116 1.118 1.12 1.122 1.124 1.126 1.128 1.13 1.132 1.134 1.136 1.138 1.14 1.142 1.144 1.146 1.148 1.15 1.152 1.154 1.156 1.158 1.16 1.162 1.164 1.166 1.168 1.17 1.172 1.174 1.176 1.178 1.18 1.182 1.184 1.186 1.188 1.19 1.192 1.194 1.196 1.198 1.2 1.202 1.204 1.206 1.208 1.21 1.212 1.214 1.216 1.218 1.22 1.222 1.224 1.226 1.228 1.23 1.232 1.234 1.236 1.238 1.24 1.242 1.244 1.246 1.248 1.25 1.252 1.254 1.256 1.258 1.26 1.262 1.264 1.266 1.268 1.27 1.272 1.274 1.276 1.278 1.28 1.282 1.284 1.286 1.288 1.29 1.292 1.294 1.296 1.298 1.3 1.302 1.304 1.306 1.308 1.31 1.312 1.314 1.316 1.318 1.32 1.322 1.324 1.326 1.328 1.33 1.332 1.334 1.336 1.338 1.34 1.342 1.344 1.346 1.348 1.35 1.352 1.354 1.356 1.358 1.36 1.362 1.364 1.366 1.368 1.37 1.372 1.374 1.376 1.378 1.38 1.382 1.384 1.386 1.388 1.39 1.392 1.394 1.396 1.398 1.4 1.402 1.404 1.406 1.408 1.41 1.412 1.414 1.416 1.418 1.42 1.422 1.424 1.426 1.428 1.43 1.432 1.434 1.436 1.438 1.44 1.442 1.444 1.446 1.448 1.45 1.452 1.454 1.456 1.458 1.46 1.462 1.464 1.466 1.468 1.47 1.472 1.474 1.476 1.478 1.48 1.482 1.484 1.486 1.488 1.49 1.492 1.494 1.496 1.498 1.5 1.502 1.504 1.506 1.508 1.51 1.512 1.514 1.516 1.518 1.52 1.522 1.524 1.526 1.528 1.53 1.532 1.534 1.536 1.538 1.54 1.542 1.544 1.546 1.548 1.55 1.552 1.554 1.556 1.558 1.56 1.562 1.564 1.566 1.568 1.57 1.572 1.574 1.576 1.578 1.58 1.582 1.584 1.586 1.588 1.59 1.592 1.594 1.596 1.598 1.6 1.602 1.604 1.606 1.608 1.61 1.612 1.614 1.616 1.618 1.62 1.622 1.624 1.626 1.628 1.63 1.632 1.634 1.636 1.638 1.64 1.642 1.644 1.646 1.648 1.65 1.652 1.654 1.656 1.658 1.66 1.662 1.664 1.666 1.668 1.67 1.672 1.674 1.676 1.678 1.68 1.682 1.684 1.686 1.688 1.69 1.692 1.694 1.696 1.698 1.7 1.702 1.704 1.706 1.708 1.71 1.712 1.714 1.716 1.718 1.72 1.722 1.724 1.726 1.728 1.73 1.732 1.734 1.736 1.738 1.74 1.742 1.744 1.746 1.748 1.75 1.752 1.754 1.756 1.758 1.76 1.762 1.764 1.766 1.768 1.77 1.772 1.774 1.776 1.778 1.78 1.782 1.784 1.786 1.788 1.79 1.792 1.794 1.796 1.798 1.8
1 0.3 0.4 0.5 0.6 0.7
0 0 0 0 0
0 0 0 0 0
0 0 0 0 0
0 0 0 0 0
0 0 0 0 0
3.67731e-06 0 0.00161672 0 0
0.000467785 0 0.000208044 0 0
5.21819e-05 0 8.78865e-05 0 0
4.56107e-05 0 4.70228e-05 0 0
1.80304e-05 0 5.46982e-05 0 0
2.44463e-05 0 0.00493767 0 0
0.00130856 0 0.00063612 0 0
0.000159993 0 0.000269106 0 0
0.000127661 0 0.00014391 0 0
5.54144e-05 0 0.00016816 0 0
0.000122918 0 0.0114603 0 0
0.00284917 0 0.0014916 0 0
0.000344707 0 0.000577606 0 0
0.000239233 0 0.000294385 0 0
0.000113362 0 0.000342333 0 0
0.00052607 0 0.023349 0 0
0.00553578 0 0.00309075 0 0
0.000639613 0 0.00106699 0 0
0.000378091 0 0.00050962 0 0
0.000195104 0 0.000584794 0 0
0.00196732 0 0.0433096 0 0
0.00986779 0 0.00585813 0 0
0.00109464 0 0.00181882 0 0
0.000554475 0 0.000819088 0 0
0.000309435 0 0.000920194 0 0
0.00649189 0 0.0747172 0 0
0.0164177 0 0.0103595 0 0
0.00177787 0 0.00294483 0 0
0.000787932 0 0.0012687 0 0
0.000470036 0 0.00138807 0 0
0.0190159 0 0.121888 0 0
0.0259009 0 0.0173563 0 0
0.00277393 0 0.00458315 0 0
0.0010968 0 0.00190852 0 0
0.000691314 0 0.0020295 0 0
0.0497124 0 0.190156 0 0
0.0392065 0 0.027844 0 0
0.00418271 0 0.00689583 0 0
0.00149328 0 0.00278477 0 0
0.00098563 0 0.00287842 0 0
0.116676 0 0.285777 0 0
0.0573986 0 0.0430747 0 0
0.00611792 0 0.0100665 0 0
0.00198539 0 0.00393896 0 0
0.00136193 0 0.00395765 0 0
0.247491 0 0.41565 0 0
0.0817009 0 0.0645617 0 0
0.008705 0 0.0142975 0 0
0.00258257 0 0.00541154 0 0
0.00182527 0 0.00527774 0 0
0.478015 0 0.586919 0 0
0.113487 0 0.0940716 0 0
0.0120778 0 0.0198054 0 0
0.00329704 0 0.00724126 0 0
0.00237532 0 0.00683317 0 0
0.847479 0 0.806465 0 0
0.15427 0 0.133599 0 0
0.0163748 0 0.026815 0 0
0.00414242 0 0.00946218 0 0
0.00300502 0 0.00859885 0 0
1.39082 0 1.0803 0 0
0.205686 0 0.185321 0 0
0.0217373 0 0.0355563 0 0
0.00513129 0 0.0121001 0 0
0.00369973 0 0.0105287 0 0
2.13064 0 1.41291 0 0
0.269463 0 0.251535 0 0
0.0283078 0 0.0462634 0 0
0.00627456 0 0.0151723 0 0
0.00443768 0 0.0125581 0 0
3.07143 0 1.80657 0 0
0.347374 0 0.334572 0 0
0.0362327 0 0.0591774 0 0
0.00758149 0 0.0186891 0 0
0.00519155 0 0.0146093 0 0
4.19765 0 2.26084 0 0
0.441191 0 0.436713 0 0
0.0456667 0 0.0745537 0 0
0.00906006 0 0.0226561 0 0
0.00593101 0 0.0166004 0 0
5.47575 0 2.77219 0 0
0.552618 0 0.560089 0 0
0.0567794 0 0.0926711 0 0
0.0107171 0 0.0270777 0 0
0.0066259 0 0.0184545 0 0
6.85931 0 3.33392 0 0
0.683235 0 0.706593 0 0
0.0697626 0 0.113841 0 0
0.0125586 0 0.0319591 0 0
0.00724935 0 0.0201091 0 0
8.29556 0 3.93631 0 0
0.834428 0 0.877792 0 0
0.0848368 0 0.138417 0 0
0.0145907 0 0.0373092 0 0
0.00778069 0 0.0215235 0 0
9.73149 0 4.56706 0 0
1.00733 0 1.07486 0 0
0.102257 0 0.166801 0 0
0.0168199 0 0.0431415 0 0
0.00820752 0 0.0226835 0 0
11.1182 0 5.21197 0 0
1.20275 0 1.2985 0 0
0.122314 0 0.199446 0 0
0.0192537 0 0.0494753 0 0
0.00852685 0 0.0236026 0 0
12.4132 0 5.85569 0 0
1.42114 0 1.54892 0 0
0.145335 0 0.236854 0 0
0.0219023 0 0.0563353 0 0
0.0087452 0 0.0243205 0 0
13.5816 0 6.48262 0 0
1.66251 0 1.82577 0 0
0.171677 0 0.279571 0 0
0.0247789 0 0.0637513 0 0
0.00887774 0 0.0248983 0 0
14.5958 0 7.07776 0 0
1.92641 0 2.12814 0 0
0.201722 0 0.328178 0 0
0.0279 0 0.071758 0 0
0.00894662 0 0.0254127 0 0
15.4368 0 7.62745 0 0
2.21194 0 2.45451 0 0
0.235862 0 0.383278 0 0
0.0312862 0 0.0803946 0 0
0.008979 0 0.0259491 0 0
16.0937 0 8.11998 0 0
2.51767 0 2.80283 0 0
0.274496 0 0.445484 0 0
0.0349625 0 0.0897047 0 0
0.00900477 0 0.026595 0 0
16.5643 0 8.54608 0 0
2.8417 0 3.17047 0 0
0.318008 0 0.515403 0 0
0.0389585 0 0.0997377 0 0
0.00905433 0 0.0274347 0 0
16.8537 0 8.89908 0 0
3.18166 0 3.55431 0 0
0.366767 0 0.593622 0 0
0.0433085 0 0.11055 0 0
0.00915668 0 0.0285438 0 0
16.9735 0 9.17505 0 0
3.53477 0 3.95076 0 0
0.421104 0 0.680694 0 0
0.0480524 0 0.122209 0 0
0.00933771 0 0.0299866 0 0
16.9392 0 9.37266 0 0
3.89784 0 4.35588 0 0
0.481312 0 0.77712 0 0
0.0532351 0 0.134793 0 0
0.00961896 0 0.0318131 0 0
16.7692 0 9.49299 0 0
4.26739 0 4.76543 0 0
0.547629 0 0.883336 0 0
0.0589071 0 0.148398 0 0
0.0100168 0 0.0340577 0 0
16.483 0 9.53915 0 0
4.6397 0 5.175 0 0
0.620233 0 0.9997 0 0
0.0651244 0 0.163142 0 0
0.0105421 0 0.0367392 0 0
16.1005 0 9.516 0 0
5.01087 0 5.5801 0 0
0.699236 0 1.12648 0 0
0.0719481 0 0.179163 0 0
0.0112001 0 0.039861 0 0
15.6406 0 9.42964 0 0
5.37696 0 5.97628 0 0
0.784676 0 1.26383 0 0
0.0794447 0 0.196624 0 0
0.0119911 0 0.0434129 0 0
15.1213 0 9.28707 0 0
5.73404 0 6.35925 0 0
0.876515 0 1.41183 0 0
0.0876853 0 0.215713 0 0
0.0129107 0 0.0473727 0 0
14.5583 0 9.0958 0 0
6.07829 0 6.72495 0 0
0.974637 0 1.5704 0 0
0.0967453 0 0.236638 0 0
0.0139516 0 0.0517095 0 0
13.9659 0 8.86348 0 0
6.40608 0 7.06965 0 0
1.07885 0 1.73939 0 0
0.106703 0 0.259625 0 0
0.0151041 0 0.056387 0 0
13.3559 0 8.59768 0 0
6.71407 0 7.39003 0 0
1.18888 0 1.91851 0 0
0.117641 0 0.284909 0 0
0.0163577 0 0.0613674 0 0
12.7385 0 8.30561 0 0
6.99926 0 7.68323 0 0
1.3044 0 2.10737 0 0
0.12964 0 0.312731 0 0
0.0177024 0 0.0666145 0 0
12.1218 0 7.99398 0 0
7.25903 0 7.94691 0 0
1.425 0 2.30548 0 0
0.142783 0 0.343323 0 0
0.01913 0 0.072098 0 0
11.5127 0 7.66888 0 0
7.49122 0 8.17924 0 0
1.55022 0 2.51223 0 0
0.157149 0 0.376911 0 0
0.0206348 0 0.0777959 0 0
10.9162 0 7.3357 0 0
7.69414 0 8.37893 0 0
1.67953 0 2.72693 0 0
0.172817 0 0.4137 0 0
0.0222148 0 0.0836972 0 0
10.3364 0 6.99915 0 0
7.86655 0 8.54522 0 0
1.81238 0 2.94877 0 0
0.189857 0 0.453877 0 0
0.0238719 0 0.0898032 0 0
9.77609 0 6.66322 0 0
8.00774 0 8.67783 0 0
1.94815 0 3.17689 0 0
0.208337 0 0.497601 0 0
0.0256121 0 0.0961281 0 0
9.23746 0 6.33121 0 0
8.11743 0 8.77699 0 0
2.08621 0 3.41032 0 0
0.228315 0 0.545011 0 0
0.0274453 0 0.102699 0 0
8.72179 0 6.00583 0 0
8.1958 0 8.84331 0 0
2.22587 0 3.648 0 0
0.249844 0 0.596225 0 0
0.0293847 0 0.109555 0 0
8.2299 0 5.6892 0 0
8.24343 0 8.87781 0 0
2.36645 0 3.88882 0 0
0.272969 0 0.651338 0 0
0.0314468 0 0.116747 0 0
7.76207 0 5.38296 0 0
8.26128 0 8.88183 0 0
2.50723 0 4.13161 0 0
0.297725 0 0.710435 0 0
0.0336501 0 0.124331 0 0
7.31828 0 5.0883 0 0
8.25062 0 8.85697 0 0
2.64748 0 4.37512 0 0
0.324141 0 0.773587 0 0
0.0360147 0 0.132376 0 0
6.89821 0 4.80605 0 0
8.213 0 8.80505 0 0
2.78648 0 4.61807 0 0
0.352238 0 0.840862 0 0
0.0385615 0 0.14095 0 0
6.50136 0 4.53672 0 0
8.15018 0 8.72806 0 0
2.92348 0 4.85918 0 0
0.382032 0 0.912324 0 0
0.0413119 0 0.150129 0 0
6.12706 0 4.28055 0 0
8.06408 0 8.62808 0 0
3.05778 0 5.09711 0 0
0.41353 0 0.988036 0 0
0.044287 0 0.159988 0 0
5.77456 0 4.03761 0 0
7.95676 0 8.50728 0 0
3.18867 0 5.33057 0 0
0.446734 0 1.06806 0 0
0.0475071 0 0.170603 0 0
5.443 0 3.80776 0 0
7.83032 0 8.36782 0 0
3.31547 0 5.55825 0 0
0.481644 0 1.15246 0 0
0.0509916 0 0.182048 0 0
5.13147 0 3.59076 0 0
7.68693 0 8.21189 0 0
3.43753 0 5.77889 0 0
0.51825 0 1.2413 0 0
0.0547586 0 0.194395 0 0
4.83903 0 3.38627 0 0
7.52869 0 8.04161 0 0
3.55424 0 5.99131 0 0
0.556539 0 1.33463 0 0
0.0588246 0 0.207711 0 0
4.56471 0 3.19385 0 0
7.35771 0 7.85902 0 0
3.66503 0 6.19435 0 0
0.596494 0 1.4325 0 0
0.0632046 0 0.222061 0 0
4.30757 0 3.01305 0 0
7.17601 0 7.66611 0 0
3.76938 0 6.38696 0 0
0.63809 0 1.53494 0 0
0.0679121 0 0.237504 0 0
4.06665 0 2.84335 0 0
6.98551 0 7.46473 0 0
3.86682 0 6.56816 0 0
0.681298 0 1.64197 0 0
0.0729587 0 0.254097 0 0
3.84104 0 2.68423 0 0
6.78802 0 7.25663 0 0
3.95694 0 6.73707 0 0
0.726079 0 1.75358 0 0
0.0783552 0 0.271891 0 0
3.62985 0 2.53515 0 0
6.58525 0 7.04345 0 0
4.03937 0 6.89293 0 0
0.77239 0 1.86974 0 0
0.0841115 0 0.290937 0 0
3.43223 0 2.39559 0 0
6.37875 0 6.82668 0 0
4.11382 0 7.03507 0 0
0.820176 0 1.99039 0 0
0.090237 0 0.311282 0 0
3.24736 0 2.26502 0 0
6.16995 0 6.6077 0 0
4.18004 0 7.16293 0 0
0.869376 0 2.11543 0 0
0.0967414 0 0.332974 0 0
3.07445 0 2.14291 0 0
5.96015 0 6.38776 0 0
4.23786 0 7.27609 0 0
0.919918 0 2.24473 0 0
0.103635 0 0.356062 0 0
2.91278 0 2.02877 0 0
5.7505 0 6.16798 0 0
4.28714 0 7.37421 0 0
0.971719 0 2.37811 0 0
0.110928 0 0.380596 0 0
2.76161 0 1.92211 0 0
5.54202 0 5.94936 0 0
4.32784 0 7.4571 0 0
1.02469 0 2.51538 0 0
0.118633 0 0.406632 0 0
2.62028 0 1.82246 0 0
5.33563 0 5.7328 0 0
4.35994 0 7.52465 0 0
1.07872 0 2.65628 0 0
0.126763 0 0.434226 0 0
2.48814 0 1.72939 0 0
5.13209 0 5.51906 0 0
4.38349 0 7.57688 0 0
1.1337 0 2.80052 0 0
0.135332 0 0.463441 0 0
2.36458 0 1.64247 0 0
4.93208 0 5.30884 0 0
4.39858 0 7.61389 0 0
1.18951 0 2.94779 0 0
0.144356 0 0.494344 0 0
2.24904 0 1.56129 0 0
4.73616 0 5.1027 0 0
4.40537 0 7.63591 0 0
1.24601 0 3.09773 0 0
0.15385 0 0.527005 0 0
2.14097 0 1.48548 0 0
4.54482 0 4.90114 0 0
4.40404 0 7.64324 0 0
1.30306 0 3.24993 0 0
0.163832 0 0.561501 0 0
2.03989 0 1.41468 0 0
4.35843 0 4.70456 0 0
4.39483 0 7.63625 0 0
1.3605 0 3.40397 0 0
0.17432 0 0.597911 0 0
1.94532 0 1.34855 0 0
4.1773 0 4.51331 0 0
4.37801 0 7.61541 0 0
1.41818 0 3.55939 0 0
0.18533 0 0.636319 0 0
1.85682 0 1.28679 0 0
4.00167 0 4.32763 0 0
4.35389 0 7.58125 0 0
1.47593 0 3.71571 0 0
0.196882 0 0.67681 0 0
1.77397 0 1.22908 0 0
3.8317 0 4.14773 0 0
4.3228 0 7.53436 0 0
1.53356 0 3.87242 0 0
0.208993 0 0.719471 0 0
1.69639 0 1.17517 0 0
3.66753 0 3.97377 0 0
4.2851 0 7.47537 0 0
1.59091 0 4.029 0 0
0.221681 0 0.764388 0 0
1.62369 0 1.12478 0 0
3.50922 0 3.80582 0 0
4.24117 0 7.40497 0 0
1.64778 0 4.1849 0 0
0.234964 0 0.811646 0 0
1.55553 0 1.07767 0 0
3.35679 0 3.64395 0 0
4.19141 0 7.32387 0 0
1.704 0 4.33956 0 0
0.24886 0 0.861329 0 0
1.49161 0 1.03362 0 0
3.21025 0 3.48817 0 0
4.13624 0 7.23281 0 0
1.75936 0 4.49243 0 0
0.263385 0 0.913516 0 0
1.43162 0 0.992422 0 0
3.06953 0 3.33845 0 0
4.07608 0 7.13256 0 0
1.8137 0 4.64293 0 0
0.278556 0 0.968278 0 0
1.37531 0 0.953865 0 0
2.93458 0 3.19475 0 0
4.01135 0 7.02389 0 0
1.8668 0 4.79051 0 0
0.294386 0 1.02568 0 0
1.32245 0 0.917766 0 0
2.80531 0 3.05697 0 0
3.94249 0 6.90757 0 0
1.9185 0 4.9346 0 0
0.31089 0 1.08579 0 0
1.27279 0 0.883951 0 0
2.68159 0 2.92504 0 0
3.86991 0 6.78438 0 0
1.9686 0 5.07467 0 0
0.32808 0 1.14864 0 0
1.22612 0 0.852258 0 0
2.56331 0 2.79882 0 0
3.79405 0 6.65509 0 0
2.01694 0 5.21016 0 0
0.345965 0 1.21428 0 0
1.18222 0 0.822533 0 0
2.45032 0 2.67818 0 0
3.71531 0 6.52044 0 0
2.06334 0 5.34057 0 0
0.364553 0 1.28273 0 0
1.1409 0 0.794636 0 0
2.34248 0 2.56299 0 0
3.6341 0 6.38118 0 0
2.10763 0 5.46539 0 0
0.383848 0 1.354 0 0
1.10195 0 0.768434 0 0
2.23962 0 2.45307 0 0
3.5508 0 6.238 0 0
2.14967 0 5.58417 0 0
0.403853 0 1.42811 0 0
1.06522 0 0.743808 0 0
2.14158 0 2.34828 0 0
3.4658 0 6.0916 0 0
2.18931 0 5.69645 0 0
0.424565 0 1.50502 0 0
1.03056 0 0.720644 0 0
2.0482 0 2.24844 0 0
3.37946 0 5.94263 0 0
2.2264 0 5.80183 0 0
0.445979 0 1.58473 0 0
0.997847 0 0.698837 0 0
1.95929 0 2.15338 0 0
3.29211 0 5.79171 0 0
2.26084 0 5.89993 0 0
0.468086 0 1.66717 0 0
0.966941 0 0.678292 0 0
1.8747 0 2.06292 0 0
3.20408 0 5.63943 0 0
2.29251 0 5.99041 0 0
0.490873 0 1.7523 0 0
0.937721 0 0.658919 0 0
1.79425 0 1.97689 0 0
3.11569 0 5.48634 0 0
2.3213 0 6.07298 0 0
0.51432 0 1.84004 0 0
0.910069 0 0.640636 0 0
1.71777 0 1.8951 0 0
3.02721 0 5.33297 0 0
2.34715 0 6.14738 0 0
0.538408 0 1.9303 0 0
0.883871 0 0.623363 0 0
1.64508 0 1.81738 0 0
2.93893 0 5.17979 0 0
2.36997 0 6.21338 0 0
0.563109 0 2.02297 0 0
0.859026 0 0.607031 0 0
1.57603 0 1.74356 0 0
2.85108 0 5.02724 0 0
2.3897 0 6.27084 0 0
0.588395 0 2.11794 0 0
0.835442 0 0.591572 0 0
1.51046 0 1.67346 0 0
2.76389 0 4.87575 0 0
2.40632 0 6.31961 0 0
0.614231 0 2.21507 0 0
0.813034 0 0.576925 0 0
1.44819 0 1.6069 0 0
2.67758 0 4.72567 0 0
2.4198 0 6.35962 0 0
0.640581 0 2.31421 0 0
0.791725 0 0.563033 0 0
1.38908 0 1.54374 0 0
2.59234 0 4.57737 0 0
2.43011 0 6.39084 0 0
0.667403 0 2.4152 0 0
0.771445 0 0.549843 0 0
1.33297 0 1.48379 0 0
2.50833 0 4.43112 0 0
2.43727 0 6.41327 0 0
0.694655 0 2.51785 0 0
0.752125 0 0.537307 0 0
1.27972 0 1.42691 0 0
2.42571 0 4.28722 0 0
2.44129 0 6.42698 0 0
0.722287 0 2.62199 0 0
0.733706 0 0.52538 0 0
1.22919 0 1.37295 0 0
2.34462 0 4.14591 0 0
2.44221 0 6.43205 0 0
0.75025 0 2.7274 0 0
0.716129 0 0.514021 0 0
1.18124 0 1.32175 0 0
2.26517 0 4.00739 0 0
2.44007 0 6.42863 0 0
0.778489 0 2.83387 0 0
0.699343 0 0.503191 0 0
1.13574 0 1.27318 0 0
2.18747 0 3.87185 0 0
2.43492 0 6.41688 0 0
0.806946 0 2.94118 0 0
0.683298 0 0.492856 0 0
1.09257 0 1.22709 0 0
2.11159 0 3.73944 0 0
2.42684 0 6.39701 0 0
0.835561 0 3.04909 0 0
0.66795 0 0.482981 0 0
1.0516 0 1.18336 0 0
2.03761 0 3.61029 0 0
2.41592 0 6.36927 0 0
0.86427 0 3.15736 0 0
0.653261 0 0.473537 0 0
1.01271 0 1.14185 0 0
1.96558 0 3.48451 0 0
2.40223 0 6.33392 0 0
0.893005 0 3.26573 0 0
0.639197 0 0.464494 0 0
0.975805 0 1.10246 0 0
1.89554 0 3.36216 0 0
2.38589 0 6.29126 0 0
0.921698 0 3.37395 0 0
0.625731 0 0.455827 0 0
0.940767 0 1.06505 0 0
1.82754 0 3.24331 0 0
2.36701 0 6.24162 0 0
0.950278 0 3.48174 0 0
0.612834 0 0.447512 0 0
0.9075 0 1.02952 0 0
1.76157 0 3.128 0 0
2.3457 0 6.18532 0 0
0.978672 0 3.58884 0 0
0.600475 0 0.439528 0 0
0.875905 0 0.995774 0 0
1.69766 0 3.01625 0 0
2.32209 0 6.12274 0 0
1.00681 0 3.69496 0 0
0.588616 0 0.431856 0 0
0.845893 0 0.963705 0 0
1.63581 0 2.90806 0 0
2.29631 0 6.05424 0 0
1.03461 0 3.79984 0 0
0.577217 0 0.424477 0 0
0.817374 0 0.933223 0 0
1.576 0 2.80341 0 0
2.2685 0 5.98021 0 0
1.062 0 3.90318 0 0
0.566235 0 0.417377 0 0
0.790268 0 0.904239 0 0
1.51822 0 2.70229 0 0
2.23879 0 5.90104 0 0
1.08891 0 4.00471 0 0
0.555634 0 0.41054 0 0
0.764495 0 0.876671 0 0
1.46246 0 2.60466 0 0
2.20732 0 5.81714 0 0
1.11526 0 4.10415 0 0
0.545391 0 0.403953 0 0
0.739981 0 0.850439 0 0
1.40867 0 2.51048 0 0
2.17424 0 5.7289 0 0
1.14098 0 4.20121 0 0
0.535495 0 0.397603 0 0
0.716656 0 0.825468 0 0
1.35684 0 2.4197 0 0
2.13969 0 5.63673 0 0
1.16599 0 4.29563 0 0
0.525939 0 0.391477 0 0
0.694453 0 0.801688 0 0
1.30693 0 2.33225 0 0
2.10381 0 5.54102 0 0
1.19022 0 4.38713 0 0
0.516719 0 0.385562 0 0
0.67331 0 0.779028 0 0
1.25889 0 2.24808 0 0
2.06674 0 5.44218 0 0
1.2136 0 4.47545 0 0
0.507825 0 0.379845 0 0
0.653166 0 0.757426 0 0
1.21269 0 2.1671 0 0
2.02863 0 5.34058 0 0
1.23607 0 4.56035 0 0
0.499234 0 0.374315 0 0
0.633966 0 0.73682 0 0
1.16828 0 2.08925 0 0
1.98961 0 5.23662 0 0
1.25755 0 4.64157 0 0
0.490918 0 0.36896 0 0
0.615657 0 0.717153 0 0
1.12561 0 2.01444 0 0
1.9498 0 5.13064 0 0
1.27798 0 4.71889 0 0
0.482847 0 0.363769 0 0
0.598189 0 0.69837 0 0
1.08463 0 1.94259 0 0
1.90935 0 5.02301 0 0
1.2973 0 4.79209 0 0
0.474995 0 0.358732 0 0
0.581515 0 0.680423 0 0
1.0453 0 1.87362 0 0
1.86838 0 4.91406 0 0
1.31546 0 4.86097 0 0
0.467349 0 0.353837 0 0
0.565592 0 0.663264 0 0
1.00755 0 1.80743 0 0
1.827 0 4.80412 0 0
1.33241 0 4.92533 0 0
0.459905 0 0.349078 0 0
0.550379 0 0.646851 0 0
0.971349 0 1.74393 0 0
1.78533 0 4.6935 0 0
1.34809 0 4.98501 0 0
0.452669 0 0.344446 0 0
0.535836 0 0.631145 0 0
0.936634 0 1.68304 0 0
1.74349 0 4.58249 0 0
1.36247 0 5.03985 0 0
0.445647 0 0.339935 0 0
0.521927 0 0.616108 0 0
0.903356 0 1.62465 0 0
1.70156 0 4.47137 0 0
1.3755 0 5.08971 0 0
0.438843 0 0.335539 0 0
0.508618 0 0.601707 0 0
0.871461 0 1.56869 0 0
1.65966 0 4.36039 0 0
1.38716 0 5.13447 0 0
0.43225 0 0.331254 0 0
0.495876 0 0.58791 0 0
0.840901 0 1.51506 0 0
1.61787 0 4.2498 0 0
1.39743 0 5.17405 0 0
0.425855 0 0.327075 0 0
0.483672 0 0.574686 0 0
0.811623 0 1.46367 0 0
1.57627 0 4.13983 0 0
1.40627 0 5.20836 0 0
0.419633 0 0.323 0 0
0.471976 0 0.562006 0 0
0.783579 0 1.41443 0 0
1.53496 0 4.03067 0 0
1.41367 0 5.23734 0 0
0.413559 0 0.319025 0 0
0.460762 0 0.549843 0 0
0.75672 0 1.36726 0 0
1.49399 0 3.92253 0 0
1.41964 0 5.26097 0 0
0.40761 0 0.315145 0 0
0.450006 0 0.53817 0 0
0.730997 0 1.32207 0 0
1.45344 0 3.81558 0 0
1.42416 0 5.27922 0 0
0.401774 0 0.311359 0 0
0.439682 0 0.526962 0 0
0.706365 0 1.27879 0 0
1.41337 0 3.70997 0 0
1.42724 0 5.2921 0 0
0.396046 0 0.307662 0 0
0.42977 0 0.516193 0 0
0.682779 0 1.23734 0 0
1.37383 0 3.60585 0 0
1.42889 0 5.29964 0 0
0.390429 0 0.30405 0 0
0.420248 0 0.505841 0 0
0.660194 0 1.19763 0 0
1.33488 0 3.50334 0 0
1.42911 0 5.30188 0 0
0.384929 0 0.300518 0 0
0.411096 0 0.495884 0 0
0.638569 0 1.15959 0 0
1.29655 0 3.40257 0 0
1.42794 0 5.29888 0 0
0.379545 0 0.297062 0 0
0.402296 0 0.486303 0 0
0.617862 0 1.12315 0 0
1.25889 0 3.30362 0 0
1.42538 0 5.29074 0 0
0.374271 0 0.293678 0 0
0.393831 0 0.477079 0 0
0.598032 0 1.08825 0 0
1.22194 0 3.2066 0 0
1.42146 0 5.27756 0 0
0.3691 0 0.290361 0 0
0.385683 0 0.468195 0 0
0.579043 0 1.05481 0 0
1.18571 0 3.11156 0 0
1.41623 0 5.25944 0 0
0.364026 0 0.287107 0 0
0.377837 0 0.459637 0 0
0.560856 0 1.02278 0 0
1.15025 0 3.01857 0 0
1.40971 0 5.23652 0 0
0.359052 0 0.283913 0 0
0.370278 0 0.45139 0 0
0.543437 0 0.992081 0 0
1.11556 0 2.92769 0 0
1.40194 0 5.20896 0 0
0.354184 0 0.280775 0 0
0.362993 0 0.443442 0 0
0.526751 0 0.962665 0 0
1.08166 0 2.83896 0 0
1.39296 0 5.17691 0 0
0.34943 0 0.27769 0 0
0.355968 0 0.43578 0 0
0.510765 0 0.934472 0 0
1.04858 0 2.7524 0 0
1.38284 0 5.14055 0 0
0.344791 0 0.274655 0 0
0.349191 0 0.428393 0 0
0.495447 0 0.907449 0 0
1.01631 0 2.66803 0 0
1.3716 0 5.10005 0 0
0.340261 0 0.271666 0 0
0.342651 0 0.421269 0 0
0.480769 0 0.881543 0 0
0.984871 0 2.58587 0 0
1.35931 0 5.05561 0 0
0.335831 0 0.268722 0 0
0.336336 0 0.414395 0 0
0.466699 0 0.856704 0 0
0.954256 0 2.50592 0 0
1.34602 0 5.00743 0 0
0.331486 0 0.26582 0 0
0.330235 0 0.40776 0 0
0.453212 0 0.832885 0 0
0.924469 0 2.42818 0 0
1.33178 0 4.95572 0 0
0.327212 0 0.262957 0 0
0.32434 0 0.401353 0 0
0.440278 0 0.810041 0 0
0.895509 0 2.35264 0 0
1.31666 0 4.90068 0 0
0 0 0 0 0
0.318639 0 0.39516 0 0
0.427875 0 0.788127 0 0
0.86737 0 2.27929 0 0
1.30071 0 4.84254 0 0
0 0 0 0 0
0.313125 0 0.389172 0 0
0.415976 0 0.767102 0 0
0.840047 0 2.2081 0 0
1.28398 0 4.7815 0 0
0 0 0 0 0
0.307788 0 0.383376 0 0
0.404558 0 0.746927 0 0
0.813532 0 2.13904 0 0
1.26655 0 4.71779 0 0
0 0 0 0 0
0.30262 0 0.37776 0 0
0.393598 0 0.727563 0 0
0.787817 0 2.07211 0 0
1.24847 0 4.65162 0 0
0 0 0 0 0
0.297613 0 0.372315 0 0
0.383074 0 0.708974 0 0
0.762891 0 2.00725 0 0
1.22979 0 4.58321 0 0
0 0 0 0 0
0.29276 0 0.36703 0 0
0.372966 0 0.691124 0 0
0.738741 0 1.94444 0 0
1.21057 0 4.51278 0 0
0 0 0 0 0
0.288052 0 0.361896 0 0
0.363253 0 0.673981 0 0
0.715356 0 1.88364 0 0
1.19088 0 4.44054 0 0
0 0 0 0 0
0.283484 0 0.356902 0 0
0.353917 0 0.657511 0 0
0.692721 0 1.82482 0 0
1.17077 0 4.36669 0 0
0 0 0 0 0
0.279049 0 0.352042 0 0
0.344939 0 0.641684 0 0
0.670822 0 1.76793 0 0
1.15029 0 4.29145 0 0
0 0 0 0 0
0.27474 0 0.347308 0 0
0.336304 0 0.62647 0 0
0.649644 0 1.71294 0 0
1.12949 0 4.215 0 0
0 0 0 0 0
0.270551 0 0.342694 0 0
0.327997 0 0.611842 0 0
0.629172 0 1.65979 0 0
1.10844 0 4.13754 0 0
0 0 0 0 0
0.266478 0 0.338194 0 0
0.320003 0 0.597773 0 0
0.609388 0 1.60845 0 0
1.08717 0 4.05926 0 0
0 0 0 0 0
0.262515 0 0.333804 0 0
0.312309 0 0.584238 0 0
0.590277 0 1.55887 0 0
1.06573 0 3.98034 0 0
0 0 0 0 0
0.258657 0 0.32952 0 0
0.304906 0 0.571214 0 0
0.57182 0 1.511 0 0
1.04418 0 3.90094 0 0
0 0 0 0 0
0.254899 0 0.325339 0 0
0.29778 0 0.558679 0 0
0.554001 0 1.4648 0 0
1.02255 0 3.82123 0 0
0 0 0 0 0
0.251237 0 0.321256 0 0
0.290923 0 0.546614 0 0
0.536803 0 1.42022 0 0
1.00089 0 3.74136 0 0
0 0 0 0 0
0.247667 0 0.31727 0 0
0.284323 0 0.534998 0 0
0.520206 0 1.37721 0 0
0.979233 0 3.66149 0 0
0 0 0 0 0
0.244184 0 0.313376 0 0
0.277971 0 0.523814 0 0
0.504194 0 1.33572 0 0
0.957618 0 3.58174 0 0
0 0 0 0 0
0.240784 0 0.309572 0 0
0.271857 0 0.513045 0 0
0.488748 0 1.29571 0 0
0.936081 0 3.50226 0 0
0 0 0 0 0
0.237463 0 0.305852 0 0
0.26597 0 0.502675 0 0
0.473852 0 1.25714 0 0
0.914654 0 3.42314 0 0
0 0 0 0 0
0.234218 0 0.302214 0 0
0.2603 0 0.492686 0 0
0.459487 0 1.21995 0 0
0.893367 0 3.34452 0 0
0 0 0 0 0
0.231044 0 0.298652 0 0
0.254838 0 0.483062 0 0
0.445636 0 1.1841 0 0
0.872249 0 3.26649 0 0
0 0 0 0 0
0.227939 0 0.295164 0 0
0.249573 0 0.473788 0 0
0.432282 0 1.14954 0 0
0.851326 0 3.18916 0 0
0 0 0 0 0
0.2249 0 0.291744 0 0
0.244495 0 0.464848 0 0
0.419408 0 1.11623 0 0
0.830621 0 3.1126 0 0
0 0 0 0 0
0.221924 0 0.28839 0 0
0.239595 0 0.456226 0 0
0.406998 0 1.08414 0 0
0.810156 0 3.0369 0 0
0 0 0 0 0
0.219009 0 0.285097 0 0
0.234864 0 0.447906 0 0
0.395034 0 1.05321 0 0
0.789952 0 2.96213 0 0
0 0 0 0 0
0.216151 0 0.281864 0 0
0.230294 0 0.439875 0 0
0.383502 0 1.0234 0 0
0.770026 0 2.88838 0 0
0 0 0 0 0
0.213351 0 0.278686 0 0
0.225876 0 0.432118 0 0
0.372386 0 0.994676 0 0
0.750395 0 2.81569 0 0
0 0 0 0 0
0.210606 0 0.275563 0 0
0.221602 0 0.42462 0 0
0.36167 0 0.966998 0 0
0.731073 0 2.74412 0 0
0 0 0 0 0
0.207914 0 0.27249 0 0
0.217464 0 0.41737 0 0
0.35134 0 0.940325 0 0
0.712072 0 2.67372 0 0
0 0 0 0 0
0.205274 0 0.269467 0 0
0.213455 0 0.410355 0 0
0.341381 0 0.914621 0 0
0.693403 0 2.60454 0 0
0 0 0 0 0
0.202685 0 0.266491 0 0
0.209569 0 0.403561 0 0
0.33178 0 0.88985 0 0
0.675077 0 2.53662 0 0
0 0 0 0 0
0.200145 0 0.26356 0 0
0.205799 0 0.39698 0 0
0.322523 0 0.865976 0 0
0.657101 0 2.46998 0 0
0 0 0 0 0
0.197652 0 0.260671 0 0
0.202139 0 0.390598 0 0
0.313597 0 0.842965 0 0
0.639481 0 2.40465 0 0
0 0 0 0 0
0.195207 0 0.257823 0 0
0.198587 0 0.384405 0 0
0.304989 0 0.820784 0 0
0.622223 0 2.34065 0 0
0 0 0 0 0
0.192805 0 0.255013 0 0
0.195137 0 0.378394 0 0
0.296688 0 0.799401 0 0
0.605332 0 2.278 0 0
0 0 0 0 0
0.190447 0 0.252239 0 0
0.191787 0 0.372554 0 0
0.288682 0 0.778785 0 0
0.58881 0 2.21672 0 0
0 0 0 0 0
0.18813 0 0.249501 0 0
0.188534 0 0.36688 0 0
0.280958 0 0.758906 0 0
0.572659 0 2.15681 0 0
0 0 0 0 0
0.185853 0 0.246795 0 0
0.185375 0 0.361363 0 0
0.273508 0 0.739735 0 0
0.55688 0 2.09827 0 0
0 0 0 0 0
0.183613 0 0.244122 0 0
0.18231 0 0.355998 0 0
0.266319 0 0.721244 0 0
0.541474 0 2.04112 0 0
0 0 0 0 0
0.181409 0 0.241481 0 0
0.179335 0 0.350781 0 0
0.259382 0 0.703407 0 0
0.526438 0 1.98534 0 0
0 0 0 0 0
0.17924 0 0.238872 0 0
0.176448 0 0.345707 0 0
0.252687 0 0.686197 0 0
0.511773 0 1.93093 0 0
0 0 0 0 0
0.177103 0 0.236296 0 0
0.173646 0 0.340771 0 0
0.246225 0 0.669589 0 0
0.497476 0 1.87789 0 0
0 0 0 0 0
0.174997 0 0.233754 0 0
0.170926 0 0.335969 0 0
0.239987 0 0.65356 0 0
0.483544 0 1.8262 0 0
0 0 0 0 0
0.172921 0 0.231248 0 0
0.168285 0 0.331297 0 0
0.233965 0 0.638085 0 0
0.469972 0 1.77586 0 0
0 0 0 0 0
0.170873 0 0.228777 0 0
0.165718 0 0.32675 0 0
0.228149 0 0.623144 0 0
0.456759 0 1.72685 0 0
0 0 0 0 0
0.168851 0 0.226343 0 0
0.163223 0 0.322323 0 0
0.222534 0 0.608713 0 0
0.443898 0 1.67915 0 0
0 0 0 0 0
0.166854 0 0.223947 0 0
0.160795 0 0.318011 0 0
0.21711 0 0.594772 0 0
0.431386 0 1.63274 0 0
0 0 0 0 0
0.164881 0 0.221587 0 0
0.15843 0 0.313809 0 0
0.21187 0 0.5813 0 0
0.419217 0 1.58762 0 0
0 0 0 0 0
0.16293 0 0.219264 0 0
0.156126 0 0.309711 0 0
0.206809 0 0.568279 0 0
0.407385 0 1.54375 0 0
0 0 0 0 0
0 0 0 0 0
0.15388 0 0.305713 0 0
0.201918 0 0.555689 0 0
0.395885 0 1.50112 0 0
0 0 0 0 0
0 0 0 0 0
0.151689 0 0.30181 0 0
0.197192 0 0.543512 0 0
0.384712 0 1.4597 0 0
0 0 0 0 0
0 0 0 0 0
0.14955 0 0.297997 0 0
0.192625 0 0.531732 0 0
0.373857 0 1.41948 0 0
0 0 0 0 0
0 0 0 0 0
0.147461 0 0.29427 0 0
0.18821 0 0.520331 0 0
0.363317 0 1.38043 0 0
0 0 0 0 0
0 0 0 0 0
0.14542 0 0.290625 0 0
0.183943 0 0.509295 0 0
0.353083 0 1.34252 0 0
0 0 0 0 0
0 0 0 0 0
0.143425 0 0.287058 0 0
0.179817 0 0.498611 0 0
0.34315 0 1.30573 0 0
0 0 0 0 0
0 0 0 0 0
0.141474 0 0.283567 0 0
0.175828 0 0.488265 0 0
0.33351 0 1.27003 0 0
0 0 0 0 0
0 0 0 0 0
0.139565 0 0.280148 0 0
0.17197 0 0.478246 0 0
0.324158 0 1.23541 0 0
0 0 0 0 0
0 0 0 0 0
0.137698 0 0.276798 0 0
0.168239 0 0.468544 0 0
0.315087 0 1.20183 0 0
0 0 0 0 0
0 0 0 0 0
0.13587 0 0.273515 0 0
0.164631 0 0.459148 0 0
0.306289 0 1.16927 0 0
0 0 0 0 0
0 0 0 0 0
0.134079 0 0.270297 0 0
0.16114 0 0.45005 0 0
0.297759 0 1.13771 0 0
0 0 0 0 0
0 0 0 0 0
0.132324 0 0.26714 0 0
0.157763 0 0.441239 0 0
0.289488 0 1.10711 0 0
0 0 0 0 0
0 0 0 0 0
0.130603 0 0.264042 0 0
0.154495 0 0.432706 0 0
0.281472 0 1.07746 0 0
0 0 0 0 0
0 0 0 0 0
0.128914 0 0.261002 0 0
0.151333 0 0.424443 0 0
0.273703 0 1.04873 0 0
0 0 0 0 0
0 0 0 0 0
0.127255 0 0.258016 0 0
0.148273 0 0.416439 0 0
0.266175 0 1.02089 0 0
0 0 0 0 0
0 0 0 0 0
0.125624 0 0.255084 0 0
0.145311 0 0.408685 0 0
0.258881 0 0.993918 0 0
0 0 0 0 0
0 0 0 0 0
0.12402 0 0.252202 0 0
0.142443 0 0.401171 0 0
0.251816 0 0.967791 0 0
0 0 0 0 0
0 0 0 0 0
0.12244 0 0.249369 0 0
0.139666 0 0.393888 0 0
0.244972 0 0.942483 0 0
0 0 0 0 0
0 0 0 0 0
0.120883 0 0.246582 0 0
0.136977 0 0.386827 0 0
0.238343 0 0.917971 0 0
0 0 0 0 0
0 0 0 0 0
0.119349 0 0.243839 0 0
0.134372 0 0.379979 0 0
0.231924 0 0.89423 0 0
0 0 0 0 0
0 0 0 0 0
0.117838 0 0.241137 0 0
0.131849 0 0.373336 0 0
0.225708 0 0.871239 0 0
0 0 0 0 0
0 0 0 0 0
0.116349 0 0.238474 0 0
0.129403 0 0.366889 0 0
0.21969 0 0.848972 0 0
0 0 0 0 0
0 0 0 0 0
0.114883 0 0.235848 0 0
0.127032 0 0.360632 0 0
0.213863 0 0.827409 0 0
0 0 0 0 0
0 0 0 0 0
0.113443 0 0.233257 0 0
0.124734 0 0.354556 0 0
0.208223 0 0.806527 0 0
0 0 0 0 0
0 0 0 0 0
0.112028 0 0.230699 0 0
0.122504 0 0.348656 0 0
0.202762 0 0.786304 0 0
0 0 0 0 0
0 0 0 0 0
0.110641 0 0.228173 0 0
0.120341 0 0.342925 0 0
0.197477 0 0.76672 0 0
0 0 0 0 0
0 0 0 0 0
0.109282 0 0.225679 0 0
0.118242 0 0.337356 0 0
0.192361 0 0.747753 0 0
0 0 0 0 0
0 0 0 0 0
0.107952 0 0.223216 0 0
0.116203 0 0.331944 0 0
0.18741 0 0.729383 0 0
0 0 0 0 0
0 0 0 0 0
0.106652 0 0.220785 0 0
0.114223 0 0.326684 0 0
0.182617 0 0.711592 0 0
0 0 0 0 0
0 0 0 0 0
0.105381 0 0.218387 0 0
0.112297 0 0.32157 0 0
0.177979 0 0.694359 0 0
0 0 0 0 0
0 0 0 0 0
0.104138 0 0.216023 0 0
0.110425 0 0.316597 0 0
0.17349 0 0.677666 0 0
0 0 0 0 0
0 0 0 0 0
0.102922 0 0.213695 0 0
0.108603 0 0.31176 0 0
0.169145 0 0.661495 0 0
0 0 0 0 0
0 0 0 0 0
0.101732 0 0.211403 0 0
0.106829 0 0.307055 0 0
0.16494 0 0.645829 0 0
0 0 0 0 0
0 0 0 0 0
0.100566 0 0.209147 0 0
0.105101 0 0.302476 0 0
0.160871 0 0.630651 0 0
0 0 0 0 0
0 0 0 0 0
0.0994222 0 0.206929 0 0
0.103417 0 0.298021 0 0
0.156932 0 0.615943 0 0
0 0 0 0 0
0 0 0 0 0
0.0983001 0 0.204747 0 0
0.101776 0 0.293684 0 0
0.153119 0 0.601691 0 0
0 0 0 0 0
0 0 0 0 0
0.0971983 0 0.2026 0 0
0.100176 0 0.289461 0 0
0.149429 0 0.587879 0 0
0 0 0 0 0
0 0 0 0 0
0.0961155 0 0.200487 0 0
0.0986154 0 0.285349 0 0
0.145857 0 0.574492 0 0
0 0 0 0 0
0 0 0 0 0
0.095051 0 0.198407 0 0
0.0970941 0 0.281345 0 0
0.142399 0 0.561516 0 0
0 0 0 0 0
0 0 0 0 0
0.0940039 0 0.196358 0 0
0.095611 0 0.277444 0 0
0.139052 0 0.548937 0 0
0 0 0 0 0
0 0 0 0 0
0.0929736 0 0.194339 0 0
0.0941655 0 0.273643 0 0
0.135811 0 0.536741 0 0
0 0 0 0 0
0 0 0 0 0
0.0919595 0 0.192348 0 0
0.092757 0 0.269939 0 0
0.132674 0 0.524916 0 0
0 0 0 0 0
0 0 0 0 0
0.090961 0 0.190383 0 0
0.0913851 0 0.266329 0 0
0.129636 0 0.51345 0 0
0 0 0 0 0
0 0 0 0 0
0.0899775 0 0.188444 0 0
0.0900493 0 0.262809 0 0
0.126694 0 0.502331 0 0
0 0 0 0 0
0 0 0 0 0
0.0890086 0 0.18653 0 0
0.088749 0 0.259377 0 0
0.123845 0 0.491546 0 0
0 0 0 0 0
0 0 0 0 0
0.0880538 0 0.18464 0 0
0.0874836 0 0.256029 0 0
0.121085 0 0.481086 0 0
0 0 0 0 0
0 0 0 0 0
0.0871125 0 0.182773 0 0
0.0862523 0 0.252763 0 0
0.118412 0 0.470939 0 0
0 0 0 0 0
0 0 0 0 0
0.0861844 0 0.180927 0 0
0.0850543 0 0.249576 0 0
0.115823 0 0.461096 0 0
0 0 0 0 0
0 0 0 0 0
0.0852688 0 0.179104 0 0
0.0838885 0 0.246464 0 0
0.113314 0 0.451546 0 0
0 0 0 0 0
0 0 0 0 0
0.0843655 0 0.177301 0 0
0.0827539 0 0.243425 0 0
0.110883 0 0.442279 0 0
0 0 0 0 0
0 0 0 0 0
0 0 0 0 0
0.0816491 0 0.240456 0 0
0.108527 0 0.433288 0 0
0 0 0 0 0
0 0 0 0 0
0 0 0 0 0
0.0805731 0 0.237554 0 0
0.106243 0 0.424562 0 0
0 0 0 0 0
0 0 0 0 0
0 0 0 0 0
0.0795244 0 0.234714 0 0
0.10403 0 0.416094 0 0
0 0 0 0 0
0 0 0 0 0
0 0 0 0 0
0.0785019 0 0.231935 0 0
0.101884 0 0.407875 0 0
0 0 0 0 0
0 0 0 0 0
0 0 0 0 0
0.0775043 0 0.229213 0 0
0.0998026 0 0.399898 0 0
0 0 0 0 0
0 0 0 0 0
0 0 0 0 0
0.0765303 0 0.226544 0 0
0.0977846 0 0.392155 0 0
0 0 0 0 0
0 0 0 0 0
0 0 0 0 0
0.075579 0 0.223925 0 0
0.0958274 0 0.384638 0 0
0 0 0 0 0
0 0 0 0 0
0 0 0 0 0
0.0746493 0 0.221354 0 0
0.0939289 0 0.377342 0 0
0 0 0 0 0
0 0 0 0 0
0 0 0 0 0
0.0737401 0 0.218828 0 0
0.0920871 0 0.370258 0 0
0 0 0 0 0
0 0 0 0 0
0 0 0 0 0
0.0728506 0 0.216347 0 0
0.0903001 0 0.363381 0 0
0 0 0 0 0
0 0 0 0 0
0 0 0 0 0
0.0719799 0 0.213908 0 0
0.0885661 0 0.356705 0 0
0 0 0 0 0
0 0 0 0 0
0 0 0 0 0
0.0711273 0 0.211511 0 0
0.0868832 0 0.350223 0 0
0 0 0 0 0
0 0 0 0 0
0 0 0 0 0
0.070292 0 0.209157 0 0
0.0852499 0 0.34393 0 0
0 0 0 0 0
0 0 0 0 0
0 0 0 0 0
0.0694734 0 0.206846 0 0
0.0836645 0 0.33782 0 0
0 0 0 0 0
0 0 0 0 0
0 0 0 0 0
0.0686709 0 0.204578 0 0
0.0821254 0 0.331889 0 0
0 0 0 0 0
0 0 0 0 0
0 0 0 0 0
0.0678838 0 0.202352 0 0
0.0806313 0 0.32613 0 0
0 0 0 0 0
0 0 0 0 0
0 0 0 0 0
0.0671116 0 0.20017 0 0
0.0791805 0 0.320538 0 0
0 0 0 0 0
0 0 0 0 0
0 0 0 0 0
0.0663538 0 0.198029 0 0
0.0777719 0 0.31511 0 0
0 0 0 0 0
0 0 0 0 0
0 0 0 0 0
0.0656098 0 0.195929 0 0
0.0764039 0 0.30984 0 0
0 0 0 0 0
0 0 0 0 0
0 0 0 0 0
0.0648793 0 0.193869 0 0
0.0750754 0 0.304723 0 0
0 0 0 0 0
0 0 0 0 0
0 0 0 0 0
0.0641617 0 0.191846 0 0
0.073785 0 0.299754 0 0
0 0 0 0 0
0 0 0 0 0
0 0 0 0 0
0.0634566 0 0.189859 0 0
0.0725316 0 0.29493 0 0
0 0 0 0 0
0 0 0 0 0
0 0 0 0 0
0.0627637 0 0.187904 0 0
0.0713138 0 0.290245 0 0
0 0 0 0 0
0 0 0 0 0
0 0 0 0 0
0.0620824 0 0.185981 0 0
0.0701306 0 0.285695 0 0
0 0 0 0 0
0 0 0 0 0
0 0 0 0 0
0.0614125 0 0.184087 0 0
0.0689806 0 0.281275 0 0
0 0 0 0 0
0 0 0 0 0
0 0 0 0 0
0.0607536 0 0.182221 0 0
0.0678629 0 0.276979 0 0
0 0 0 0 0
0 0 0 0 0
0 0 0 0 0
0.0601053 0 0.180381 0 0
0.0667762 0 0.272804 0 0
0 0 0 0 0
0 0 0 0 0
0 0 0 0 0
0.0594673 0 0.178565 0 0
0.0657195 0 0.268742 0 0
0 0 0 0 0
0 0 0 0 0
0 0 0 0 0
0.0588393 0 0.176773 0 0
0.0646916 0 0.264791 0 0
0 0 0 0 0
0 0 0 0 0
0 0 0 0 0
0.0582211 0 0.175003 0 0
0.0636915 0 0.260943 0 0
0 0 0 0 0
0 0 0 0 0
0 0 0 0 0
0.0576122 0 0.173254 0 0
0.0627181 0 0.257194 0 0
0 0 0 0 0
0 0 0 0 0
0 0 0 0 0
0.0570125 0 0.171527 0 0
0.0617703 0 0.25354 0 0
0 0 0 0 0
0 0 0 0 0
0 0 0 0 0
0.0564218 0 0.169819 0 0
0.0608471 0 0.249976 0 0
0 0 0 0 0
0 0 0 0 0
0 0 0 0 0
0.0558396 0 0.16813 0 0
0.0599476 0 0.246498 0 0
0 0 0 0 0
0 0 0 0 0
0 0 0 0 0
0.0552659 0 0.16646 0 0
0.0590707 0 0.243104 0 0
0 0 0 0 0
0 0 0 0 0
0 0 0 0 0
0.0547003 0 0.164807 0 0
0.0582156 0 0.23979 0 0
0 0 0 0 0
0 0 0 0 0
0 0 0 0 0
0.0541428 0 0.163172 0 0
0.0573812 0 0.236556 0 0
0 0 0 0 0
0 0 0 0 0
0 0 0 0 0
0.0535929 0 0.161553 0 0
0.0565668 0 0.233399 0 0
0 0 0 0 0
0 0 0 0 0
0 0 0 0 0
0.0530506 0 0.159951 0 0
0.0557716 0 0.230319 0 0
0 0 0 0 0
0 0 0 0 0
0 0 0 0 0
0.0525157 0 0.158364 0 0
0.0549947 0 0.227312 0 0
0 0 0 0 0
0 0 0 0 0
0 0 0 0 0
0.0519879 0 0.156793 0 0
0.0542355 0 0.224379 0 0
0 0 0 0 0
0 0 0 0 0
0 0 0 0 0
0.0514671 0 0.155237 0 0
0.0534933 0 0.221516 0 0
0 0 0 0 0
0 0 0 0 0
0 0 0 0 0
0.0509531 0 0.153695 0 0
0.0527675 0 0.218722 0 0
0 0 0 0 0
0 0 0 0 0
0 0 0 0 0
0.0504457 0 0.152167 0 0
0.0520575 0 0.215993 0 0
0 0 0 0 0
0 0 0 0 0
0 0 0 0 0
0.0499447 0 0.150653 0 0
0.051363 0 0.213327 0 0
0 0 0 0 0
0 0 0 0 0
0 0 0 0 0
0.0494501 0 0.149153 0 0
0.0506834 0 0.210721 0 0
0 0 0 0 0
0 0 0 0 0
0 0 0 0 0
0.0489616 0 0.147666 0 0
0.0500185 0 0.208173 0 0
0 0 0 0 0
0 0 0 0 0
0 0 0 0 0
0.0484791 0 0.146193 0 0
0.0493678 0 0.205679 0 0
0 0 0 0 0
0 0 0 0 0
0 0 0 0 0
0.0480024 0 0.144732 0 0
0.0487311 0 0.203238 0 0
0 0 0 0 0
0 0 0 0 0
0 0 0 0 0
0.0475314 0 0.143284 0 0
0.0481082 0 0.200848 0 0
0 0 0 0 0
0 0 0 0 0
0 0 0 0 0
0 0 0 0 0
0.0474989 0 0.198506 0 0
0 0 0 0 0
0 0 0 0 0
0 0 0 0 0
0 0 0 0 0
0.0469031 0 0.196212 0 0
0 0 0 0 0
0 0 0 0 0
0 0 0 0 0
0 0 0 0 0
0.0463205 0 0.193965 0 0
0 0 0 0 0
0 0 0 0 0
0 0 0 0 0
0 0 0 0 0
0.0457511 0 0.191762 0 0
0 0 0 0 0
0 0 0 0 0
0 0 0 0 0
0 0 0 0 0
0.0451948 0 0.189604 0 0
0 0 0 0 0
0 0 0 0 0
0 0 0 0 0
0 0 0 0 0
0.0446513 0 0.18749 0 0
0 0 0 0 0
0 0 0 0 0
0 0 0 0 0
0 0 0 0 0
0.0441205 0 0.185418 0 0
0 0 0 0 0
0 0 0 0 0
0 0 0 0 0
0 0 0 0 0
0.0436023 0 0.183387 0 0
0 0 0 0 0
0 0 0 0 0
0 0 0 0 0
0 0 0 0 0
0.0430965 0 0.181397 0 0
0 0 0 0 0
0 0 0 0 0
0 0 0 0 0
0 0 0 0 0
0.0426028 0 0.179447 0 0
0 0 0 0 0
0 0 0 0 0
0 0 0 0 0
0 0 0 0 0
0.0421209 0 0.177535 0 0
0 0 0 0 0
0 0 0 0 0
0 0 0 0 0
0 0 0 0 0
0.0416506 0 0.175659 0 0
0 0 0 0 0
0 0 0 0 0
0 0 0 0 0
0 0 0 0 0
0.0411915 0 0.173819 0 0
0 0 0 0 0
0 0 0 0 0
0 0 0 0 0
0 0 0 0 0
0.0407432 0 0.172012 0 0
0 0 0 0 0
0 0 0 0 0
0 0 0 0 0
0 0 0 0 0
0.0403051 0 0.170237 0 0
0 0 0 0 0
0 0 0 0 0
0 0 0 0 0
0 0 0 0 0
0.0398769 0 0.168491 0 0
0 0 0 0 0
0 0 0 0 0
0 0 0 0 0
0 0 0 0 0
0.0394581 0 0.166773 0 0
0 0 0 0 0
0 0 0 0 0
0 0 0 0 0
0 0 0 0 0
0.0390479 0 0.165081 0 0
0 0 0 0 0
0 0 0 0 0
0 0 0 0 0
0 0 0 0 0
0.0386459 0 0.163411 0 0
0 0 0 0 0
0 0 0 0 0
0 0 0 0 0
0 0 0 0 0
0.0382515 0 0.161761 0 0
0 0 0 0 0
0 0 0 0 0
0 0 0 0 0
0 0 0 0 0
0.0378639 0 0.160129 0 0
0 0 0 0 0
0 0 0 0 0
0 0 0 0 0
0 0 0 0 0
0.0374827 0 0.158513 0 0
0 0 0 0 0
0 0 0 0 0
0 0 0 0 0
0 0 0 0 0
0.037107 0 0.156909 0 0
0 0 0 0 0
0 0 0 0 0
0 0 0 0 0
0 0 0 0 0
0.0367364 0 0.155317 0 0
0 0 0 0 0
0 0 0 0 0
0 0 0 0 0
0 0 0 0 0
0.0363702 0 0.153732 0 0
0 0 0 0 0
0 0 0 0 0
0 0 0 0 0
0 0 0 0 0
0.0360079 0 0.152155 0 0
0 0 0 0 0
0 0 0 0 0
0 0 0 0 0
0 0 0 0 0
0.035649 0 0.150582 0 0
0 0 0 0 0
0 0 0 0 0
0 0 0 0 0
0 0 0 0 0
0.0352929 0 0.149012 0 0
0 0 0 0 0
0 0 0 0 0
0 0 0 0 0
0 0 0 0 0
0.0349394 0 0.147443 0 0
0 0 0 0 0
0 0 0 0 0
0 0 0 0 0
0 0 0 0 0
0.0345879 0 0.145876 0 0
0 0 0 0 0
0 0 0 0 0
0 0 0 0 0
0 0 0 0 0
0.0342384 0 0.144308 0 0
0 0 0 0 0
0 0 0 0 0
0 0 0 0 0
0 0 0 0 0
0.0338905 0 0.14274 0 0
0 0 0 0 0
0 0 0 0 0
0 0 0 0 0
0 0 0 0 0
0.0335441 0 0.141172 0 0
0 0 0 0 0
0 0 0 0 0
0 0 0 0 0
0 0 0 0 0
0.0331993 0 0.139604 0 0
0 0 0 0 0
0 0 0 0 0
0 0 0 0 0
0 0 0 0 0
0.0328561 0 0.138036 0 0
0 0 0 0 0
0 0 0 0 0
0 0 0 0 0
0 0 0 0 0
0.0325145 0 0.13647 0 0
0 0 0 0 0
0 0 0 0 0
0 0 0 0 0
0 0 0 0 0
0.0321748 0 0.134907 0 0
0 0 0 0 0
0 0 0 0 0
0 0 0 0 0
0 0 0 0 0
0.0318372 0 0.133349 0 0
0 0 0 0 0
0 0 0 0 0
0 0 0 0 0
0 0 0 0 0
0.0315021 0 0.131798 0 0
0 0 0 0 0
0 0 0 0 0
0 0 0 0 0
0 0 0 0 0
0.0311697 0 0.130255 0 0
0 0 0 0 0
0 0 0 0 0
0 0 0 0 0
0 0 0 0 0
0.0308405 0 0.128723 0 0
0 0 0 0 0
0 0 0 0 0
0 0 0 0 0
0 0 0 0 0
0.0305148 0 0.127205 0 0
0 0 0 0 0
0 0 0 0 0
0 0 0 0 0
0 0 0 0 0
0.0301932 0 0.125702 0 0
0 0 0 0 0
0 0 0 0 0
0 0 0 0 0
0 0 0 0 0
0.0298761 0 0.124218 0 0
0 0 0 0 0
0 0 0 0 0
0 0 0 0 0
0 0 0 0 0
0.029564 0 0.122755 0 0
0 0 0 0 0
0 0 0 0 0
0 0 0 0 0
0 0 0 0 0
0.0292571 0 0.121316 0 0
0 0 0 0 0
0 0 0 0 0
0 0 0 0 0
0 0 0 0 0
0.0289561 0 0.119903 0 0
0 0 0 0 0
0 0 0 0 0
0 0 0 0 0
0 0 0 0 0
0.0286611 0 0.118518 0 0
0 0 0 0 0
0 0 0 0 0
0 0 0 0 0
0 0 0 0 0
0.0283726 0 0.117163 0 0
0 0 0 0 0
0 0 0 0 0
0 0 0 0 0
0 0 0 0 0
0.0280909 0 0.115841 0 0
0 0 0 0 0
0 0 0 0 0
0 0 0 0 0
0 0 0 0 0
0 0 0 0 0
0 0 0 0 0
0 0 0 0 0
0 0 0 0 0
0 0 0 0 0
0 0 0 0 0
0 0 0 0 0
0 0 0 0 0
0 0 0 0 0
0 0 0 0 0
0 0 0 0 0
0 0 0 0 0
0 0 0 0 0
0 0 0 0 0
0 0 0 0 0
0 0 0 0 0
0 0 0 0 0
0 0 0 0 0
0 0 0 0 0
0 0 0 0 0
0 0 0 0 0
0 0 0 0 0
0 0 0 0 0
0 0 0 0 0
0 0 0 0 0
0 0 0 0 0
0 0 0 0 0
0 0 0 0 0
0 0 0 0 0
0 0 0 0 0
0 0 0 0 0
0 0 0 0 0
0 0 0 0 0
0 0 0 0 0
0 0 0 0 0
0 0 0 0 0
0 0 0 0 0
0 0 0 0 0
0 0 0 0 0
0 0 0 0 0
0 0 0 0 0
0 0 0 0 0
0 0 0 0 0
0 0 0 0 0
0 0 0 0 0
0 0 0 0 0
0 0 0 0 0
0 0 0 0 0
0 0 0 0 0
0 0 0 0 0
0 0 0 0 0
0 0 0 0 0
0 0 0 0 0
0 0 0 0 0
0 0 0 0 0
0 0 0 0 0
0 0 0 0 0
0 0 0 0 0
0 0 0 0 0
0 0 0 0 0
0 0 0 0 0
0 0 0 0 0
0 0 0 0 0
0 0 0 0 0
0 0 0 0 0
0 0 0 0 0
0 0 0 0 0
0 0 0 0 0
0 0 0 0 0
0 0 0 0 0
0 0 0 0 0
0 0 0 0 0
0 0 0 0 0
0 0 0 0 0
0 0 0 0 0
0 0 0 0 0
0 0 0 0 0
0 0 0 0 0
0 0 0 0 0
0 0 0 0 0
0 0 0 0 0
0 0 0 0 0
0 0 0 0 0
0 0 0 0 0
0 0 0 0 0
0 0 0 0 0
0 0 0 0 0
0 0 0 0 0
0 0 0 0 0
0 0 0 0 0
0 0 0 0 0
0 0 0 0 0
0 0 0 0 0
0 0 0 0 0
0 0 0 0 0
0 0 0 0 0
0 0 0 0 0
0 0 0 0 0
0 0 0 0 0
0 0 0 0 0
0 0 0 0 0
0 0 0 0 0
0 0 0 0 0
0 0 0 0 0
0 0 0 0 0
0 0 0 0 0
0 0 0 0 0
0 0 0 0 0
0 0 0 0 0
0 0 0 0 0
0 0 0 0 0
0 0 0 0 0
0 0 0 0 0
0 0 0 0 0
0 0 0 0 0
0 0 0 0 0
0 0 0 0 0
0 0 0 0 0
0 0 0 0 0
0 0 0 0 0
0 0 0 0 0
0 0 0 0 0
0 0 0 0 0
0 0 0 0 0
0 0 0 0 0
0 0 0 0 0
0 0 0 0 0
0 0 0 0 0
0 0 0 0 0
0 0 0 0 0
0 0 0 0 0
0 0 0 0 0
0 0 0 0 0
0 0 0 0 0
0 0 0 0 0
0 0 0 0 0
0 0 0 0 0
0 0 0 0 0
0 0 0 0 0
0 0 0 0 0
0 0 0 0 0
0 0 0 0 0
0 0 0 0 0
0 0 0 0 0
0 0 0 0 0
0 0 0 0 0
0 0 0 0 0
0 0 0 0 0
0 0 0 0 0
0 0 0 0 0
0 0 0 0 0
0 0 0 0 0
0 0 0 0 0
0 0 0 0 0
0 0 0 0 0
0 0 0 0 0
0 0 0 0 0
0 0 0 0 0
0 0 0 0 0
0 0 0 0 0
0 0 0 0 0
0 0 0 0 0
0 0 0 0 0
0 0 0 0 0
0 0 0 0 0
0 0 0 0 0
0 0 0 0 0
0 0 0 0 0
0 0 0 0 0
0 0 0 0 0
0 0 0 0 0
0 0 0 0 0
0 0 0 0 0
0 0 0 0 0
0 0 0 0 0
0 0 0 0 0
0 0 0 0 0
0 0 0 0 0
0 0 0 0 0
0 0 0 0 0
0 0 0 0 0
0 0 0 0 0
0 0 0 0 0
0 0 0 0 0
0 0 0 0 0
0 0 0 0 0
0 0 0 0 0
0 0 0 0 0
0 0 0 0 0
0 0 0 0 0
0 0 0 0 0
0 0 0 0 0
0 0 0 0 0
0 0 0 0 0
0 0 0 0 0
0 0 0 0 0
0 0 0 0 0
0 0 0 0 0
0 0 0 0 0
0 0 0 0 0
0 0 0 0 0
0 0 0 0 0
0 0 0 0 0
0 0 0 0 0
0 0 0 0 0
0 0 0 0 0
0 0 0 0 0
0 0 0 0 0
0 0 0 0 0
0 0 0 0 0
0 0 0 0 0
0 0 0 0 0
0 0 0 0 0
0 0 0 0 0
0 0 0 0 0
0 0 0 0 0
0 0 0 0 0
0 0 0 0 0
0 0 0 0 0
0 0 0 0 0
0 0 0 0 0
0 0 0 0 0
0 0 0 0 0
0 0 0 0 0
0 0 0 0 0
0 0 0 0 0
0 0 0 0 0
0 0 0 0 0
0 0 0 0 0
0 0 0 0 0
0 0 0 0 0
0 0 0 0 0
0 0 0 0 0
0 0 0 0 0
0 0 0 0 0
0 0 0 0 0
0 0 0 0 0
0 0 0 0 0
0 0 0 0 0
0 0 0 0 0
0 0 0 0 0
0 0 0 0 0
0 0 0 0 0
0 0 0 0 0
0 0 0 0 0
0 0 0 0 0
0 0 0 0 0
0 0 0 0 0
0 0 0 0 0
0 0 0 0 0
0 0 0 0 0
0 0 0 0 0
0 0 0 0 0
0 0 0 0 0
0 0 0 0 0
0 0 0 0 0
0 0 0 0 0
0 0 0 0 0
0 0 0 0 0
0 0 0 0 0
0 0 0 0 0
0 0 0 0 0
0 0 0 0 0
0 0 0 0 0
0 0 0 0 0
0 0 0 0 0
0 0 0 0 0
0 0 0 0 0
0 0 0 0 0
0 0 0 0 0
0 0 0 0 0
0 0 0 0 0
0 0 0 0 0
0 0 0 0 0
0 0 0 0 0
0 0 0 0 0
0 0 0 0 0
0 0 0 0 0
0 0 0 0 0
0 0 0 0 0
0 0 0 0 0
0 0 0 0 0
0 0 0 0 0
0 0 0 0 0
0 0 0 0 0
0 0 0 0 0
0 0 0 0 0
0 0 0 0 0
0 0 0 0 0
0 0 0 0 0
0 0 0 0 0
0 0 0 0 0
0 0 0 0 0
0 0 0 0 0
0 0 0 0 0
0 0 0 0 0
0 0 0 0 0
0 0 0 0 0
0 0 0 0 0
0 0 0 0 0
0 0 0 0 0
0 0 0 0 0
0 0 0 0 0
0 0 0 0 0
0 0 0 0 0
0 0 0 0 0
0 0 0 0 0
0 0 0 0 0
0 0 0 0 0
0 0 0 0 0
0 0 0 0 0
0 0 0 0 0
0 0 0 0 0
0 0 0 0 0
0 0 0 0 0
0 0 0 0 0
0 0 0 0 0
0 0 0 0 0
0 0 0 0 0
0 0 0 0 0
0 0 0 0 0
0 0 0 0 0
0 0 0 0 0
0 0 0 0 0
0 0 0 0 0
0 0 0 0 0
0 0 0 0 0
0 0 0 0 0
0 0 0 0 0
0 0 0 0 0
0 0 0 0 0
0 0 0 0 0
0 0 0 0 0
0 0 0 0 0
0 0 0 0 0
0 0 0 0 0
0 0 0 0 0
0 0 0 0 0
0 0 0 0 0
0 0 0 0 0
0 0 0 0 0
0 0 0 0 0
0 0 0 0 0
0 0 0 0 0
0 0 0 0 0
0 0 0 0 0
0 0 0 0 0
0 0 0 0 0
0 0 0 0 0
0 0 0 0 0
0 0 0 0 0
0 0 0 0 0
0 0 0 0 0
0 0 0 0 0
0 0 0 0 0
0 0 0 0 0
0 0 0 0 0
0 0 0 0 0
0 0 0 0 0
0 0 0 0 0
0 0 0 0 0
0 0 0 0 0
0 0 0 0 0
0 0 0 0 0
0 0 0 0 0
0 0 0 0 0
0 0 0 0 0
0 0 0 0 0
0 0 0 0 0
0 0 0 0 0
0 0 0 0 0
0 0 0 0 0
0 0 0 0 0
0 0 0 0 0
0 0 0 0 0
0 0 0 0 0
0 0 0 0 0
0 0 0 0 0
0 0 0 0 0
0 0 0 0 0
0 0 0 0 0
0 0 0 0 0
0 0 0 0 0
0 0 0 0 0
0 0 0 0 0
0 0 0 0 0
0 0 0 0 0
0 0 0 0 0
0 0 0 0 0
0 0 0 0 0
0 0 0 0 0
0 0 0 0 0
0 0 0 0 0
0 0 0 0 0
0 0 0 0 0
0 0 0 0 0
0 0 0 0 0
0 0 0 0 0
0 0 0 0 0
0 0 0 0 0
0 0 0 0 0
0 0 0 0 0
0 0 0 0 0
0 0 0 0 0
0 0 0 0 0
0 0 0 0 0
0 0 0 0 0
0 0 0 0 0
0 0 0 0 0
0 0 0 0 0
0 0 0 0 0
0 0 0 0 0
0 0 0 0 0
0 0 0 0 0
0 0 0 0 0
0 0 0 0 0
0 0 0 0 0
0 0 0 0 0
0 0 0 0 0
0 0 0 0 0
0 0 0 0 0
0 0 0 0 0
0 0 0 0 0
0 0 0 0 0
0 0 0 0 0
0 0 0 0 0
0 0 0 0 0
0 0 0 0 0
0 0 0 0 0
0 0 0 0 0
0 0 0 0 0
0 0 0 0 0
0 0 0 0 0
0 0 0 0 0
0 0 0 0 0
0 0 0 0 0
0 0 0 0 0
0 0 0 0 0
0 0 0 0 0
0 0 0 0 0
0 0 0 0 0
0 0 0 0 0
0 0 0 0 0
0 0 0 0 0
0 0 0 0 0
0 0 0 0 0
0 0 0 0 0
0 0 0 0 0
0 0 0 0 0
0 0 0 0 0
0 0 0 0 0
0 0 0 0 0
0 0 0 0 0
0 0 0 0 0
0 0 0 0 0
0 0 0 0 0
0 0 0 0 0
0 0 0 0 0
0 0 0 0 0
0 0 0 0 0
0 0 0 0 0
0 0 0 0 0
0 0 0 0 0
0 0 0 0 0
0 0 0 0 0
0 0 0 0 0
0 0 0 0 0
0 0 0 0 0
0 0 0 0 0
0 0 0 0 0
0 0 0 0 0
0 0 0 0 0
0 0 0 0 0
0 0 0 0 0
0 0 0 0 0
0 0 0 0 0
0 0 0 0 0
0 0 0 0 0
0 0 0 0 0
0 0 0 0 0
0 0 0 0 0
0 0 0 0 0
0 0 0 0 0
0 0 0 0 0
0 0 0 0 0
0 0 0 0 0
0 0 0 0 0
0 0 0 0 0
0 0 0 0 0
0 0 0 0 0
0 0 0 0 0
0 0 0 0 0
0 0 0 0 0
0 0 0 0 0
0 0 0 0 0
0 0 0 0 0
0 0 0 0 0
0 0 0 0 0
0 0 0 0 0
0 0 0 0 0
0 0 0 0 0
0 0 0 0 0
0 0 0 0 0
0 0 0 0 0
0 0 0 0 0
0 0 0 0 0
0 0 0 0 0
0 0 0 0 0
0 0 0 0 0
0 0 0 0 0
0 0 0 0 0
0 0 0 0 0
0 0 0 0 0
0 0 0 0 0
0 0 0 0 0
0 0 0 0 0
0 0 0 0 0
0 0 0 0 0
0 0 0 0 0
0 0 0 0 0
0 0 0 0 0
0 0 0 0 0
0 0 0 0 0
0 0 0 0 0
0 0 0 0 0
0 0 0 0 0
0 0 0 0 0
0 0 0 0 0
0 0 0 0 0
0 0 0 0 0
0 0 0 0 0
0 0 0 0 0
0 0 0 0 0
0 0 0 0 0
0 0 0 0 0
0 0 0 0 0
0 0 0 0 0
0 0 0 0 0
0 0 0 0 0
0 0 0 0 0
0 0 0 0 0
0 0 0 0 0
0 0 0 0 0
0 0 0 0 0
0 0 0 0 0
0 0 0 0 0
0 0 0 0 0
0 0 0 0 0
0 0 0 0 0
0 0 0 0 0
0 0 0 0 0
0 0 0 0 0
0 0 0 0 0
0 0 0 0 0
0 0 0 0 0
0 0 0 0 0
0 0 0 0 0
0 0 0 0 0
0 0 0 0 0
0 0 0 0 0
0 0 0 0 0
0 0 0 0 0
0 0 0 0 0
0 0 0 0 0
0 0 0 0 0
0 0 0 0 0
0 0 0 0 0
0 0 0 0 0
0 0 0 0 0
0 0 0 0 0
0 0 0 0 0
0 0 0 0 0
0 0 0 0 0
0 0 0 0 0
0 0 0 0 0
0 0 0 0 0
0 0 0 0 0
0 0 0 0 0
0 0 0 0 0
0 0 0 0 0
0 0 0 0 0
0 0 0 0 0
0 0 0 0 0
0 0 0 0 0
0 0 0 0 0
0 0 0 0 0
0 0 0 0 0
0 0 0 0 0
0 0 0 0 0
0 0 0 0 0
0 0 0 0 0
0 0 0 0 0
0 0 0 0 0
0 0 0 0 0
0 0 0 0 0
0 0 0 0 0
0 0 0 0 0
0 0 0 0 0
0 0 0 0 0
0 0 0 0 0
0 0 0 0 0
0 0 0 0 0
0 0 0 0 0
0 0 0 0 0
0 0 0 0 0
0 0 0 0 0
0 0 0 0 0
0 0 0 0 0
0 0 0 0 0
0 0 0 0 0
0 0 0 0 0
0 0 0 0 0
0 0 0 0 0
0 0 0 0 0
0 0 0 0 0
0 0 0 0 0
0 0 0 0 0
0 0 0 0 0
0 0 0 0 0
0 0 0 0 0
0 0 0 0 0
0 0 0 0 0
0 0 0 0 0
0 0 0 0 0
0 0 0 0 0
0 0 0 0 0
0 0 0 0 0
0 0 0 0 0
0 0 0 0 0
0 0 0 0 0
0 0 0 0 0
0 0 0 0 0
0 0 0 0 0
0 0 0 0 0
0 0 0 0 0
0 0 0 0 0
0 0 0 0 0
0 0 0 0 0
0 0 0 0 0
0 0 0 0 0
0 0 0 0 0
0 0 0 0 0
0 0 0 0 0
0 0 0 0 0
0 0 0 0 0
0 0 0 0 0
0 0 0 0 0
0 0 0 0 0
0 0 0 0 0
0 0 0 0 0
0 0 0 0 0
0 0 0 0 0
0 0 0 0 0
0 0 0 0 0
0 0 0 0 0
0 0 0 0 0
0 0 0 0 0
0 0 0 0 0
0 0 0 0 0
0 0 0 0 0
0 0 0 0 0
0 0 0 0 0
0 0 0 0 0
0 0 0 0 0
0 0 0 0 0
0 0 0 0 0
0 0 0 0 0
0 0 0 0 0
0 0 0 0 0
0 0 0 0 0
0 0 0 0 0
0 0 0 0 0
0 0 0 0 0
0 0 0 0 0
0 0 0 0 0
0 0 0 0 0
0 0 0 0 0
0 0 0 0 0
0 0 0 0 0
0 0 0 0 0
0 0 0 0 0
0 0 0 0 0
0 0 0 0 0
0 0 0 0 0
0 0 0 0 0
0 0 0 0 0
0 0 0 0 0
0 0 0 0 0
0 0 0 0 0
0 0 0 0 0
0 0 0 0 0
0 0 0 0 0
0 0 0 0 0
0 0 0 0 0
0 0 0 0 0
0 0 0 0 0
0 0 0 0 0
0 0 0 0 0
0 0 0 0 0
0 0 0 0 0
0 0 0 0 0
0 0 0 0 0
0 0 0 0 0
0 0 0 0 0
0 0 0 0 0
0 0 0 0 0
0 0 0 0 0
0 0 0 0 0
0 0 0 0 0
0 0 0 0 0
0 0 0 0 0
0 0 0 0 0
0 0 0 0 0
0 0 0 0 0
0 0 0 0 0
0 0 0 0 0
0 0 0 0 0
0 0 0 0 0
0 0 0 0 0
0 0 0 0 0
0 0 0 0 0
0 0 0 0 0
0 0 0 0 0
0 0 0 0 0
0 0 0 0 0
0 0 0 0 0
0 0 0 0 0
0 0 0 0 0
0 0 0 0 0
0 0 0 0 0
0 0 0 0 0
0 0 0 0 0
0 0 0 0 0
0 0 0 0 0
0 0 0 0 0
0 0 0 0 0
0 0 0 0 0
0 0 0 0 0
0 0 0 0 0
0 0 0 0 0
0 0 0 0 0
0 0 0 0 0
0 0 0 0 0
0 0 0 0 0
0 0 0 0 0
0 0 0 0 0
0 0 0 0 0
0 0 0 0 0
0 0 0 0 0
0 0 0 0 0
0 0 0 0 0
0 0 0 0 0
0 0 0 0 0
0 0 0 0 0
0 0 0 0 0
0 0 0 0 0
0 0 0 0 0
0 0 0 0 0
0 0 0 0 0
0 0 0 0 0
0 0 0 0 0
0 0 0 0 0
0 0 0 0 0
0 0 0 0 0
0 0 0 0 0
0 0 0 0 0
0 0 0 0 0
0 0 0 0 0
0 0 0 0 0
0 0 0 0 0
0 0 0 0 0
0 0 0 0 0
0 0 0 0 0
0 0 0 0 0
0 0 0 0 0
0 0 0 0 0
0 0 0 0 0
0 0 0 0 0
0 0 0 0 0
0 0 0 0 0
0 0 0 0 0
0 0 0 0 0
0 0 0 0 0
0 0 0 0 0
0 0 0 0 0
0 0 0 0 0
0 0 0 0 0
0 0 0 0 0
0 0 0 0 0
0 0 0 0 0
0 0 0 0 0
0 0 0 0 0
0 0 0 0 0
0 0 0 0 0
0 0 0 0 0
0 0 0 0 0
0 0 0 0 0
0 0 0 0 0
0 0 0 0 0
0 0 0 0 0
0 0 0 0 0
0 0 0 0 0
0 0 0 0 0
0 0 0 0 0
0 0 0 0 0
0 0 0 0 0
0 0 0 0 0
0 0 0 0 0
0 0 0 0 0
0 0 0 0 0
0 0 0 0 0
0 0 0 0 0
0 0 0 0 0
0 0 0 0 0
0 0 0 0 0
0 0 0 0 0
0 0 0 0 0
0 0 0 0 0
0 0 0 0 0
0 0 0 0 0
0 0 0 0 0
0 0 0 0 0
0 0 0 0 0
0 0 0 0 0
0 0 0 0 0
0 0 0 0 0
0 0 0 0 0
0 0 0 0 0
0 0 0 0 0
0 0 0 0 0
0 0 0 0 0
0 0 0 0 0
0 0 0 0 0
0 0 0 0 0
0 0 0 0 0
0 0 0 0 0
0 0 0 0 0
0 0 0 0 0
0 0 0 0 0
0 0 0 0 0
0 0 0 0 0
0 0 0 0 0
0 0 0 0 0
0 0 0 0 0
0 0 0 0 0
0 0 0 0 0
0 0 0 0 0
0 0 0 0 0
0 0 0 0 0
0 0 0 0 0
0 0 0 0 0
0 0 0 0 0
0 0 0 0 0
0 0 0 0 0
0 0 0 0 0
0 0 0 0 0
0 0 0 0 0
0 0 0 0 0
0 0 0 0 0
0 0 0 0 0
0 0 0 0 0
0 0 0 0 0
0 0 0 0 0
0 0 0 0 0
0 0 0 0 0
0 0 0 0 0
0 0 0 0 0
0 0 0 0 0
0 0 0 0 0
0 0 0 0 0
0 0 0 0 0
0 0 0 0 0
0 0 0 0 0
0 0 0 0 0
0 0 0 0 0
0 0 0 0 0
0 0 0 0 0
0 0 0 0 0
0 0 0 0 0
0 0 0 0 0
0 0 0 0 0
0 0 0 0 0
0 0 0 0 0
0 0 0 0 0
0 0 0 0 0
0 0 0 0 0
0 0 0 0 0
0 0 0 0 0
0 0 0 0 0
0 0 0 0 0
0 0 0 0 0
0 0 0 0 0
0 0 0 0 0
0 0 0 0 0
0 0 0 0 0
0 0 0 0 0
0 0 0 0 0
0 0 0 0 0
0 0 0 0 0
0 0 0 0 0
0 0 0 0 0
0 0 0 0 0
0 0 0 0 0
0 0 0 0 0
0 0 0 0 0
0 0 0 0 0
0 0 0 0 0
0 0 0 0 0
0 0 0 0 0
0 0 0 0 0
0 0 0 0 0
0 0 0 0 0
0 0 0 0 0
0 0 0 0 0
0 0 0 0 0
0 0 0 0 0
0 0 0 0 0
0 0 0 0 0
0 0 0 0 0
0 0 0 0 0
0 0 0 0 0
0 0 0 0 0
0 0 0 0 0
0 0 0 0 0
0 0 0 0 0
0 0 0 0 0
0 0 0 0 0
0 0 0 0 0
0 0 0 0 0
0 0 0 0 0
0 0 0 0 0
0 0 0 0 0
0 0 0 0 0
0 0 0 0 0
0 0 0 0 0
0 0 0 0 0
0 0 0 0 0
0 0 0 0 0
0 0 0 0 0
0 0 0 0 0
0 0 0 0 0
0 0 0 0 0
0 0 0 0 0
0 0 0 0 0
0 0 0 0 0
0 0 0 0 0
0 0 0 0 0
0 0 0 0 0
0 0 0 0 0
0 0 0 0 0
0 0 0 0 0
0 0 0 0 0
0 0 0 0 0
0 0 0 0 0
0 0 0 0 0
0 0 0 0 0
0 0 0 0 0
0 0 0 0 0
0 0 0 0 0
0 0 0 0 0
0 0 0 0 0
0 0 0 0 0
0 0 0 0 0
0 0 0 0 0
0 0 0 0 0
0 0 0 0 0
0 0 0 0 0
0 0 0 0 0
0 0 0 0 0
0 0 0 0 0
0 0 0 0 0
0 0 0 0 0
0 0 0 0 0
0 0 0 0 0
0 0 0 0 0
0 0 0 0 0
0 0 0 0 0
0 0 0 0 0
0 0 0 0 0
0 0 0 0 0
0 0 0 0 0
0 0 0 0 0
0 0 0 0 0
0 0 0 0 0
0 0 0 0 0
0 0 0 0 0
0 0 0 0 0
0 0 0 0 0
0 0 0 0 0
0 0 0 0 0
0 0 0 0 0
0 0 0 0 0
0 0 0 0 0
0 0 0 0 0
0 0 0 0 0
0 0 0 0 0
0 0 0 0 0
0 0 0 0 0
0 0 0 0 0
0 0 0 0 0
0 0 0 0 0
0 0 0 0 0
0 0 0 0 0
0 0 0 0 0
0 0 0 0 0
0 0 0 0 0
0 0 0 0 0
0 0 0 0 0
0 0 0 0 0
0 0 0 0 0
0 0 0 0 0
0 0 0 0 0
0 0 0 0 0
0 0 0 0 0
0 0 0 0 0
0 0 0 0 0
0 0 0 0 0
0 0 0 0 0
0 0 0 0 0
0 0 0 0 0
0 0 0 0 0
0 0 0 0 0
0 0 0 0 0
0 0 0 0 0
0 0 0 0 0
0 0 0 0 0
0 0 0 0 0
0 0 0 0 0
0 0 0 0 0
0 0 0 0 0
0 0 0 0 0
0 0 0 0 0
0 0 0 0 0
0 0 0 0 0
0 0 0 0 0
0 0 0 0 0
0 0 0 0 0
0 0 0 0 0
0 0 0 0 0
0 0 0 0 0
0 0 0 0 0
0 0 0 0 0
0 0 0 0 0
0 0 0 0 0
0 0 0 0 0
0 0 0 0 0
0 0 0 0 0
0 0 0 0 0
0 0 0 0 0
0 0 0 0 0
0 0 0 0 0
0 0 0 0 0
0 0 0 0 0
0 0 0 0 0
0 0 0 0 0
0 0 0 0 0
0 0 0 0 0
0 0 0 0 0
0 0 0 0 0
0 0 0 0 0
0 0 0 0 0
0 0 0 0 0
0 0 0 0 0
0 0 0 0 0
0 0 0 0 0
0 0 0 0 0
0 0 0 0 0
0 0 0 0 0
0 0 0 0 0
0 0 0 0 0
0 0 0 0 0
0 0 0 0 0
0 0 0 0 0
0 0 0 0 0
0 0 0 0 0
0 0 0 0 0
0 0 0 0 0
0 0 0 0 0
0 0 0 0 0
0 0 0 0 0
0 0 0 0 0
0 0 0 0 0
0 0 0 0 0
0 0 0 0 0
0 0 0 0 0
0 0 0 0 0
0 0 0 0 0
0 0 0 0 0
0 0 0 0 0
0 0 0 0 0
0 0 0 0 0
0 0 0 0 0
0 0 0 0 0
0 0 0 0 0
0 0 0 0 0
0 0 0 0 0
0 0 0 0 0
0 0 0 0 0
0 0 0 0 0
0 0 0 0 0
0 0 0 0 0
0 0 0 0 0
0 0 0 0 0
0 0 0 0 0
0 0 0 0 0
0 0 0 0 0
0 0 0 0 0
0 0 0 0 0
0 0 0 0 0
0 0 0 0 0
0 0 0 0 0
0 0 0 0 0
0 0 0 0 0
0 0 0 0 0
0 0 0 0 0
0 0 0 0 0
0 0 0 0 0
0 0 0 0 0
0 0 0 0 0
0 0 0 0 0
0 0 0 0 0
0 0 0 0 0
0 0 0 0 0
0 0 0 0 0
0 0 0 0 0
0 0 0 0 0
0 0 0 0 0
0 0 0 0 0
0 0 0 0 0
0 0 0 0 0
0 0 0 0 0
0 0 0 0 0
0 0 0 0 0
0 0 0 0 0
0 0 0 0 0
0 0 0 0 0
0 0 0 0 0
0 0 0 0 0
0 0 0 0 0
0 0 0 0 0
0 0 0 0 0
0 0 0 0 0
0 0 0 0 0
0 0 0 0 0
0 0 0 0 0
0 0 0 0 0
0 0 0 0 0
0 0 0 0 0
0 0 0 0 0
0 0 0 0 0
0 0 0 0 0
0 0 0 0 0
0 0 0 0 0
0 0 0 0 0
0 0 0 0 0
0 0 0 0 0
0 0 0 0 0
0 0 0 0 0
0 0 0 0 0
0 0 0 0 0
0 0 0 0 0
0 0 0 0 0
0 0 0 0 0
0 0 0 0 0
0 0 0 0 0
0 0 0 0 0
0 0 0 0 0
0 0 0 0 0
0 0 0 0 0
0 0 0 0 0
0 0 0 0 0
0 0 0 0 0
0 0 0 0 0
0 0 0 0 0
0 0 0 0 0
0 0 0 0 0
0 0 0 0 0
0 0 0 0 0
0 0 0 0 0
0 0 0 0 0
0 0 0 0 0
0 0 0 0 0
0 0 0 0 0
0 0 0 0 0
0 0 0 0 0
0 0 0 0 0
0 0 0 0 0
0 0 0 0 0
0 0 0 0 0
0 0 0 0 0
0 0 0 0 0
0 0 0 0 0
0 0 0 0 0
0 0 0 0 0
0 0 0 0 0
0 0 0 0 0
0 0 0 0 0
0 0 0 0 0
0 0 0 0 0
0 0 0 0 0
0 0 0 0 0
0 0 0 0 0
0 0 0 0 0
0 0 0 0 0
0 0 0 0 0
0 0 0 0 0
0 0 0 0 0
0 0 0 0 0
0 0 0 0 0
0 0 0 0 0
0 0 0 0 0
0 0 0 0 0
0 0 0 0 0
0 0 0 0 0
0 0 0 0 0
0 0 0 0 0
0 0 0 0 0
0 0 0 0 0
0 0 0 0 0
0 0 0 0 0
0 0 0 0 0
0 0 0 0 0
0 0 0 0 0
0 0 0 0 0
0 0 0 0 0
0 0 0 0 0
0 0 0 0 0
0 0 0 0 0
0 0 0 0 0
0 0 0 0 0
0 0 0 0 0
0 0 0 0 0
0 0 0 0 0
0 0 0 0 0
0 0 0 0 0
0 0 0 0 0
0 0 0 0 0
0 0 0 0 0
0 0 0 0 0
0 0 0 0 0
0 0 0 0 0
0 0 0 0 0
0 0 0 0 0
0 0 0 0 0
0 0 0 0 0
0 0 0 0 0
0 0 0 0 0
0 0 0 0 0
0 0 0 0 0
0 0 0 0 0
0 0 0 0 0
0 0 0 0 0
0 0 0 0 0
0 0 0 0 0
0 0 0 0 0
0 0 0 0 0
0 0 0 0 0
0 0 0 0 0
0 0 0 0 0
0 0 0 0 0
0 0 0 0 0
0 0 0 0 0
0 0 0 0 0
0 0 0 0 0
0 0 0 0 0
0 0 0 0 0
0 0 0 0 0
0 0 0 0 0
0 0 0 0 0
0 0 0 0 0
0 0 0 0 0
0 0 0 0 0
0 0 0 0 0
0 0 0 0 0
0 0 0 0 0
0 0 0 0 0
0 0 0 0 0
0 0 0 0 0
0 0 0 0 0
0 0 0 0 0
0 0 0 0 0
0 0 0 0 0
0 0 0 0 0
0 0 0 0 0
0 0 0 0 0
0 0 0 0 0
0 0 0 0 0
0 0 0 0 0
0 0 0 0 0
0 0 0 0 0
0 0 0 0 0
0 0 0 0 0
0 0 0 0 0
0 0 0 0 0
0 0 0 0 0
0 0 0 0 0
0 0 0 0 0
0 0 0 0 0
0 0 0 0 0
0 0 0 0 0
0 0 0 0 0
0 0 0 0 0
0 0 0 0 0
0 0 0 0 0
0 0 0 0 0
0 0 0 0 0
0 0 0 0 0
0 0 0 0 0
0 0 0 0 0
0 0 0 0 0
0 0 0 0 0
0 0 0 0 0
0 0 0 0 0
0 0 0 0 0
0 0 0 0 0
0 0 0 0 0
0 0 0 0 0
0 0 0 0 0
0 0 0 0 0
0 0 0 0 0
0 0 0 0 0
0 0 0 0 0
0 0 0 0 0
0 0 0 0 0
0 0 0 0 0
0 0 0 0 0
0 0 0 0 0
0 0 0 0 0
0 0 0 0 0
0 0 0 0 0
0 0 0 0 0
0 0 0 0 0
0 0 0 0 0
0 0 0 0 0
0 0 0 0 0
0 0 0 0 0
0 0 0 0 0
0 0 0 0 0
0 0 0 0 0
0 0 0 0 0
0 0 0 0 0
0 0 0 0 0
0 0 0 0 0
0 0 0 0 0
0 0 0 0 0
0 0 0 0 0
0 0 0 0 0
0 0 0 0 0
0 0 0 0 0
0 0 0 0 0
0 0 0 0 0
0 0 0 0 0
0 0 0 0 0
0 0 0 0 0
0 0 0 0 0
0 0 0 0 0
0 0 0 0 0
0 0 0 0 0
0 0 0 0 0
0 0 0 0 0
0 0 0 0 0
0 0 0 0 0
0 0 0 0 0
0 0 0 0 0
0 0 0 0 0
0 0 0 0 0
0 0 0 0 0
0 0 0 0 0
0 0 0 0 0
0 0 0 0 0
0 0 0 0 0
0 0 0 0 0
0 0 0 0 0
0 0 0 0 0
0 0 0 0 0
0 0 0 0 0
0 0 0 0 0
0 0 0 0 0
0 0 0 0 0
0 0 0 0 0
0 0 0 0 0
0 0 0 0 0
0 0 0 0 0
0 0 0 0 0
0 0 0 0 0
0 0 0 0 0
0 0 0 0 0
0 0 0 0 0
0 0 0 0 0
0 0 0 0 0
0 0 0 0 0
0 0 0 0 0
0 0 0 0 0
0 0 0 0 0
0 0 0 0 0
0 0 0 0 0
0 0 0 0 0
0 0 0 0 0
0 0 0 0 0
0 0 0 0 0
0 0 0 0 0
0 0 0 0 0
0 0 0 0 0
0 0 0 0 0
0 0 0 0 0
0 0 0 0 0
0 0 0 0 0
0 0 0 0 0
0 0 0 0 0
0 0 0 0 0
0 0 0 0 0
0 0 0 0 0
0 0 0 0 0
0 0 0 0 0
0 0 0 0 0
0 0 0 0 0
0 0 0 0 0
0 0 0 0 0
0 0 0 0 0
0 0 0 0 0
0 0 0 0 0
0 0 0 0 0
0 0 0 0 0
0 0 0 0 0
0 0 0 0 0
0 0 0 0 0
0 0 0 0 0
0 0 0 0 0
0 0 0 0 0
0 0 0 0 0
0 0 0 0 0
0 0 0 0 0
0 0 0 0 0
0 0 0 0 0
0 0 0 0 0
0 0 0 0 0
0 0 0 0 0
0 0 0 0 0
0 0 0 0 0
0 0 0 0 0
0 0 0 0 0
0 0 0 0 0
0 0 0 0 0
0 0 0 0 0
0 0 0 0 0
0 0 0 0 0
0 0 0 0 0
0 0 0 0 0
0 0 0 0 0
0 0 0 0 0
0 0 0 0 0
0 0 0 0 0
0 0 0 0 0
0 0 0 0 0
0 0 0 0 0
0 0 0 0 0
0 0 0 0 0
0 0 0 0 0
0 0 0 0 0
0 0 0 0 0
0 0 0 0 0
0 0 0 0 0
0 0 0 0 0
0 0 0 0 0
0 0 0 0 0
0 0 0 0 0
0 0 0 0 0
0 0 0 0 0
0 0 0 0 0
0 0 0 0 0
0 0 0 0 0
0 0 0 0 0
0 0 0 0 0
0 0 0 0 0
0 0 0 0 0
0 0 0 0 0
0 0 0 0 0
0 0 0 0 0
0 0 0 0 0
0 0 0 0 0
0 0 0 0 0
0 0 0 0 0
0 0 0 0 0
0 0 0 0 0
0 0 0 0 0
0 0 0 0 0
0 0 0 0 0
0 0 0 0 0
0 0 0 0 0
0 0 0 0 0
0 0 0 0 0
0 0 0 0 0
0 0 0 0 0
0 0 0 0 0
0 0 0 0 0
0 0 0 0 0
0 0 0 0 0
0 0 0 0 0
0 0 0 0 0
0 0 0 0 0
0 0 0 0 0
0 0 0 0 0
0 0 0 0 0
0 0 0 0 0
0 0 0 0 0
0 0 0 0 0
0 0 0 0 0
0 0 0 0 0
0 0 0 0 0
0 0 0 0 0
0 0 0 0 0
0 0 0 0 0
0 0 0 0 0
0 0 0 0 0
0 0 0 0 0
0 0 0 0 0
0 0 0 0 0
0 0 0 0 0
0 0 0 0 0
0 0 0 0 0
0 0 0 0 0
0 0 0 0 0
0 0 0 0 0
0 0 0 0 0
0 0 0 0 0
0 0 0 0 0
0 0 0 0 0
0 0 0 0 0
0 0 0 0 0
0 0 0 0 0
0 0 0 0 0
0 0 0 0 0
0 0 0 0 0
0 0 0 0 0
0 0 0 0 0
0 0 0 0 0
0 0 0 0 0
0 0 0 0 0
0 0 0 0 0
0 0 0 0 0
0 0 0 0 0
0 0 0 0 0
0 0 0 0 0
0 0 0 0 0
0 0 0 0 0
0 0 0 0 0
0 0 0 0 0
0 0 0 0 0
0 0 0 0 0
0 0 0 0 0
0 0 0 0 0
0 0 0 0 0
0 0 0 0 0
0 0 0 0 0
0 0 0 0 0
0 0 0 0 0
0 0 0 0 0
0 0 0 0 0
0 0 0 0 0
0 0 0 0 0
0 0 0 0 0
0 0 0 0 0
0 0 0 0 0
0 0 0 0 0
0 0 0 0 0
0 0 0 0 0
0 0 0 0 0
0 0 0 0 0
0 0 0 0 0
0 0 0 0 0
0 0 0 0 0
0 0 0 0 0
0 0 0 0 0
0 0 0 0 0
0 0 0 0 0
0 0 0 0 0
0 0 0 0 0
0 0 0 0 0
0 0 0 0 0
0 0 0 0 0
0 0 0 0 0
0 0 0 0 0
0 0 0 0 0
0 0 0 0 0
0 0 0 0 0
0 0 0 0 0
0 0 0 0 0
0 0 0 0 0
0 0 0 0 0
0 0 0 0 0
0 0 0 0 0
0 0 0 0 0
0 0 0 0 0
0 0 0 0 0
0 0 0 0 0
0 0 0 0 0
0 0 0 0 0
0 0 0 0 0
0 0 0 0 0
0 0 0 0 0
0 0 0 0 0
0 0 0 0 0
0 0 0 0 0
0 0 0 0 0
0 0 0 0 0
0 0 0 0 0
0 0 0 0 0
0 0 0 0 0
0 0 0 0 0
0 0 0 0 0
0 0 0 0 0
0 0 0 0 0
0 0 0 0 0
0 0 0 0 0
0 0 0 0 0
0 0 0 0 0
0 0 0 0 0
0 0 0 0 0
0 0 0 0 0
0 0 0 0 0
0 0 0 0 0
0 0 0 0 0
0 0 0 0 0
0 0 0 0 0
0 0 0 0 0
0 0 0 0 0
0 0 0 0 0
0 0 0 0 0
0 0 0 0 0
0 0 0 0 0
0 0 0 0 0
0 0 0 0 0
0 0 0 0 0
0 0 0 0 0
0 0 0 0 0
0 0 0 0 0
0 0 0 0 0
0 0 0 0 0
0 0 0 0 0
0 0 0 0 0
0 0 0 0 0
0 0 0 0 0
0 0 0 0 0
0 0 0 0 0
0 0 0 0 0
0 0 0 0 0
0 0 0 0 0
0 0 0 0 0
0 0 0 0 0
0 0 0 0 0
0 0 0 0 0
0 0 0 0 0
0 0 0 0 0
0 0 0 0 0
0 0 0 0 0
0 0 0 0 0
0 0 0 0 0
0 0 0 0 0
0 0 0 0 0
0 0 0 0 0
0 0 0 0 0
0 0 0 0 0
0 0 0 0 0
0 0 0 0 0
0 0 0 0 0
0 0 0 0 0
0 0 0 0 0
0 0 0 0 0
0 0 0 0 0
0 0 0 0 0
0 0 0 0 0
0 0 0 0 0
0 0 0 0 0
0 0 0 0 0
0 0 0 0 0
0 0 0 0 0
0 0 0 0 0
0 0 0 0 0
0 0 0 0 0
0 0 0 0 0
0 0 0 0 0
0 0 0 0 0
0 0 0 0 0
0 0 0 0 0
0 0 0 0 0
0 0 0 0 0
0 0 0 0 0
0 0 0 0 0
0 0 0 0 0
0 0 0 0 0
0 0 0 0 0
0 0 0 0 0
0 0 0 0 0
0 0 0 0 0
0 0 0 0 0
0 0 0 0 0
0 0 0 0 0
0 0 0 0 0
0 0 0 0 0
0 0 0 0 0
0 0 0 0 0
0 0 0 0 0
0 0 0 0 0
0 0 0 0 0
0 0 0 0 0
0 0 0 0 0
0 0 0 0 0
0 0 0 0 0
0 0 0 0 0
0 0 0 0 0
0 0 0 0 0
0 0 0 0 0
0 0 0 0 0
0 0 0 0 0
0 0 0 0 0
0 0 0 0 0
0 0 0 0 0
0 0 0 0 0
0 0 0 0 0
0 0 0 0 0
0 0 0 0 0
0 0 0 0 0
0 0 0 0 0
0 0 0 0 0
0 0 0 0 0
0 0 0 0 0
0 0 0 0 0
0 0 0 0 0
0 0 0 0 0
0 0 0 0 0
0 0 0 0 0
0 0 0 0 0
0 0 0 0 0
0 0 0 0 0
0 0 0 0 0
0 0 0 0 0
0 0 0 0 0
0 0 0 0 0
0 0 0 0 0
0 0 0 0 0
0 0 0 0 0
0 0 0 0 0
0 0 0 0 0
0 0 0 0 0
0 0 0 0 0
0 0 0 0 0
0 0 0 0 0
0 0 0 0 0
0 0 0 0 0
0 0 0 0 0
0 0 0 0 0
0 0 0 0 0
0 0 0 0 0
0 0 0 0 0
0 0 0 0 0
0 0 0 0 0
0 0 0 0 0
0 0 0 0 0
0 0 0 0 0
0 0 0 0 0
0 0 0 0 0
0 0 0 0 0
0 0 0 0 0
0 0 0 0 0
0 0 0 0 0
0 0 0 0 0
0 0 0 0 0
0 0 0 0 0
0 0 0 0 0
0 0 0 0 0
0 0 0 0 0
0 0 0 0 0
0 0 0 0 0
0 0 0 0 0
0 0 0 0 0
0 0 0 0 0
0 0 0 0 0
0 0 0 0 0
0 0 0 0 0
0 0 0 0 0
0 0 0 0 0
0 0 0 0 0
0 0 0 0 0
0 0 0 0 0
0 0 0 0 0
0 0 0 0 0
0 0 0 0 0
0 0 0 0 0
0 0 0 0 0
0 0 0 0 0
0 0 0 0 0
0 0 0 0 0
0 0 0 0 0
0 0 0 0 0
0 0 0 0 0
0 0 0 0 0
0 0 0 0 0
0 0 0 0 0
0 0 0 0 0
0 0 0 0 0
0 0 0 0 0
0 0 0 0 0
0 0 0 0 0
0 0 0 0 0
0 0 0 0 0
0 0 0 0 0
0 0 0 0 0
0 0 0 0 0
0 0 0 0 0
0 0 0 0 0
0 0 0 0 0
0 0 0 0 0
0 0 0 0 0
0 0 0 0 0
0 0 0 0 0
0 0 0 0 0
0 0 0 0 0
0 0 0 0 0
0 0 0 0 0
0 0 0 0 0
0 0 0 0 0
0 0 0 0 0
0 0 0 0 0
0 0 0 0 0
0 0 0 0 0
0 0 0 0 0
0 0 0 0 0
0 0 0 0 0
0 0 0 0 0
0 0 0 0 0
0 0 0 0 0
0 0 0 0 0
0 0 0 0 0
0 0 0 0 0
0 0 0 0 0
0 0 0 0 0
0 0 0 0 0
0 0 0 0 0
0 0 0 0 0
0 0 0 0 0
0 0 0 0 0
0 0 0 0 0
0 0 0 0 0
0 0 0 0 0
0 0 0 0 0
0 0 0 0 0
0 0 0 0 0
0 0 0 0 0
0 0 0 0 0
0 0 0 0 0
0 0 0 0 0
0 0 0 0 0
0 0 0 0 0
0 0 0 0 0
0 0 0 0 0
0 0 0 0 0
0 0 0 0 0
0 0 0 0 0
0 0 0 0 0
0 0 0 0 0
0 0 0 0 0
0 0 0 0 0
0 0 0 0 0
0 0 0 0 0
0 0 0 0 0
0 0 0 0 0
0 0 0 0 0
0 0 0 0 0
0 0 0 0 0
0 0 0 0 0
0 0 0 0 0
0 0 0 0 0
0 0 0 0 0
0 0 0 0 0
0 0 0 0 0
0 0 0 0 0
0 0 0 0 0
0 0 0 0 0
0 0 0 0 0
0 0 0 0 0
0 0 0 0 0
0 0 0 0 0
0 0 0 0 0
0 0 0 0 0
0 0 0 0 0
0 0 0 0 0
0 0 0 0 0
0 0 0 0 0
0 0 0 0 0
0 0 0 0 0
0 0 0 0 0
0 0 0 0 0
0 0 0 0 0
0 0 0 0 0
0 0 0 0 0
0 0 0 0 0
0 0 0 0 0
0 0 0 0 0
0 0 0 0 0
0 0 0 0 0
0 0 0 0 0
0 0 0 0 0
0 0 0 0 0
0 0 0 0 0
0 0 0 0 0
0 0 0 0 0
0 0 0 0 0
0 0 0 0 0
0 0 0 0 0
0 0 0 0 0
0 0 0 0 0
0 0 0 0 0
0 0 0 0 0
0 0 0 0 0
0 0 0 0 0
0 0 0 0 0
0 0 0 0 0
0 0 0 0 0
0 0 0 0 0
0 0 0 0 0
0 0 0 0 0
0 0 0 0 0
0 0 0 0 0
0 0 0 0 0
0 0 0 0 0
0 0 0 0 0
0 0 0 0 0
0 0 0 0 0
0 0 0 0 0
0 0 0 0 0
0 0 0 0 0
0 0 0 0 0
0 0 0 0 0
0 0 0 0 0
0 0 0 0 0
0 0 0 0 0
0 0 0 0 0
0 0 0 0 0
0 0 0 0 0
0 0 0 0 0
0 0 0 0 0
0 0 0 0 0
0 0 0 0 0
0 0 0 0 0
0 0 0 0 0
0 0 0 0 0
0 0 0 0 0
0 0 0 0 0
0 0 0 0 0
0 0 0 0 0
0 0 0 0 0
0 0 0 0 0
0 0 0 0 0
0 0 0 0 0
0 0 0 0 0
0 0 0 0 0
0 0 0 0 0
0 0 0 0 0
0 0 0 0 0
0 0 0 0 0
0 0 0 0 0
0 0 0 0 0
0 0 0 0 0
0 0 0 0 0
0 0 0 0 0
0 0 0 0 0
0 0 0 0 0
0 0 0 0 0
0 0 0 0 0
0 0 0 0 0
0 0 0 0 0
0 0 0 0 0
0 0 0 0 0
0 0 0 0 0
0 0 0 0 0
0 0 0 0 0
0 0 0 0 0
0 0 0 0 0
0 0 0 0 0
0 0 0 0 0
0 0 0 0 0
0 0 0 0 0
0 0 0 0 0
0 0 0 0 0
0 0 0 0 0
0 0 0 0 0
0 0 0 0 0
0 0 0 0 0
0 0 0 0 0
0 0 0 0 0
0 0 0 0 0
0 0 0 0 0
0 0 0 0 0
0 0 0 0 0
0 0 0 0 0
0 0 0 0 0
0 0 0 0 0
0 0 0 0 0
0 0 0 0 0
0 0 0 0 0
0 0 0 0 0
0 0 0 0 0
0 0 0 0 0
0 0 0 0 0
0 0 0 0 0
0 0 0 0 0
0 0 0 0 0
0 0 0 0 0
0 0 0 0 0
0 0 0 0 0
0 0 0 0 0
0 0 0 0 0
0 0 0 0 0
0 0 0 0 0
0 0 0 0 0
0 0 0 0 0
0 0 0 0 0
0 0 0 0 0
0 0 0 0 0
0 0 0 0 0
0 0 0 0 0
0 0 0 0 0
0 0 0 0 0
0 0 0 0 0
0 0 0 0 0
0 0 0 0 0
0 0 0 0 0
0 0 0 0 0
0 0 0 0 0
0 0 0 0 0
0 0 0 0 0
0 0 0 0 0
0 0 0 0 0
0 0 0 0 0
0 0 0 0 0
0 0 0 0 0
0 0 0 0 0
0 0 0 0 0
0 0 0 0 0
0 0 0 0 0
0 0 0 0 0
0 0 0 0 0
0 0 0 0 0
0 0 0 0 0
0 0 0 0 0
0 0 0 0 0
0 0 0 0 0
0 0 0 0 0
0 0 0 0 0
0 0 0 0 0
0 0 0 0 0
0 0 0 0 0
0 0 0 0 0
0 0 0 0 0
0 0 0 0 0
0 0 0 0 0
0 0 0 0 0
0 0 0 0 0
0 0 0 0 0
0 0 0 0 0
0 0 0 0 0
0 0 0 0 0
0 0 0 0 0
0 0 0 0 0
0 0 0 0 0
0 0 0 0 0
0 0 0 0 0
0 0 0 0 0
0 0 0 0 0
0 0 0 0 0
0 0 0 0 0
0 0 0 0 0
0 0 0 0 0
0 0 0 0 0
0 0 0 0 0
0 0 0 0 0
0 0 0 0 0
0 0 0 0 0
0 0 0 0 0
0 0 0 0 0
0 0 0 0 0
0 0 0 0 0
0 0 0 0 0
0 0 0 0 0
0 0 0 0 0
0 0 0 0 0
0 0 0 0 0
0 0 0 0 0
0 0 0 0 0
0 0 0 0 0
0 0 0 0 0
0 0 0 0 0
0 0 0 0 0
0 0 0 0 0
0 0 0 0 0
0 0 0 0 0
0 0 0 0 0
0 0 0 0 0
0 0 0 0 0
0 0 0 0 0
0 0 0 0 0
0 0 0 0 0
0 0 0 0 0
0 0 0 0 0
0 0 0 0 0
0 0 0 0 0
0 0 0 0 0
0 0 0 0 0
0 0 0 0 0
0 0 0 0 0
0 0 0 0 0
0 0 0 0 0
0 0 0 0 0
0 0 0 0 0
0 0 0 0 0
0 0 0 0 0
0 0 0 0 0
0 0 0 0 0
0 0 0 0 0
0 0 0 0 0
0 0 0 0 0
0 0 0 0 0
0 0 0 0 0
0 0 0 0 0
0 0 0 0 0
0 0 0 0 0
0 0 0 0 0
0 0 0 0 0
0 0 0 0 0
0 0 0 0 0
0 0 0 0 0
0 0 0 0 0
0 0 0 0 0
0 0 0 0 0
0 0 0 0 0
0 0 0 0 0
0 0 0 0 0
0 0 0 0 0
0 0 0 0 0
0 0 0 0 0
0 0 0 0 0
0 0 0 0 0
0 0 0 0 0
0 0 0 0 0
0 0 0 0 0
0 0 0 0 0
0 0 0 0 0
0 0 0 0 0
0 0 0 0 0
0 0 0 0 0
0 0 0 0 0
0 0 0 0 0
0 0 0 0 0
0 0 0 0 0
0 0 0 0 0
0 0 0 0 0
0 0 0 0 0
0 0 0 0 0
0 0 0 0 0
0 0 0 0 0
0 0 0 0 0
0 0 0 0 0
0 0 0 0 0
0 0 0 0 0
0 0 0 0 0
0 0 0 0 0
0 0 0 0 0
0 0 0 0 0
0 0 0 0 0
0 0 0 0 0
0 0 0 0 0
0 0 0 0 0
0 0 0 0 0
0 0 0 0 0
0 0 0 0 0
0 0 0 0 0
0 0 0 0 0
0 0 0 0 0
0 0 0 0 0
0 0 0 0 0
0 0 0 0 0
0 0 0 0 0
0 0 0 0 0
0 0 0 0 0
0 0 0 0 0
0 0 0 0 0
0 0 0 0 0
0 0 0 0 0
0 0 0 0 0
0 0 0 0 0
0 0 0 0 0
0 0 0 0 0
0 0 0 0 0
0 0 0 0 0
0 0 0 0 0
0 0 0 0 0
0 0 0 0 0
0 0 0 0 0
0 0 0 0 0
0 0 0 0 0
0 0 0 0 0
0 0 0 0 0
0 0 0 0 0
0 0 0 0 0
0 0 0 0 0
0 0 0 0 0
0 0 0 0 0
0 0 0 0 0
0 0 0 0 0
0 0 0 0 0
0 0 0 0 0
0 0 0 0 0
0 0 0 0 0
0 0 0 0 0
0 0 0 0 0
0 0 0 0 0
0 0 0 0 0
0 0 0 0 0
0 0 0 0 0
0 0 0 0 0
0 0 0 0 0
0 0 0 0 0
0 0 0 0 0
0 0 0 0 0
0 0 0 0 0
0 0 0 0 0
0 0 0 0 0
0 0 0 0 0
0 0 0 0 0
0 0 0 0 0
0 0 0 0 0
0 0 0 0 0
0 0 0 0 0
0 0 0 0 0
0 0 0 0 0
0 0 0 0 0
0 0 0 0 0
0 0 0 0 0
0 0 0 0 0
0 0 0 0 0
0 0 0 0 0
0 0 0 0 0
0 0 0 0 0
0 0 0 0 0
0 0 0 0 0
0 0 0 0 0
0 0 0 0 0
0 0 0 0 0
0 0 0 0 0
0 0 0 0 0
0 0 0 0 0
0 0 0 0 0
0 0 0 0 0
0 0 0 0 0
0 0 0 0 0
0 0 0 0 0
0 0 0 0 0
0 0 0 0 0
0 0 0 0 0
0 0 0 0 0
0 0 0 0 0
0 0 0 0 0
0 0 0 0 0
0 0 0 0 0
0 0 0 0 0
0 0 0 0 0
0 0 0 0 0
0 0 0 0 0
0 0 0 0 0
0 0 0 0 0
0 0 0 0 0
0 0 0 0 0
0 0 0 0 0
0 0 0 0 0
0 0 0 0 0
0 0 0 0 0
0 0 0 0 0
0 0 0 0 0
0 0 0 0 0
0 0 0 0 0
0 0 0 0 0
0 0 0 0 0
0 0 0 0 0
0 0 0 0 0
0 0 0 0 0
0 0 0 0 0
0 0 0 0 0
0 0 0 0 0
0 0 0 0 0
0 0 0 0 0
0 0 0 0 0
0 0 0 0 0
0 0 0 0 0
0 0 0 0 0
0 0 0 0 0
0 0 0 0 0
0 0 0 0 0
0 0 0 0 0
0 0 0 0 0
0 0 0 0 0
0 0 0 0 0
0 0 0 0 0
0 0 0 0 0
0 0 0 0 0
0 0 0 0 0
0 0 0 0 0
0 0 0 0 0
0 0 0 0 0
0 0 0 0 0
0 0 0 0 0
0 0 0 0 0
0 0 0 0 0
0 0 0 0 0
0 0 0 0 0
0 0 0 0 0
0 0 0 0 0
0 0 0 0 0
0 0 0 0 0
0 0 0 0 0
0 0 0 0 0
0 0 0 0 0
0 0 0 0 0
0 0 0 0 0
0 0 0 0 0
0 0 0 0 0
0 0 0 0 0
0 0 0 0 0
0 0 0 0 0
0 0 0 0 0
0 0 0 0 0
0 0 0 0 0
0 0 0 0 0
0 0 0 0 0
0 0 0 0 0
0 0 0 0 0
0 0 0 0 0
0 0 0 0 0
0 0 0 0 0
0 0 0 0 0
0 0 0 0 0
0 0 0 0 0
0 0 0 0 0
0 0 0 0 0
0 0 0 0 0
0 0 0 0 0
0 0 0 0 0
0 0 0 0 0
0 0 0 0 0
0 0 0 0 0
0 0 0 0 0
0 0 0 0 0
0 0 0 0 0
0 0 0 0 0
0 0 0 0 0
0 0 0 0 0
0 0 0 0 0
0 0 0 0 0
0 0 0 0 0
0 0 0 0 0
0 0 0 0 0
0 0 0 0 0
0 0 0 0 0
0 0 0 0 0
0 0 0 0 0
0 0 0 0 0
0 0 0 0 0
0 0 0 0 0
0 0 0 0 0
0 0 0 0 0
0 0 0 0 0
0 0 0 0 0
0 0 0 0 0
0 0 0 0 0
0 0 0 0 0
0 0 0 0 0
0 0 0 0 0
0 0 0 0 0
0 0 0 0 0
0 0 0 0 0
0 0 0 0 0
0 0 0 0 0
0 0 0 0 0
0 0 0 0 0
0 0 0 0 0
0 0 0 0 0
0 0 0 0 0
0 0 0 0 0
0 0 0 0 0
0 0 0 0 0
0 0 0 0 0
0 0 0 0 0
0 0 0 0 0
0 0 0 0 0
0 0 0 0 0
0 0 0 0 0
0 0 0 0 0
0 0 0 0 0
0 0 0 0 0
0 0 0 0 0
0 0 0 0 0
0 0 0 0 0
0 0 0 0 0
0 0 0 0 0
0 0 0 0 0
0 0 0 0 0
0 0 0 0 0
0 0 0 0 0
0 0 0 0 0
0 0 0 0 0
0 0 0 0 0
0 0 0 0 0
0 0 0 0 0
0 0 0 0 0
0 0 0 0 0
0 0 0 0 0
0 0 0 0 0
0 0 0 0 0
0 0 0 0 0
0 0 0 0 0
0 0 0 0 0
0 0 0 0 0
0 0 0 0 0
0 0 0 0 0
0 0 0 0 0
0 0 0 0 0
0 0 0 0 0
0 0 0 0 0
0 0 0 0 0
0 0 0 0 0
0 0 0 0 0
0 0 0 0 0
0 0 0 0 0
0 0 0 0 0
0 0 0 0 0
0 0 0 0 0
0 0 0 0 0
0 0 0 0 0
0 0 0 0 0
0 0 0 0 0
0 0 0 0 0
0 0 0 0 0
0 0 0 0 0
0 0 0 0 0
0 0 0 0 0
0 0 0 0 0
0 0 0 0 0
0 0 0 0 0
0 0 0 0 0
0 0 0 0 0
0 0 0 0 0
0 0 0 0 0
0 0 0 0 0
0 0 0 0 0
0 0 0 0 0
0 0 0 0 0
0 0 0 0 0
0 0 0 0 0
0 0 0 0 0
0 0 0 0 0
0 0 0 0 0
0 0 0 0 0
0 0 0 0 0
0 0 0 0 0
0 0 0 0 0
0 0 0 0 0
0 0 0 0 0
0 0 0 0 0
0 0 0 0 0
0 0 0 0 0
0 0 0 0 0
0 0 0 0 0
0 0 0 0 0
0 0 0 0 0
0 0 0 0 0
0 0 0 0 0
0 0 0 0 0
0 0 0 0 0
0 0 0 0 0
0 0 0 0 0
0 0 0 0 0
0 0 0 0 0
0 0 0 0 0
0 0 0 0 0
0 0 0 0 0
0 0 0 0 0
0 0 0 0 0
0 0 0 0 0
0 0 0 0 0
0 0 0 0 0
0 0 0 0 0
0 0 0 0 0
0 0 0 0 0
0 0 0 0 0
0 0 0 0 0
0 0 0 0 0
0 0 0 0 0
0 0 0 0 0
0 0 0 0 0
0 0 0 0 0
0 0 0 0 0
0 0 0 0 0
0 0 0 0 0
0 0 0 0 0
0 0 0 0 0
0 0 0 0 0
0 0 0 0 0
0 0 0 0 0
0 0 0 0 0
0 0 0 0 0
0 0 0 0 0
0 0 0 0 0
0 0 0 0 0
0 0 0 0 0
0 0 0 0 0
0 0 0 0 0
0 0 0 0 0
0 0 0 0 0
0 0 0 0 0
0 0 0 0 0
0 0 0 0 0
0 0 0 0 0
0 0 0 0 0
0 0 0 0 0
0 0 0 0 0
0 0 0 0 0
0 0 0 0 0
0 0 0 0 0
0 0 0 0 0
0 0 0 0 0
0 0 0 0 0
0 0 0 0 0
0 0 0 0 0
0 0 0 0 0
0 0 0 0 0
0 0 0 0 0
0 0 0 0 0
0 0 0 0 0
0 0 0 0 0
0 0 0 0 0
0 0 0 0 0
0 0 0 0 0
0 0 0 0 0
0 0 0 0 0
0 0 0 0 0
0 0 0 0 0
0 0 0 0 0
0 0 0 0 0
0 0 0 0 0
0 0 0 0 0
0 0 0 0 0
0 0 0 0 0
0 0 0 0 0
0 0 0 0 0
0 0 0 0 0
0 0 0 0 0
0 0 0 0 0
0 0 0 0 0
0 0 0 0 0
0 0 0 0 0
0 0 0 0 0
0 0 0 0 0
0 0 0 0 0
0 0 0 0 0
0 0 0 0 0
0 0 0 0 0
0 0 0 0 0
0 0 0 0 0
0 0 0 0 0
0 0 0 0 0
0 0 0 0 0
0 0 0 0 0
0 0 0 0 0
0 0 0 0 0
0 0 0 0 0
0 0 0 0 0
0 0 0 0 0
0 0 0 0 0
0 0 0 0 0
0 0 0 0 0
0 0 0 0 0
0 0 0 0 0
0 0 0 0 0
0 0 0 0 0
0 0 0 0 0
0 0 0 0 0
0 0 0 0 0
0 0 0 0 0
0 0 0 0 0
0 0 0 0 0
0 0 0 0 0
0 0 0 0 0
0 0 0 0 0
0 0 0 0 0
0 0 0 0 0
0 0 0 0 0
0 0 0 0 0
0 0 0 0 0
0 0 0 0 0
0 0 0 0 0
0 0 0 0 0
0 0 0 0 0
0 0 0 0 0
0 0 0 0 0
0 0 0 0 0
0 0 0 0 0
0 0 0 0 0
0 0 0 0 0
0 0 0 0 0
0 0 0 0 0
0 0 0 0 0
0 0 0 0 0
0 0 0 0 0
0 0 0 0 0
0 0 0 0 0
0 0 0 0 0
0 0 0 0 0
0 0 0 0 0
0 0 0 0 0
0 0 0 0 0
0 0 0 0 0
0 0 0 0 0
0 0 0 0 0
0 0 0 0 0
0 0 0 0 0
0 0 0 0 0
0 0 0 0 0
0 0 0 0 0
0 0 0 0 0
0 0 0 0 0
0 0 0 0 0
0 0 0 0 0
0 0 0 0 0
0 0 0 0 0
0 0 0 0 0
0 0 0 0 0
0 0 0 0 0
0 0 0 0 0
0 0 0 0 0
0 0 0 0 0
0 0 0 0 0
0 0 0 0 0
0 0 0 0 0
0 0 0 0 0
0 0 0 0 0
0 0 0 0 0
0 0 0 0 0
0 0 0 0 0
0 0 0 0 0
0 0 0 0 0
0 0 0 0 0
0 0 0 0 0
0 0 0 0 0
0 0 0 0 0
0 0 0 0 0
0 0 0 0 0
0 0 0 0 0
0 0 0 0 0
0 0 0 0 0
0 0 0 0 0
0 0 0 0 0
0 0 0 0 0
0 0 0 0 0
0 0 0 0 0
0 0 0 0 0
0 0 0 0 0
0 0 0 0 0
0 0 0 0 0
0 0 0 0 0
0 0 0 0 0
0 0 0 0 0
0 0 0 0 0
0 0 0 0 0
0 0 0 0 0
0 0 0 0 0
0 0 0 0 0
0 0 0 0 0
0 0 0 0 0
0 0 0 0 0
0 0 0 0 0
0 0 0 0 0
0 0 0 0 0
0 0 0 0 0
0 0 0 0 0
0 0 0 0 0
0 0 0 0 0
0 0 0 0 0
0 0 0 0 0
0 0 0 0 0
0 0 0 0 0
0 0 0 0 0
0 0 0 0 0
0 0 0 0 0
0 0 0 0 0
0 0 0 0 0
0 0 0 0 0
0 0 0 0 0
0 0 0 0 0
0 0 0 0 0
0 0 0 0 0
0 0 0 0 0
0 0 0 0 0
0 0 0 0 0
0 0 0 0 0
0 0 0 0 0
0 0 0 0 0
0 0 0 0 0
0 0 0 0 0
0 0 0 0 0
0 0 0 0 0
0 0 0 0 0
0 0 0 0 0
0 0 0 0 0
0 0 0 0 0
0 0 0 0 0
0 0 0 0 0
0 0 0 0 0
0 0 0 0 0
0 0 0 0 0
0 0 0 0 0
0 0 0 0 0
0 0 0 0 0
0 0 0 0 0
0 0 0 0 0
0 0 0 0 0
0 0 0 0 0
0 0 0 0 0
0 0 0 0 0
0 0 0 0 0
0 0 0 0 0
0 0 0 0 0
0 0 0 0 0
0 0 0 0 0
0 0 0 0 0
0 0 0 0 0
0 0 0 0 0
0 0 0 0 0
0 0 0 0 0
0 0 0 0 0
0 0 0 0 0
0 0 0 0 0
0 0 0 0 0
0 0 0 0 0
0 0 0 0 0
0 0 0 0 0
0 0 0 0 0
0 0 0 0 0
