STA EM for 4He (S. Patore et al.)
2 4 STA_EM 900 5
1 0.002 0.004 0.006 0.008 0.01 0.012 0.014 0.016 0.018 0.02 0.022 0.024 0.026 0.028 0.03 0.032 0.034 0.036 0.038 0.04 0.042 0.044 0.046 0.048 0.05 0.052 0.054 0.056 0.058 0.06 0.062 0.064 0.066 0.068 0.07 0.072 0.074 0.076 0.078 0.08 0.082 0.084 0.086 0.088 0.09 0.092 0.094 0.096 0.098 0.1 0.102 0.104 0.106 0.108 0.11 0.112 0.114 0.116 0.118 0.12 0.122 0.124 0.126 0.128 0.13 0.132 0.134 0.136 0.138 0.14 0.142 0.144 0.146 0.148 0.15 0.152 0.154 0.156 0.158 0.16 0.162 0.164 0.166 0.168 0.17 0.172 0.174 0.176 0.178 0.18 0.182 0.184 0.186 0.188 0.19 0.192 0.194 0.196 0.198 0.2 0.202 0.204 0.206 0.208 0.21 0.212 0.214 0.216 0.218 0.22 0.222 0.224 0.226 0.228 0.23 0.232 0.234 0.236 0.238 0.24 0.242 0.244 0.246 0.248 0.25 0.252 0.254 0.256 0.258 0.26 0.262 0.264 0.266 0.268 0.27 0.272 0.274 0.276 0.278 0.28 0.282 0.284 0.286 0.288 0.29 0.292 0.294 0.296 0.298 0.3 0.302 0.304 0.306 0.308 0.31 0.312 0.314 0.316 0.318 0.32 0.322 0.324 0.326 0.328 0.33 0.332 0.334 0.336 0.338 0.34 0.342 0.344 0.346 0.348 0.35 0.352 0.354 0.356 0.358 0.36 0.362 0.364 0.366 0.368 0.37 0.372 0.374 0.376 0.378 0.38 0.382 0.384 0.386 0.388 0.39 0.392 0.394 0.396 0.398 0.4 0.402 0.404 0.406 0.408 0.41 0.412 0.414 0.416 0.418 0.42 0.422 0.424 0.426 0.428 0.43 0.432 0.434 0.436 0.438 0.44 0.442 0.444 0.446 0.448 0.45 0.452 0.454 0.456 0.458 0.46 0.462 0.464 0.466 0.468 0.47 0.472 0.474 0.476 0.478 0.48 0.482 0.484 0.486 0.488 0.49 0.492 0.494 0.496 0.498 0.5 0.502 0.504 0.506 0.508 0.51 0.512 0.514 0.516 0.518 0.52 0.522 0.524 0.526 0.528 0.53 0.532 0.534 0.536 0.538 0.54 0.542 0.544 0.546 0.548 0.55 0.552 0.554 0.556 0.558 0.56 0.562 0.564 0.566 0.568 0.57 0.572 0.574 0.576 0.578 0.58 0.582 0.584 0.586 0.588 0.59 0.592 0.594 0.596 0.598 0.6 0.602 0.604 0.606 0.608 0.61 0.612 0.614 0.616 0.618 0.62 0.622 0.624 0.626 0.628 0.63 0.632 0.634 0.636 0.638 0.64 0.642 0.644 0.646 0.648 0.65 0.652 0.654 0.656 0.658 0.66 0.662 0.664 0.666 0.668 0.67 0.672 0.674 0.676 0.678 0.68 0.682 0.684 0.686 0.688 0.69 0.692 0.694 0.696 0.698 0.7 0.702 0.704 0.706 0.708 0.71 0.712 0.714 0.716 0.718 0.72 0.722 0.724 0.726 0.728 0.73 0.732 0.734 0.736 0.738 0.74 0.742 0.744 0.746 0.748 0.75 0.752 0.754 0.756 0.758 0.76 0.762 0.764 0.766 0.768 0.77 0.772 0.774 0.776 0.778 0.78 0.782 0.784 0.786 0.788 0.79 0.792 0.794 0.796 0.798 0.8 0.802 0.804 0.806 0.808 0.81 0.812 0.814 0.816 0.818 0.82 0.822 0.824 0.826 0.828 0.83 0.832 0.834 0.836 0.838 0.84 0.842 0.844 0.846 0.848 0.85 0.852 0.854 0.856 0.858 0.86 0.862 0.864 0.866 0.868 0.87 0.872 0.874 0.876 0.878 0.88 0.882 0.884 0.886 0.888 0.89 0.892 0.894 0.896 0.898 0.9 0.902 0.904 0.906 0.908 0.91 0.912 0.914 0.916 0.918 0.92 0.922 0.924 0.926 0.928 0.93 0.932 0.934 0.936 0.938 0.94 0.942 0.944 0.946 0.948 0.95 0.952 0.954 0.956 0.958 0.96 0.962 0.964 0.966 0.968 0.97 0.972 0.974 0.976 0.978 0.98 0.982 0.984 0.986 0.988 0.99 0.992 0.994 0.996 0.998 1 1.002 1.004 1.006 1.008 1.01 1.012 1.014 1.016 1.018 1.02 1.022 1.024 1.026 1.028 1.03 1.032 1.034 1.036 1.038 1.04 1.042 1.044 1.046 1.048 1.05 1.052 1.054 1.056 1.058 1.06 1.062 1.064 1.066 1.068 1.07 1.072 1.074 1.076 1.078 1.08 1.082 1.084 1.086 1.088 1.09 1.092 1.094 1.096 1.098 1.1 1.102 1.104 1.106 1.108 1.11 1.112 1.114 1.116 1.118 1.12 1.122 1.124 1.126 1.128 1.13 1.132 1.134 1.136 1.138 1.14 1.142 1.144 1.146 1.148 1.15 1.152 1.154 1.156 1.158 1.16 1.162 1.164 1.166 1.168 1.17 1.172 1.174 1.176 1.178 1.18 1.182 1.184 1.186 1.188 1.19 1.192 1.194 1.196 1.198 1.2 1.202 1.204 1.206 1.208 1.21 1.212 1.214 1.216 1.218 1.22 1.222 1.224 1.226 1.228 1.23 1.232 1.234 1.236 1.238 1.24 1.242 1.244 1.246 1.248 1.25 1.252 1.254 1.256 1.258 1.26 1.262 1.264 1.266 1.268 1.27 1.272 1.274 1.276 1.278 1.28 1.282 1.284 1.286 1.288 1.29 1.292 1.294 1.296 1.298 1.3 1.302 1.304 1.306 1.308 1.31 1.312 1.314 1.316 1.318 1.32 1.322 1.324 1.326 1.328 1.33 1.332 1.334 1.336 1.338 1.34 1.342 1.344 1.346 1.348 1.35 1.352 1.354 1.356 1.358 1.36 1.362 1.364 1.366 1.368 1.37 1.372 1.374 1.376 1.378 1.38 1.382 1.384 1.386 1.388 1.39 1.392 1.394 1.396 1.398 1.4 1.402 1.404 1.406 1.408 1.41 1.412 1.414 1.416 1.418 1.42 1.422 1.424 1.426 1.428 1.43 1.432 1.434 1.436 1.438 1.44 1.442 1.444 1.446 1.448 1.45 1.452 1.454 1.456 1.458 1.46 1.462 1.464 1.466 1.468 1.47 1.472 1.474 1.476 1.478 1.48 1.482 1.484 1.486 1.488 1.49 1.492 1.494 1.496 1.498 1.5 1.502 1.504 1.506 1.508 1.51 1.512 1.514 1.516 1.518 1.52 1.522 1.524 1.526 1.528 1.53 1.532 1.534 1.536 1.538 1.54 1.542 1.544 1.546 1.548 1.55 1.552 1.554 1.556 1.558 1.56 1.562 1.564 1.566 1.568 1.57 1.572 1.574 1.576 1.578 1.58 1.582 1.584 1.586 1.588 1.59 1.592 1.594 1.596 1.598 1.6 1.602 1.604 1.606 1.608 1.61 1.612 1.614 1.616 1.618 1.62 1.622 1.624 1.626 1.628 1.63 1.632 1.634 1.636 1.638 1.64 1.642 1.644 1.646 1.648 1.65 1.652 1.654 1.656 1.658 1.66 1.662 1.664 1.666 1.668 1.67 1.672 1.674 1.676 1.678 1.68 1.682 1.684 1.686 1.688 1.69 1.692 1.694 1.696 1.698 1.7 1.702 1.704 1.706 1.708 1.71 1.712 1.714 1.716 1.718 1.72 1.722 1.724 1.726 1.728 1.73 1.732 1.734 1.736 1.738 1.74 1.742 1.744 1.746 1.748 1.75 1.752 1.754 1.756 1.758 1.76 1.762 1.764 1.766 1.768 1.77 1.772 1.774 1.776 1.778 1.78 1.782 1.784 1.786 1.788 1.79 1.792 1.794 1.796 1.798 1.8
1 0.3 0.4 0.5 0.6 0.7
0 0 0 0 0
0 0 0 0 0
0 0 0 0 0
0 0 0 0 0
0 0 0 0 0
1.54155e-07 0 -0.000671388 0 0
-0.000287099 0 -0.0002593 0 0
-5.64829e-05 0 -0.000160355 0 0
-5.8588e-05 0 -9.57256e-05 0 0
-8.25013e-06 0 -6.87449e-05 0 0
1.25342e-06 0 -0.00202573 0 0
-0.000795476 0 -0.000789586 0 0
-0.000171482 0 -0.000488673 0 0
-0.000163725 0 -0.000292488 0 0
-2.51636e-05 0 -0.000211203 0 0
8.29239e-06 0 -0.00451683 0 0
-0.00140357 0 -0.00162359 0 0
-0.000343627 0 -0.0010256 0 0
-0.00029721 0 -0.000596333 0 0
-5.05412e-05 0 -0.0004373 0 0
4.48442e-05 0 -0.00877754 0 0
-0.00196782 0 -0.00281803 0 0
-0.000574418 0 -0.00183033 0 0
-0.000443609 0 -0.00102349 0 0
-8.39109e-05 0 -0.000761313 0 0
0.000206342 0 -0.0155676 0 0
-0.0023698 0 -0.00448578 0 0
-0.000878336 0 -0.00299073 0 0
-0.000602705 0 -0.00161816 0 0
-0.000125391 0 -0.00120836 0 0
0.000825595 0 -0.0257745 0 0
-0.00249587 0 -0.00678176 0 0
-0.0012781 0 -0.00461661 0 0
-0.000786561 0 -0.00244855 0 0
-0.000175177 0 -0.00181175 0 0
0.00290278 0 -0.0404363 0 0
-0.00217283 0 -0.00984961 0 0
-0.00178781 0 -0.00681754 0 0
-0.00100634 0 -0.00358518 0 0
-0.000231921 0 -0.00260253 0 0
0.00902919 0 -0.0607064 0 0
-0.0011375 0 -0.0137807 0 0
-0.00240091 0 -0.00968179 0 0
-0.00126722 0 -0.00508666 0 0
-0.000291693 0 -0.0036013 0 0
0.024989 0 -0.0877701 0 0
0.000965456 0 -0.018587 0 0
-0.00308485 0 -0.0132578 0 0
-0.00156831 0 -0.00699283 0 0
-0.000347143 0 -0.00480991 0 0
0.0618726 0 -0.122726 0 0
0.00456985 0 -0.0241856 0 0
-0.00378061 0 -0.0175378 0 0
-0.00190519 0 -0.00932277 0 0
-0.000387153 0 -0.00620392 0 0
0.137822 0 -0.166456 0 0
0.010185 0 -0.0303785 0 0
-0.00440084 0 -0.0224403 0 0
-0.00226942 0 -0.0120686 0 0
-0.000397277 0 -0.00772677 0 0
0.277799 0 -0.219506 0 0
0.0183933 0 -0.0368422 0 0
-0.0048296 0 -0.027794 0 0
-0.00264881 0 -0.0151911 0 0
-0.00036122 0 -0.0092882 0 0
0.509802 0 -0.281987 0 0
0.029844 0 -0.0431344 0 0
-0.00492563 0 -0.033332 0 0
-0.00302804 0 -0.018619 0 0
-0.000263461 0 -0.0107689 0 0
0.857429 0 -0.353516 0 0
0.045233 0 -0.0487251 0 0
-0.00453094 0 -0.0386998 0 0
-0.00338925 0 -0.0222524 0 0
-9.28729e-05 0 -0.0120323 0 0
1.33105 0 -0.433213 0 0
0.0652762 0 -0.0530492 0 0
-0.00348278 0 -0.0434793 0 0
-0.003713 0 -0.02597 0 0
0.000153004 0 -0.0129433 0 0
1.92152 0 -0.519758 0 0
0.0906728 0 -0.0555739 0 0
-0.00162638 0 -0.0472244 0 0
-0.00397964 0 -0.0296384 0 0
0.000464025 0 -0.0133912 0 0
2.59956 0 -0.611502 0 0
0.122064 0 -0.055869 0 0
0.00117468 0 -0.0495032 0 0
-0.00417058 0 -0.0331211 0 0
0.000815128 0 -0.0133112 0 0
3.32104 0 -0.70661 0 0
0.159989 0 -0.0536702 0 0
0.00503265 0 -0.0499425 0 0
-0.00426905 0 -0.036286 0 0
0.00116642 0 -0.0127014 0 0
4.03573 0 -0.803222 0 0
0.204842 0 -0.048922 0 0
0.010036 0 -0.0482641 0 0
-0.00426043 0 -0.0390097 0 0
0.00146625 0 -0.0116301 0 0
4.69582 0 -0.899594 0 0
0.256831 0 -0.0417974 0 0
0.0162559 0 -0.0443105 0 0
-0.00413287 0 -0.0411799 0 0
0.00165734 0 -0.0102307 0 0
5.26208 0 -0.994205 0 0
0.315937 0 -0.0326908 0 0
0.0237575 0 -0.0380555 0 0
-0.00387735 0 -0.042696 0 0
0.00168509 0 -0.00868562 0 0
5.70668 0 -1.08581 0 0
0.381887 0 -0.0221874 0 0
0.0326116 0 -0.0295979 0 0
-0.00348747 0 -0.0434708 0 0
0.00150675 0 -0.00720111 0 0
6.01327 0 -1.17344 0 0
0.454136 0 -0.0110166 0 0
0.0429062 0 -0.0191438 0 0
-0.00295915 0 -0.0434334 0 0
0.00109975 0 -0.00597787 0 0
6.17539 0 -1.25641 0 0
0.53186 0 3.02016e-06 0 0
0.0547517 0 -0.00697722 0 0
-0.00229005 0 -0.0425344 0 0
0.000467392 0 -0.00518338 0 0
6.19446 0 -1.3342 0 0
0.613963 0 0.0100175 0 0
0.0682807 0 0.00657128 0 0
-0.0014789 0 -0.0407533 0 0
-0.000359053 0 -0.00493107 0 0
6.07812 0 -1.40643 0 0
0.699099 0 0.0181857 0 0
0.0836397 0 0.021156 0 0
-0.000524775 0 -0.0381055 0 0
-0.0013227 0 -0.00526937 0 0
5.83906 0 -1.47279 0 0
0.785705 0 0.0237182 0 0
0.100975 0 0.0364421 0 0
0.000573617 0 -0.0346477 0 0
-0.00234718 0 -0.00618184 0 0
5.49402 0 -1.53299 0 0
0.872044 0 0.0259063 0 0
0.120416 0 0.0521247 0 0
0.00181859 0 -0.0304791 0 0
-0.00334569 0 -0.00759693 0 0
5.06267 0 -1.58675 0 0
0.956256 0 0.024143 0 0
0.142053 0 0.0679399 0 0
0.00321431 0 -0.0257366 0 0
-0.00423121 0 -0.00940412 0 0
4.56616 0 -1.63375 0 0
1.03642 0 0.0179379 0 0
0.165923 0 0.083668 0 0
0.00476746 0 -0.0205852 0 0
-0.0049264 0 -0.0114725 0 0
4.02571 0 -1.6737 0 0
1.11062 0 0.00692692 0 0
0.191992 0 0.0991314 0 0
0.0064879 0 -0.0152033 0 0
-0.00537157 0 -0.0136683 0 0
3.46133 0 -1.70633 0 0
1.17699 0 -0.00912183 0 0
0.220148 0 0.114187 0 0
0.00838948 0 -0.00976541 0 0
-0.00552997 0 -0.0158689 0 0
2.89091 0 -1.73141 0 0
1.2338 0 -0.0303052 0 0
0.250189 0 0.128717 0 0
0.0104909 0 -0.00442505 0 0
-0.00538989 0 -0.0179714 0 0
2.32978 0 -1.74877 0 0
1.2795 0 -0.056586 0 0
0.281832 0 0.142619 0 0
0.012816 0 0.000700521 0 0
-0.00496365 0 -0.0198968 0 0
1.79042 0 -1.75834 0 0
1.31276 0 -0.0877976 0 0
0.314707 0 0.155797 0 0
0.0153946 0 0.00554132 0 0
-0.0042841 0 -0.0215895 0 0
1.28245 0 -1.76015 0 0
1.33254 0 -0.123653 0 0
0.348372 0 0.168152 0 0
0.0182621 0 0.0100806 0 0
-0.00339919 0 -0.023014 0 0
0.812822 0 -1.75435 0 0
1.33808 0 -0.163754 0 0
0.382319 0 0.179578 0 0
0.0214595 0 0.0143552 0 0
-0.0023656 0 -0.0241505 0 0
0.38603 0 -1.74116 0 0
1.32896 0 -0.20761 0 0
0.415992 0 0.189958 0 0
0.0250318 0 0.0184505 0 0
-0.00124208 0 -0.0249899 0 0
0.0044724 0 -1.72094 0 0
1.30508 0 -0.254651 0 0
0.448797 0 0.199165 0 0
0.0290265 0 0.0224919 0 0
-8.31373e-05 0 -0.0255297 0 0
-0.331188 0 -1.69412 0 0
1.26668 0 -0.304243 0 0
0.480124 0 0.207061 0 0
0.0334912 0 0.0266318 0 0
0.00106617 0 -0.0257702 0 0
-0.621659 0 -1.66121 0 0
1.21431 0 -0.355713 0 0
0.50936 0 0.213502 0 0
0.0384703 0 0.031036 0 0
0.00217428 0 -0.0257128 0 0
-0.868679 0 -1.6228 0 0
1.14881 0 -0.408358 0 0
0.535908 0 0.218338 0 0
0.044002 0 0.0358689 0 0
0.00322551 0 -0.025358 0 0
-1.07473 0 -1.57949 0 0
1.07129 0 -0.461467 0 0
0.559206 0 0.221425 0 0
0.0501146 0 0.0412798 0 0
0.00422077 0 -0.0247052 0 0
-1.24278 0 -1.53193 0 0
0.983049 0 -0.514336 0 0
0.578736 0 0.22262 0 0
0.0568238 0 0.0473909 0 0
0.00517668 0 -0.0237517 0 0
-1.37607 0 -1.48079 0 0
0.885597 0 -0.566283 0 0
0.594043 0 0.221794 0 0
0.0641293 0 0.0542879 0 0
0.00612323 0 -0.0224936 0 0
-1.478 0 -1.4267 0 0
0.78055 0 -0.616661 0 0
0.604745 0 0.21883 0 0
0.0720135 0 0.0620135 0 0
0.00710037 0 -0.0209257 0 0
-1.55194 0 -1.37031 0 0
0.669607 0 -0.66487 0 0
0.610541 0 0.213627 0 0
0.0804397 0 0.0705648 0 0
0.0081537 0 -0.019042 0 0
-1.60118 0 -1.31222 0 0
0.554494 0 -0.710369 0 0
0.611213 0 0.206109 0 0
0.0893527 0 0.0798933 0 0
0.00932997 0 -0.0168367 0 0
-1.62887 0 -1.25299 0 0
0.436924 0 -0.752682 0 0
0.60664 0 0.19622 0 0
0.0986786 0 0.0899088 0 0
0.0106726 0 -0.0143048 0 0
-1.63795 0 -1.19315 0 0
0.318553 0 -0.791406 0 0
0.596784 0 0.183929 0 0
0.108327 0 0.100484 0 0
0.0122177 0 -0.0114428 0 0
-1.63116 0 -1.13317 0 0
0.200944 0 -0.82621 0 0
0.581702 0 0.169237 0 0
0.118193 0 0.111465 0 0
0.013991 0 -0.00825026 0 0
-1.61099 0 -1.07348 0 0
0.0855358 0 -0.856845 0 0
0.561534 0 0.152168 0 0
0.12816 0 0.122674 0 0
0.0160059 0 -0.00472992 0 0
-1.57972 0 -1.01446 0 0
-0.0263757 0 -0.883134 0 0
0.536496 0 0.132779 0 0
0.138105 0 0.133924 0 0
0.0182624 0 -0.000888814 0 0
-1.53936 0 -0.956407 0 0
-0.133657 0 -0.904976 0 0
0.506877 0 0.111156 0 0
0.147899 0 0.145027 0 0
0.0207476 0 0.00326138 0 0
-1.4917 0 -0.899612 0 0
-0.235347 0 -0.922339 0 0
0.473027 0 0.0874143 0 0
0.157412 0 0.155795 0 0
0.0234368 0 0.00770409 0 0
-1.43834 0 -0.844297 0 0
-0.33066 0 -0.935253 0 0
0.435347 0 0.0616952 0 0
0.166517 0 0.166053 0 0
0.0262957 0 0.0124178 0 0
-1.38065 0 -0.790647 0 0
-0.418984 0 -0.943808 0 0
0.394277 0 0.0341671 0 0
0.175094 0 0.175641 0 0
0.029283 0 0.0173765 0 0
-1.31984 0 -0.738807 0 0
-0.499873 0 -0.948141 0 0
0.35029 0 0.00502135 0 0
0.183026 0 0.184418 0 0
0.0323533 0 0.0225497 0 0
-1.25695 0 -0.688887 0 0
-0.573042 0 -0.948436 0 0
0.303875 0 -0.025531 0 0
0.19021 0 0.19226 0 0
0.03546 0 0.0279036 0 0
-1.19289 0 -0.640967 0 0
-0.638348 0 -0.944906 0 0
0.255533 0 -0.0572619 0 0
0.196551 0 0.199066 0 0
0.0385579 0 0.0334014 0 0
-1.1284 0 -0.595101 0 0
-0.695779 0 -0.937797 0 0
0.205761 0 -0.0899305 0 0
0.201966 0 0.204753 0 0
0.0416055 0 0.0390042 0 0
-1.06412 0 -0.551317 0 0
-0.745437 0 -0.927372 0 0
0.155051 0 -0.123287 0 0
0.206384 0 0.209257 0 0
0.0445663 0 0.0446719 0 0
-1.00058 0 -0.509625 0 0
-0.787521 0 -0.913908 0 0
0.103875 0 -0.157074 0 0
0.209748 0 0.212526 0 0
0.0474105 0 0.050364 0 0
-0.938236 0 -0.470017 0 0
-0.822311 0 -0.897691 0 0
0.0526849 0 -0.191035 0 0
0.212012 0 0.214526 0 0
0.0501149 0 0.0560407 0 0
-0.87742 0 -0.432474 0 0
-0.850153 0 -0.87901 0 0
0.00190251 0 -0.224913 0 0
0.21314 0 0.215231 0 0
0.0526634 0 0.0616633 0 0
-0.818408 0 -0.396962 0 0
-0.871441 0 -0.858152 0 0
-0.0480816 0 -0.258457 0 0
0.213109 0 0.214625 0 0
0.0550464 0 0.0671956 0 0
-0.761401 0 -0.363437 0 0
-0.886607 0 -0.835398 0 0
-0.0969118 0 -0.291423 0 0
0.211907 0 0.2127 0 0
0.0572605 0 0.0726044 0 0
-0.706538 0 -0.331851 0 0
-0.896108 0 -0.811019 0 0
-0.144268 0 -0.323578 0 0
0.209532 0 0.209453 0 0
0.0593077 0 0.0778604 0 0
-0.65392 0 -0.302147 0 0
-0.900412 0 -0.785277 0 0
-0.189869 0 -0.354701 0 0
0.20599 0 0.204888 0 0
0.0611942 0 0.0829388 0 0
-0.603612 0 -0.274263 0 0
-0.899994 0 -0.75842 0 0
-0.233469 0 -0.384589 0 0
0.201298 0 0.199013 0 0
0.0629298 0 0.0878195 0 0
-0.555658 0 -0.248136 0 0
-0.89532 0 -0.730682 0 0
-0.274858 0 -0.413055 0 0
0.195481 0 0.191842 0 0
0.0645266 0 0.0924878 0 0
-0.510078 0 -0.223697 0 0
-0.88685 0 -0.702281 0 0
-0.313863 0 -0.439929 0 0
0.188572 0 0.183395 0 0
0.0659981 0 0.0969335 0 0
-0.46687 0 -0.200878 0 0
-0.875026 0 -0.673419 0 0
-0.350343 0 -0.465062 0 0
0.180611 0 0.173698 0 0
0.0673581 0 0.101151 0 0
-0.426011 0 -0.17961 0 0
-0.860271 0 -0.644282 0 0
-0.384192 0 -0.488324 0 0
0.171648 0 0.162783 0 0
0.0686194 0 0.105139 0 0
-0.387464 0 -0.159823 0 0
-0.842983 0 -0.615038 0 0
-0.415331 0 -0.509608 0 0
0.161736 0 0.150689 0 0
0.0697932 0 0.108899 0 0
-0.351172 0 -0.141447 0 0
-0.823536 0 -0.585842 0 0
-0.443711 0 -0.528824 0 0
0.150936 0 0.137464 0 0
0.0708881 0 0.112433 0 0
-0.31707 0 -0.124414 0 0
-0.802278 0 -0.55683 0 0
-0.469311 0 -0.545904 0 0
0.139316 0 0.123159 0 0
0.0719096 0 0.115747 0 0
-0.285081 0 -0.108657 0 0
-0.779528 0 -0.528124 0 0
-0.492133 0 -0.560802 0 0
0.126946 0 0.107836 0 0
0.0728595 0 0.118842 0 0
-0.25512 0 -0.0941109 0 0
-0.755581 0 -0.49983 0 0
-0.512204 0 -0.573487 0 0
0.113901 0 0.0915612 0 0
0.0737363 0 0.121723 0 0
-0.227098 0 -0.0807114 0 0
-0.730701 0 -0.472043 0 0
-0.529567 0 -0.583949 0 0
0.100261 0 0.0744072 0 0
0.0745344 0 0.124387 0 0
-0.200916 0 -0.0683966 0 0
-0.705129 0 -0.444839 0 0
-0.544286 0 -0.592198 0 0
0.0861063 0 0.0564529 0 0
0.0752454 0 0.126832 0 0
-0.176474 0 -0.0571066 0 0
-0.67908 0 -0.418286 0 0
-0.556442 0 -0.598258 0 0
0.0715192 0 0.037782 0 0
0.0758577 0 0.12905 0 0
-0.153672 0 -0.0467829 0 0
-0.652742 0 -0.392438 0 0
-0.566126 0 -0.60217 0 0
0.0565831 0 0.0184828 0 0
0.0763577 0 0.13103 0 0
-0.132413 0 -0.0373691 0 0
-0.626287 0 -0.367339 0 0
-0.573444 0 -0.603991 0 0
0.0413813 0 -0.00135262 0 0
0.0767303 0 0.132757 0 0
-0.112609 0 -0.0288102 0 0
-0.59986 0 -0.343022 0 0
-0.57851 0 -0.603792 0 0
0.025996 0 -0.0216293 0 0
0.0769592 0 0.134212 0 0
-0.0941806 0 -0.0210531 0 0
-0.573591 0 -0.31951 0 0
-0.581445 0 -0.601657 0 0
0.0105076 0 -0.0422498 0 0
0.0770279 0 0.135373 0 0
-0.0770631 0 -0.0140463 0 0
-0.54759 0 -0.29682 0 0
-0.582378 0 -0.597681 0 0
-0.00500592 0 -0.063115 0 0
0.0769197 0 0.136217 0 0
-0.0612011 0 -0.00773985 0 0
-0.521951 0 -0.27496 0 0
-0.581441 0 -0.591968 0 0
-0.0204697 0 -0.0841253 0 0
0.0766188 0 0.136717 0 0
-0.0465449 0 -0.00208565 0 0
-0.496754 0 -0.253932 0 0
-0.57877 0 -0.584631 0 0
-0.0358123 0 -0.105181 0 0
0.0761104 0 0.136847 0 0
-0.0330449 0 0.00296266 0 0
-0.472065 0 -0.233734 0 0
-0.5745 0 -0.575789 0 0
-0.0509664 0 -0.126182 0 0
0.0753815 0 0.136576 0 0
-0.0206469 0 0.00744945 0 0
-0.44794 0 -0.21436 0 0
-0.568769 0 -0.565565 0 0
-0.0658689 0 -0.147031 0 0
0.0744206 0 0.135879 0 0
-0.00929002 0 0.011417 0 0
-0.424422 0 -0.195802 0 0
-0.561712 0 -0.554083 0 0
-0.0804611 0 -0.167633 0 0
0.0732186 0 0.134727 0 0
0.00109255 0 0.0149054 0 0
-0.401547 0 -0.178046 0 0
-0.553459 0 -0.541471 0 0
-0.0946889 0 -0.187894 0 0
0.0717684 0 0.133093 0 0
0.0105702 0 0.0179524 0 0
-0.379342 0 -0.161081 0 0
-0.544141 0 -0.527852 0 0
-0.108503 0 -0.207725 0 0
0.0700653 0 0.130952 0 0
0.0192109 0 0.0205931 0 0
-0.357827 0 -0.144893 0 0
-0.533881 0 -0.513351 0 0
-0.121858 0 -0.227041 0 0
0.068107 0 0.128281 0 0
0.0270771 0 0.0228601 0 0
-0.337016 0 -0.129464 0 0
-0.522797 0 -0.498087 0 0
-0.134715 0 -0.245761 0 0
0.0658933 0 0.125061 0 0
0.034223 0 0.0247836 0 0
-0.316919 0 -0.114779 0 0
-0.511002 0 -0.482176 0 0
-0.147038 0 -0.263806 0 0
0.0634259 0 0.121274 0 0
0.0406934 0 0.0263913 0 0
-0.29754 0 -0.100821 0 0
-0.498601 0 -0.465728 0 0
-0.158797 0 -0.281105 0 0
0.0607086 0 0.116907 0 0
0.0465246 0 0.0277087 0 0
-0.278879 0 -0.0875697 0 0
-0.485694 0 -0.448848 0 0
-0.169964 0 -0.297591 0 0
0.0577469 0 0.11195 0 0
0.0517466 0 0.0287591 0 0
-0.260934 0 -0.0750069 0 0
-0.472374 0 -0.431635 0 0
-0.180517 0 -0.313201 0 0
0.0545478 0 0.106398 0 0
0.0563864 0 0.0295644 0 0
-0.243701 0 -0.0631126 0 0
-0.458727 0 -0.414182 0 0
-0.190437 0 -0.327881 0 0
0.0511201 0 0.10025 0 0
0.0604714 0 0.0301448 0 0
-0.227173 0 -0.0518669 0 0
-0.444833 0 -0.396572 0 0
-0.199711 0 -0.341579 0 0
0.0474736 0 0.093508 0 0
0.064031 0 0.0305193 0 0
-0.211341 0 -0.0412503 0 0
-0.430764 0 -0.378883 0 0
-0.208328 0 -0.354253 0 0
0.0436198 0 0.0861779 0 0
0.0670972 0 0.0307059 0 0
-0.196195 0 -0.0312436 0 0
-0.416588 0 -0.361187 0 0
-0.21628 0 -0.365864 0 0
0.0395712 0 0.07827 0 0
0.0697038 0 0.0307215 0 0
-0.181726 0 -0.0218287 0 0
-0.402366 0 -0.343547 0 0
-0.223564 0 -0.376384 0 0
0.0353415 0 0.0697982 0 0
0.0718851 0 0.0305826 0 0
-0.16792 0 -0.0129883 0 0
-0.388153 0 -0.32602 0 0
-0.230179 0 -0.385788 0 0
0.030945 0 0.06078 0 0
0.0736756 0 0.0303046 0 0
-0.154766 0 -0.00470618 0 0
-0.373998 0 -0.308656 0 0
-0.236127 0 -0.394059 0 0
0.0263969 0 0.0512365 0 0
0.0751096 0 0.0299026 0 0
-0.142252 0 0.00303277 0 0
-0.359945 0 -0.291499 0 0
-0.241413 0 -0.401187 0 0
0.0217124 0 0.0411928 0 0
0.0762229 0 0.029391 0 0
-0.130363 0 0.0102429 0 0
-0.346034 0 -0.274588 0 0
-0.246045 0 -0.407168 0 0
0.016907 0 0.0306775 0 0
0.0770522 0 0.0287834 0 0
-0.119088 0 0.016938 0 0
-0.332296 0 -0.257956 0 0
-0.250032 0 -0.412003 0 0
0.0119958 0 0.019723 0 0
0.0776348 0 0.0280931 0 0
-0.108411 0 0.0231313 0 0
-0.318761 0 -0.241632 0 0
-0.253387 0 -0.415701 0 0
0.00699399 0 0.00836545 0 0
0.0780047 0 0.0273326 0 0
-0.0983199 0 0.028836 0 0
-0.305452 0 -0.225642 0 0
-0.256123 0 -0.418272 0 0
0.00191639 0 -0.00335561 0 0
0.0781892 0 0.0265138 0 0
-0.0888002 0 0.0340654 0 0
-0.292388 0 -0.210006 0 0
-0.258256 0 -0.419737 0 0
-0.00322224 0 -0.0153975 0 0
0.0782071 0 0.0256478 0 0
-0.079838 0 0.0388326 0 0
-0.279587 0 -0.194743 0 0
-0.259804 0 -0.420116 0 0
-0.00840721 0 -0.0277145 0 0
0.0780705 0 0.0247449 0 0
-0.071419 0 0.0431514 0 0
-0.267059 0 -0.179868 0 0
-0.260785 0 -0.419437 0 0
-0.0136237 0 -0.0402587 0 0
0.0777916 0 0.0238145 0 0
-0.0635284 0 0.0470357 0 0
-0.254815 0 -0.165394 0 0
-0.26122 0 -0.417732 0 0
-0.018857 0 -0.05298 0 0
0.0773879 0 0.0228648 0 0
-0.0561513 0 0.0505002 0 0
-0.242863 0 -0.15133 0 0
-0.261129 0 -0.415036 0 0
-0.0240919 0 -0.0658268 0 0
0.076886 0 0.0219029 0 0
-0.0492726 0 0.0535598 0 0
-0.231208 0 -0.137685 0 0
-0.260535 0 -0.411386 0 0
-0.0293133 0 -0.0787464 0 0
0.0763181 0 0.0209348 0 0
-0.0428767 0 0.0562303 0 0
-0.219854 0 -0.124464 0 0
-0.259462 0 -0.406827 0 0
-0.0345059 0 -0.0916851 0 0
0.0757152 0 0.0199652 0 0
-0.036948 0 0.0585277 0 0
-0.208807 0 -0.111672 0 0
-0.257932 0 -0.401403 0 0
-0.0396541 0 -0.104589 0 0
0.0750994 0 0.0189979 0 0
-0.0314703 0 0.0604688 0 0
-0.198068 0 -0.09931 0 0
-0.255971 0 -0.395163 0 0
-0.0447426 0 -0.117406 0 0
0.0744787 0 0.0180356 0 0
-0.0264274 0 0.0620707 0 0
-0.18764 0 -0.0873799 0 0
-0.253603 0 -0.388156 0 0
-0.0497558 0 -0.130081 0 0
0.073847 0 0.0170803 0 0
-0.0218024 0 0.0633511 0 0
-0.177525 0 -0.0758813 0 0
-0.250854 0 -0.380437 0 0
-0.0546785 0 -0.142564 0 0
0.0731892 0 0.016133 0 0
-0.0175783 0 0.0643279 0 0
-0.167723 0 -0.0648133 0 0
-0.247749 0 -0.372059 0 0
-0.0594956 0 -0.154806 0 0
0.072489 0 0.0151946 0 0
-0.0137374 0 0.065019 0 0
-0.158235 0 -0.054174 0 0
-0.244314 0 -0.363077 0 0
-0.0641928 0 -0.166759 0 0
0.0717363 0 0.0142652 0 0
-0.0102619 0 0.0654422 0 0
-0.149061 0 -0.043961 0 0
-0.240574 0 -0.353547 0 0
-0.0687566 0 -0.17838 0 0
0.0709314 0 0.0133448 0 0
-0.00713365 0 0.0656155 0 0
-0.140199 0 -0.0341714 0 0
-0.236553 0 -0.343525 0 0
-0.0731751 0 -0.189629 0 0
0.0700851 0 0.012433 0 0
-0.00433392 0 0.0655563 0 0
-0.131648 0 -0.0248016 0 0
-0.232278 0 -0.333064 0 0
-0.0774376 0 -0.200469 0 0
0.0692146 0 0.0115292 0 0
-0.00184387 0 0.0652822 0 0
-0.123407 0 -0.0158479 0 0
-0.227772 0 -0.322221 0 0
-0.0815357 0 -0.210869 0 0
0.0683373 0 0.0106325 0 0
0.000355642 0 0.0648107 0 0
-0.115472 0 -0.00730609 0 0
-0.223059 0 -0.311047 0 0
-0.0854626 0 -0.220801 0 0
0.0674656 0 0.00974202 0 0
0.00228392 0 0.0641595 0 0
-0.107842 0 0.000828274 0 0
-0.218162 0 -0.299594 0 0
-0.0892136 0 -0.230241 0 0
0.0666032 0 0.00885661 0 0
0.00396034 0 0.0633464 0 0
-0.100514 0 0.00855989 0 0
-0.213103 0 -0.287911 0 0
-0.0927858 0 -0.23917 0 0
0.0657456 0 0.00797511 0 0
0.00540427 0 0.0623895 0 0
-0.0934853 0 0.0158937 0 0
-0.207906 0 -0.276047 0 0
-0.0961774 0 -0.247572 0 0
0.0648824 0 0.00709633 0 0
0.00663494 0 0.0613072 0 0
-0.0867528 0 0.0228347 0 0
-0.20259 0 -0.264048 0 0
-0.0993879 0 -0.255436 0 0
0.0640013 0 0.00621918 0 0
0.00767134 0 0.060118 0 0
-0.0803133 0 0.029388 0 0
-0.197176 0 -0.251957 0 0
-0.102417 0 -0.262753 0 0
0.0630915 0 0.00534267 0 0
0.00853205 0 0.0588401 0 0
-0.0741635 0 0.0355588 0 0
-0.191684 0 -0.239818 0 0
-0.105266 0 -0.26952 0 0
0.0621455 0 0.00446592 0 0
0.00923518 0 0.0574913 0 0
-0.0682998 0 0.0413521 0 0
-0.186132 0 -0.227671 0 0
-0.107936 0 -0.275735 0 0
0.0611588 0 0.00358825 0 0
0.00979821 0 0.0560888 0 0
-0.0627182 0 0.0467729 0 0
-0.180537 0 -0.215554 0 0
-0.110427 0 -0.281401 0 0
0.0601292 0 0.00270914 0 0
0.0102379 0 0.0546487 0 0
-0.0574148 0 0.051826 0 0
-0.174918 0 -0.203502 0 0
-0.112741 0 -0.286524 0 0
0.0590558 0 0.00182823 0 0
0.0105701 0 0.0531857 0 0
-0.0523856 0 0.0565164 0 0
-0.169289 0 -0.19155 0 0
-0.11488 0 -0.291113 0 0
0.0579383 0 0.000945258 0 0
0.0108099 0 0.0517132 0 0
-0.0476262 0 0.0608494 0 0
-0.163665 0 -0.179726 0 0
-0.116846 0 -0.295177 0 0
0.0567769 0 6.00727e-05 0 0
0.0109713 0 0.0502434 0 0
-0.043132 0 0.0648305 0 0
-0.158061 0 -0.168059 0 0
-0.118642 0 -0.298728 0 0
0.0555722 0 -0.00082744 0 0
0.0110673 0 0.048787 0 0
-0.0388982 0 0.0684659 0 0
-0.152489 0 -0.156571 0 0
-0.120271 0 -0.301781 0 0
0.0543256 0 -0.00171733 0 0
0.0111097 0 0.0473536 0 0
-0.0349194 0 0.0717624 0 0
-0.146962 0 -0.145283 0 0
-0.121737 0 -0.304348 0 0
0.053039 0 -0.00260951 0 0
0.0111094 0 0.0459518 0 0
-0.0311902 0 0.0747276 0 0
-0.141489 0 -0.134214 0 0
-0.123042 0 -0.306442 0 0
0.0517147 0 -0.00350372 0 0
0.0110762 0 0.044589 0 0
-0.0277045 0 0.0773697 0 0
-0.136082 0 -0.123378 0 0
-0.124191 0 -0.308076 0 0
0.0503558 0 -0.00439931 0 0
0.011019 0 0.0432716 0 0
-0.0244563 0 0.079698 0 0
-0.130748 0 -0.112789 0 0
-0.125186 0 -0.309262 0 0
0.0489657 0 -0.00529527 0 0
0.0109456 0 0.0420046 0 0
-0.0214393 0 0.0817224 0 0
-0.125497 0 -0.102458 0 0
-0.126029 0 -0.310011 0 0
0.0475483 0 -0.00619003 0 0
0.0108626 0 0.0407921 0 0
-0.0186471 0 0.0834534 0 0
-0.120335 0 -0.092394 0 0
-0.126723 0 -0.310334 0 0
0 0 0 0 0
0.0107756 0 0.0396367 0 0
-0.0160727 0 0.0849021 0 0
-0.115269 0 -0.0826063 0 0
-0.127269 0 -0.310239 0 0
0 0 0 0 0
0.0106893 0 0.0385398 0 0
-0.0137092 0 0.08608 0 0
-0.110304 0 -0.0731017 0 0
-0.127669 0 -0.309736 0 0
0 0 0 0 0
0.0106073 0 0.0375013 0 0
-0.0115492 0 0.086999 0 0
-0.105445 0 -0.0638862 0 0
-0.127925 0 -0.308831 0 0
0 0 0 0 0
0.0105326 0 0.0365202 0 0
-0.00958465 0 0.0876717 0 0
-0.100696 0 -0.0549649 0 0
-0.128039 0 -0.307532 0 0
0 0 0 0 0
0.0104672 0 0.0355942 0 0
-0.00780729 0 0.0881106 0 0
-0.0960614 0 -0.0463418 0 0
-0.128013 0 -0.305845 0 0
0 0 0 0 0
0.0104126 0 0.0347203 0 0
-0.00620821 0 0.088329 0 0
-0.091543 0 -0.03802 0 0
-0.127848 0 -0.303777 0 0
0 0 0 0 0
0.0103696 0 0.0338948 0 0
-0.0047781 0 0.08834 0 0
-0.0871434 0 -0.0300015 0 0
-0.127547 0 -0.301333 0 0
0 0 0 0 0
0.0103381 0 0.0331132 0 0
-0.00350729 0 0.0881573 0 0
-0.0828646 0 -0.0222876 0 0
-0.127113 0 -0.29852 0 0
0 0 0 0 0
0.0103177 0 0.0323709 0 0
-0.0023859 0 0.0877945 0 0
-0.0787078 0 -0.0148784 0 0
-0.126547 0 -0.295342 0 0
0 0 0 0 0
0.0103068 0 0.0316629 0 0
-0.00140393 0 0.0872657 0 0
-0.0746742 0 -0.00777371 0 0
-0.125852 0 -0.291804 0 0
0 0 0 0 0
0.0103039 0 0.0309844 0 0
-0.000551387 0 0.0865847 0 0
-0.0707642 0 -0.000972325 0 0
-0.125029 0 -0.287911 0 0
0 0 0 0 0
0.0103067 0 0.0303301 0 0
0.000181635 0 0.0857656 0 0
-0.066978 0 0.00552722 0 0
-0.12408 0 -0.283669 0 0
0 0 0 0 0
0.010313 0 0.0296952 0 0
0.000804909 0 0.0848223 0 0
-0.0633156 0 0.0117268 0 0
-0.123007 0 -0.279082 0 0
0 0 0 0 0
0.0103201 0 0.0290747 0 0
0.00132804 0 0.0837685 0 0
-0.0597767 0 0.0176287 0 0
-0.121812 0 -0.274156 0 0
0 0 0 0 0
0.0103249 0 0.0284638 0 0
0.00176047 0 0.0826176 0 0
-0.0563606 0 0.0232352 0 0
-0.120496 0 -0.268894 0 0
0 0 0 0 0
0.010324 0 0.0278576 0 0
0.00211142 0 0.0813829 0 0
-0.0530667 0 0.0285489 0 0
-0.119063 0 -0.263304 0 0
0 0 0 0 0
0.0103141 0 0.0272517 0 0
0.00238989 0 0.0800771 0 0
-0.0498943 0 0.0335727 0 0
-0.117513 0 -0.257391 0 0
0 0 0 0 0
0.0102919 0 0.0266414 0 0
0.00260459 0 0.0787124 0 0
-0.0468421 0 0.0383096 0 0
-0.11585 0 -0.251163 0 0
0 0 0 0 0
0.0102542 0 0.0260224 0 0
0.00276388 0 0.0773009 0 0
-0.0439089 0 0.0427631 0 0
-0.114075 0 -0.244627 0 0
0 0 0 0 0
0.010198 0 0.0253904 0 0
0.00287567 0 0.0758536 0 0
-0.0410931 0 0.0469372 0 0
-0.112193 0 -0.237794 0 0
0 0 0 0 0
0.0101206 0 0.0247417 0 0
0.00294744 0 0.0743813 0 0
-0.0383934 0 0.0508363 0 0
-0.110206 0 -0.230672 0 0
0 0 0 0 0
0.0100194 0 0.0240726 0 0
0.00298602 0 0.0728938 0 0
-0.0358082 0 0.0544659 0 0
-0.108118 0 -0.223273 0 0
0 0 0 0 0
0.00989238 0 0.0233804 0 0
0.00299755 0 0.0714002 0 0
-0.0333358 0 0.0578322 0 0
-0.105933 0 -0.215609 0 0
0 0 0 0 0
0.00973757 0 0.0226628 0 0
0.00298735 0 0.0699087 0 0
-0.0309745 0 0.0609422 0 0
-0.103655 0 -0.207695 0 0
0 0 0 0 0
0.00955346 0 0.021918 0 0
0.00295986 0 0.0684265 0 0
-0.0287225 0 0.0638039 0 0
-0.101289 0 -0.199545 0 0
0 0 0 0 0
0.00933895 0 0.0211453 0 0
0.00291868 0 0.0669596 0 0
-0.0265778 0 0.0664258 0 0
-0.0988394 0 -0.191176 0 0
0 0 0 0 0
0.00909344 0 0.0203443 0 0
0.00286661 0 0.065513 0 0
-0.0245384 0 0.0688171 0 0
-0.0963107 0 -0.182603 0 0
0 0 0 0 0
0.00881679 0 0.0195154 0 0
0.00280577 0 0.0640904 0 0
-0.0226022 0 0.0709868 0 0
-0.0937079 0 -0.173846 0 0
0 0 0 0 0
0.00850926 0 0.0186593 0 0
0.00273777 0 0.0626942 0 0
-0.0207666 0 0.0729441 0 0
-0.0910364 0 -0.164923 0 0
0 0 0 0 0
0.00817143 0 0.0177773 0 0
0.00266394 0 0.061326 0 0
-0.0190291 0 0.0746981 0 0
-0.0883013 0 -0.155854 0 0
0 0 0 0 0
0.00780416 0 0.016871 0 0
0.00258542 0 0.0599863 0 0
-0.0173868 0 0.0762574 0 0
-0.0855082 0 -0.146659 0 0
0 0 0 0 0
0.00740861 0 0.0159427 0 0
0.00250328 0 0.0586749 0 0
-0.0158365 0 0.0776305 0 0
-0.082663 0 -0.137359 0 0
0 0 0 0 0
0.00698625 0 0.014995 0 0
0.00241855 0 0.0573913 0 0
-0.014375 0 0.0788257 0 0
-0.0797722 0 -0.127974 0 0
0 0 0 0 0
0.00653876 0 0.0140309 0 0
0.00233224 0 0.0561344 0 0
-0.0129988 0 0.0798512 0 0
-0.0768427 0 -0.118528 0 0
0 0 0 0 0
0.0060681 0 0.0130539 0 0
0.00224519 0 0.0549033 0 0
-0.0117042 0 0.0807158 0 0
-0.0738821 0 -0.10904 0 0
0 0 0 0 0
0.00557643 0 0.0120676 0 0
0.00215808 0 0.0536969 0 0
-0.0104874 0 0.0814282 0 0
-0.0708984 0 -0.0995321 0 0
0 0 0 0 0
0.00506607 0 0.0110756 0 0
0.00207128 0 0.0525141 0 0
-0.00934413 0 0.0819984 0 0
-0.0679002 0 -0.0900265 0 0
0 0 0 0 0
0.00453948 0 0.0100811 0 0
0.00198474 0 0.0513539 0 0
-0.00827035 0 0.0824366 0 0
-0.0648963 0 -0.0805444 0 0
0 0 0 0 0
0.00399914 0 0.00908703 0 0
0.00189797 0 0.0502153 0 0
-0.00726194 0 0.0827539 0 0
-0.0618957 0 -0.0711078 0 0
0 0 0 0 0
0.00344752 0 0.00809576 0 0
0.00181003 0 0.049097 0 0
-0.00631496 0 0.0829617 0 0
-0.058907 0 -0.0617384 0 0
0 0 0 0 0
0.00288717 0 0.00710909 0 0
0.00171963 0 0.0479974 0 0
-0.00542563 0 0.0830718 0 0
-0.0559385 0 -0.0524581 0 0
0 0 0 0 0
0.00232072 0 0.00612836 0 0
0.00162524 0 0.0469147 0 0
-0.00459038 0 0.083096 0 0
-0.0529977 0 -0.0432889 0 0
0 0 0 0 0
0.00175092 0 0.00515462 0 0
0.00152532 0 0.0458465 0 0
-0.00380582 0 0.0830455 0 0
-0.0500916 0 -0.0342525 0 0
0 0 0 0 0
0.00118045 0 0.00418882 0 0
0.0014184 0 0.0447901 0 0
-0.0030688 0 0.0829311 0 0
-0.0472262 0 -0.0253701 0 0
0 0 0 0 0
0.000611882 0 0.00323203 0 0
0.00130326 0 0.0437424 0 0
-0.00237631 0 0.0827626 0 0
-0.0444071 0 -0.0166625 0 0
0 0 0 0 0
4.76318e-05 0 0.0022857 0 0
0.00117896 0 0.0427001 0 0
-0.00172554 0 0.0825491 0 0
-0.0416389 0 -0.00814927 0 0
0 0 0 0 0
-0.00051006 0 0.0013517 0 0
0.00104481 0 0.0416601 0 0
-0.00111382 0 0.0822988 0 0
-0.0389259 0 0.000151133 0 0
0 0 0 0 0
-0.00105913 0 0.000432412 0 0
0.000900366 0 0.0406192 0 0
-0.000538635 0 0.082019 0 0
-0.0362722 0 0.00822171 0 0
0 0 0 0 0
-0.00159772 0 -0.000469344 0 0
0.00074523 0 0.0395755 0 0
2.39692e-06 0 0.0817169 0 0
-0.0336814 0 0.016047 0 0
0 0 0 0 0
-0.00212418 0 -0.00135048 0 0
0.000579005 0 0.0385272 0 0
0.000511654 0 0.081399 0 0
-0.0311569 0 0.0236133 0 0
0 0 0 0 0
0 0 0 0 0
0.00040121 0 0.0374738 0 0
0.00099159 0 0.0810718 0 0
-0.0287019 0 0.0309081 0 0
0 0 0 0 0
0 0 0 0 0
0.000211311 0 0.0364157 0 0
0.00144476 0 0.0807412 0 0
-0.0263195 0 0.0379207 0 0
0 0 0 0 0
0 0 0 0 0
8.8134e-06 0 0.0353539 0 0
0.0018737 0 0.0804131 0 0
-0.0240126 0 0.0446414 0 0
0 0 0 0 0
0 0 0 0 0
-0.000206567 0 0.0342901 0 0
0.00228086 0 0.0800924 0 0
-0.0217836 0 0.0510617 0 0
0 0 0 0 0
0 0 0 0 0
-0.000434713 0 0.0332262 0 0
0.00266855 0 0.0797835 0 0
-0.019635 0 0.0571743 0 0
0 0 0 0 0
0 0 0 0 0
-0.000674916 0 0.0321646 0 0
0.0030389 0 0.0794897 0 0
-0.0175688 0 0.0629729 0 0
0 0 0 0 0
0 0 0 0 0
-0.000925758 0 0.0311072 0 0
0.00339386 0 0.0792132 0 0
-0.0155867 0 0.0684521 0 0
0 0 0 0 0
0 0 0 0 0
-0.00118511 0 0.0300561 0 0
0.00373512 0 0.0789552 0 0
-0.0136902 0 0.0736079 0 0
0 0 0 0 0
0 0 0 0 0
-0.00145028 0 0.0290133 0 0
0.00406411 0 0.0787158 0 0
-0.0118803 0 0.0784375 0 0
0 0 0 0 0
0 0 0 0 0
-0.00171819 0 0.027981 0 0
0.00438197 0 0.0784944 0 0
-0.0101578 0 0.0829394 0 0
0 0 0 0 0
0 0 0 0 0
-0.0019857 0 0.0269615 0 0
0.00468956 0 0.0782899 0 0
-0.00852302 0 0.0871141 0 0
0 0 0 0 0
0 0 0 0 0
-0.00224984 0 0.0259577 0 0
0.00498748 0 0.0781011 0 0
-0.00697616 0 0.0909632 0 0
0 0 0 0 0
0 0 0 0 0
-0.00250805 0 0.024973 0 0
0.00527613 0 0.0779264 0 0
-0.00551697 0 0.0944904 0 0
0 0 0 0 0
0 0 0 0 0
-0.00275832 0 0.0240112 0 0
0.00555575 0 0.0777644 0 0
-0.00414494 0 0.0977009 0 0
0 0 0 0 0
0 0 0 0 0
-0.00299919 0 0.0230765 0 0
0.00582651 0 0.0776136 0 0
-0.00285928 0 0.100601 0 0
0 0 0 0 0
0 0 0 0 0
-0.00322973 0 0.0221734 0 0
0.00608856 0 0.0774722 0 0
-0.00165894 0 0.103199 0 0
0 0 0 0 0
0 0 0 0 0
-0.00344929 0 0.0213061 0 0
0.00634209 0 0.0773382 0 0
-0.000542572 0 0.105503 0 0
0 0 0 0 0
0 0 0 0 0
-0.00365738 0 0.0204784 0 0
0.00658731 0 0.0772089 0 0
0.000491374 0 0.107524 0 0
0 0 0 0 0
0 0 0 0 0
-0.00385334 0 0.0196932 0 0
0.00682439 0 0.0770814 0 0
0.00144462 0 0.10927 0 0
0 0 0 0 0
0 0 0 0 0
-0.00403617 0 0.018953 0 0
0.00705346 0 0.0769523 0 0
0.00231902 0 0.110751 0 0
0 0 0 0 0
0 0 0 0 0
-0.00420442 0 0.018259 0 0
0.00727463 0 0.0768175 0 0
0.00311653 0 0.11198 0 0
0 0 0 0 0
0 0 0 0 0
-0.00435613 0 0.0176118 0 0
0.00748809 0 0.0766734 0 0
0.00383916 0 0.112965 0 0
0 0 0 0 0
0 0 0 0 0
-0.00448887 0 0.0170116 0 0
0.00769402 0 0.076516 0 0
0.00448897 0 0.11372 0 0
0 0 0 0 0
0 0 0 0 0
-0.00459996 0 0.0164577 0 0
0.00789253 0 0.0763421 0 0
0.00506811 0 0.114254 0 0
0 0 0 0 0
0 0 0 0 0
-0.00468666 0 0.0159498 0 0
0.00808353 0 0.0761491 0 0
0.00557879 0 0.11458 0 0
0 0 0 0 0
0 0 0 0 0
-0.00474642 0 0.0154873 0 0
0.00826675 0 0.075935 0 0
0.00602343 0 0.11471 0 0
0 0 0 0 0
0 0 0 0 0
-0.00477716 0 0.01507 0 0
0.00844173 0 0.0756984 0 0
0.00640476 0 0.114657 0 0
0 0 0 0 0
0 0 0 0 0
-0.00477743 0 0.0146979 0 0
0.00860788 0 0.0754385 0 0
0.00672587 0 0.114436 0 0
0 0 0 0 0
0 0 0 0 0
-0.00474651 0 0.0143713 0 0
0.00876451 0 0.0751549 0 0
0.00699043 0 0.114059 0 0
0 0 0 0 0
0 0 0 0 0
-0.00468443 0 0.0140906 0 0
0.00891089 0 0.0748469 0 0
0.00720265 0 0.11354 0 0
0 0 0 0 0
0 0 0 0 0
-0.00459194 0 0.0138561 0 0
0.00904624 0 0.074514 0 0
0.00736735 0 0.112894 0 0
0 0 0 0 0
0 0 0 0 0
-0.00447032 0 0.0136677 0 0
0.00916989 0 0.0741552 0 0
0.00748986 0 0.112135 0 0
0 0 0 0 0
0 0 0 0 0
-0.00432131 0 0.0135249 0 0
0.00928121 0 0.0737694 0 0
0.00757587 0 0.111278 0 0
0 0 0 0 0
0 0 0 0 0
-0.00414695 0 0.0134263 0 0
0.00937978 0 0.0733553 0 0
0.00763122 0 0.110337 0 0
0 0 0 0 0
0 0 0 0 0
-0.00394947 0 0.0133698 0 0
0.00946539 0 0.0729114 0 0
0.00766164 0 0.109325 0 0
0 0 0 0 0
0 0 0 0 0
-0.00373118 0 0.0133525 0 0
0.00953805 0 0.0724369 0 0
0.00767255 0 0.108256 0 0
0 0 0 0 0
0 0 0 0 0
-0.00349442 0 0.013371 0 0
0.00959805 0 0.0719309 0 0
0.00766886 0 0.107145 0 0
0 0 0 0 0
0 0 0 0 0
-0.00324154 0 0.0134209 0 0
0.00964594 0 0.0713937 0 0
0.00765485 0 0.106003 0 0
0 0 0 0 0
0 0 0 0 0
-0.00297492 0 0.0134979 0 0
0.00968248 0 0.0708261 0 0
0.00763416 0 0.104842 0 0
0 0 0 0 0
0 0 0 0 0
-0.00269698 0 0.0135971 0 0
0.00970863 0 0.0702298 0 0
0.00760981 0 0.103675 0 0
0 0 0 0 0
0 0 0 0 0
-0.00241027 0 0.0137138 0 0
0.0097255 0 0.0696074 0 0
0.0075843 0 0.102512 0 0
0 0 0 0 0
0 0 0 0 0
-0.00211743 0 0.0138431 0 0
0.00973427 0 0.068962 0 0
0.00755977 0 0.101363 0 0
0 0 0 0 0
0 0 0 0 0
-0.00182128 0 0.0139802 0 0
0.0097361 0 0.0682969 0 0
0.00753804 0 0.100237 0 0
0 0 0 0 0
0 0 0 0 0
-0.00152474 0 0.0141207 0 0
0.00973215 0 0.0676156 0 0
0.00752078 0 0.0991423 0 0
0 0 0 0 0
0 0 0 0 0
-0.00123084 0 0.01426 0 0
0.00972342 0 0.0669214 0 0
0.00750955 0 0.098086 0 0
0 0 0 0 0
0 0 0 0 0
-0.000942658 0 0.014394 0 0
0.00971077 0 0.0662168 0 0
0.00750581 0 0.0970742 0 0
0 0 0 0 0
0 0 0 0 0
-0.000663185 0 0.0145184 0 0
0.00969486 0 0.0655042 0 0
0.00751098 0 0.0961124 0 0
0 0 0 0 0
0 0 0 0 0
-0.000395206 0 0.0146294 0 0
0.00967617 0 0.0647848 0 0
0.00752635 0 0.095205 0 0
0 0 0 0 0
0 0 0 0 0
-0.000141145 0 0.0147231 0 0
0.00965494 0 0.0640595 0 0
0.00755313 0 0.094356 0 0
0 0 0 0 0
0 0 0 0 0
9.70717e-05 0 0.0147957 0 0
0.00963122 0 0.0633283 0 0
0.00759235 0 0.0935689 0 0
0 0 0 0 0
0 0 0 0 0
0 0 0 0 0
0.0096049 0 0.0625908 0 0
0.00764491 0 0.0928466 0 0
0 0 0 0 0
0 0 0 0 0
0 0 0 0 0
0.00957573 0 0.0618459 0 0
0.00771147 0 0.0921917 0 0
0 0 0 0 0
0 0 0 0 0
0 0 0 0 0
0.0095434 0 0.0610924 0 0
0.00779251 0 0.0916064 0 0
0 0 0 0 0
0 0 0 0 0
0 0 0 0 0
0.00950746 0 0.0603287 0 0
0.00788827 0 0.0910922 0 0
0 0 0 0 0
0 0 0 0 0
0 0 0 0 0
0.00946736 0 0.0595532 0 0
0.00799878 0 0.0906501 0 0
0 0 0 0 0
0 0 0 0 0
0 0 0 0 0
0.0094224 0 0.0587639 0 0
0.00812386 0 0.0902801 0 0
0 0 0 0 0
0 0 0 0 0
0 0 0 0 0
0.00937183 0 0.0579594 0 0
0.00826308 0 0.0899812 0 0
0 0 0 0 0
0 0 0 0 0
0 0 0 0 0
0.00931495 0 0.0571379 0 0
0.00841584 0 0.089751 0 0
0 0 0 0 0
0 0 0 0 0
0 0 0 0 0
0.00925111 0 0.0562983 0 0
0.00858132 0 0.0895863 0 0
0 0 0 0 0
0 0 0 0 0
0 0 0 0 0
0.00917968 0 0.0554398 0 0
0.00875852 0 0.0894822 0 0
0 0 0 0 0
0 0 0 0 0
0 0 0 0 0
0.00909993 0 0.0545621 0 0
0.00894628 0 0.0894332 0 0
0 0 0 0 0
0 0 0 0 0
0 0 0 0 0
0.00901107 0 0.0536651 0 0
0.00914328 0 0.0894325 0 0
0 0 0 0 0
0 0 0 0 0
0 0 0 0 0
0.00891225 0 0.0527491 0 0
0.00934806 0 0.0894728 0 0
0 0 0 0 0
0 0 0 0 0
0 0 0 0 0
0.00880259 0 0.0518144 0 0
0.00955904 0 0.0895464 0 0
0 0 0 0 0
0 0 0 0 0
0 0 0 0 0
0.00868123 0 0.0508614 0 0
0.00977455 0 0.0896451 0 0
0 0 0 0 0
0 0 0 0 0
0 0 0 0 0
0.0085473 0 0.0498901 0 0
0.00999283 0 0.0897607 0 0
0 0 0 0 0
0 0 0 0 0
0 0 0 0 0
0.00839998 0 0.0489001 0 0
0.0102121 0 0.0898847 0 0
0 0 0 0 0
0 0 0 0 0
0 0 0 0 0
0.00823852 0 0.0478906 0 0
0.0104304 0 0.0900089 0 0
0 0 0 0 0
0 0 0 0 0
0 0 0 0 0
0.00806225 0 0.0468602 0 0
0.0106459 0 0.0901252 0 0
0 0 0 0 0
0 0 0 0 0
0 0 0 0 0
0.00787066 0 0.0458074 0 0
0.0108567 0 0.0902256 0 0
0 0 0 0 0
0 0 0 0 0
0 0 0 0 0
0.00766341 0 0.0447302 0 0
0.0110609 0 0.0903023 0 0
0 0 0 0 0
0 0 0 0 0
0 0 0 0 0
0.00744038 0 0.0436266 0 0
0.0112567 0 0.0903477 0 0
0 0 0 0 0
0 0 0 0 0
0 0 0 0 0
0.00720167 0 0.0424948 0 0
0.0114423 0 0.0903544 0 0
0 0 0 0 0
0 0 0 0 0
0 0 0 0 0
0.00694762 0 0.0413332 0 0
0.0116159 0 0.0903155 0 0
0 0 0 0 0
0 0 0 0 0
0 0 0 0 0
0.00667877 0 0.0401406 0 0
0.0117759 0 0.0902244 0 0
0 0 0 0 0
0 0 0 0 0
0 0 0 0 0
0.00639587 0 0.038916 0 0
0.0119206 0 0.0900745 0 0
0 0 0 0 0
0 0 0 0 0
0 0 0 0 0
0.00609986 0 0.0376591 0 0
0.0120486 0 0.08986 0 0
0 0 0 0 0
0 0 0 0 0
0 0 0 0 0
0.00579176 0 0.0363697 0 0
0.0121584 0 0.0895751 0 0
0 0 0 0 0
0 0 0 0 0
0 0 0 0 0
0.00547266 0 0.0350483 0 0
0.0122488 0 0.0892144 0 0
0 0 0 0 0
0 0 0 0 0
0 0 0 0 0
0.00514368 0 0.0336957 0 0
0.0123185 0 0.0887731 0 0
0 0 0 0 0
0 0 0 0 0
0 0 0 0 0
0.00480587 0 0.0323128 0 0
0.0123664 0 0.0882464 0 0
0 0 0 0 0
0 0 0 0 0
0 0 0 0 0
0.00446025 0 0.0309011 0 0
0.0123915 0 0.0876304 0 0
0 0 0 0 0
0 0 0 0 0
0 0 0 0 0
0.0041077 0 0.0294622 0 0
0.0123928 0 0.0869215 0 0
0 0 0 0 0
0 0 0 0 0
0 0 0 0 0
0.003749 0 0.0279976 0 0
0.0123692 0 0.0861169 0 0
0 0 0 0 0
0 0 0 0 0
0 0 0 0 0
0.00338482 0 0.0265092 0 0
0.0123198 0 0.0852145 0 0
0 0 0 0 0
0 0 0 0 0
0 0 0 0 0
0.00301575 0 0.024999 0 0
0.0122436 0 0.0842135 0 0
0 0 0 0 0
0 0 0 0 0
0 0 0 0 0
0.00264227 0 0.0234688 0 0
0.0121396 0 0.0831137 0 0
0 0 0 0 0
0 0 0 0 0
0 0 0 0 0
0.00226481 0 0.0219207 0 0
0.0120069 0 0.0819161 0 0
0 0 0 0 0
0 0 0 0 0
0 0 0 0 0
0.0018838 0 0.0203569 0 0
0.0118446 0 0.0806228 0 0
0 0 0 0 0
0 0 0 0 0
0 0 0 0 0
0.00149964 0 0.0187799 0 0
0.0116524 0 0.0792366 0 0
0 0 0 0 0
0 0 0 0 0
0 0 0 0 0
0.00111275 0 0.0171925 0 0
0.0114302 0 0.077761 0 0
0 0 0 0 0
0 0 0 0 0
0 0 0 0 0
0.000723592 0 0.015598 0 0
0.0111782 0 0.0761999 0 0
0 0 0 0 0
0 0 0 0 0
0 0 0 0 0
0.000332661 0 0.0140002 0 0
0.0108977 0 0.0745573 0 0
0 0 0 0 0
0 0 0 0 0
0 0 0 0 0
-5.95054e-05 0 0.0124033 0 0
0.0105901 0 0.0728372 0 0
0 0 0 0 0
0 0 0 0 0
0 0 0 0 0
-0.000452326 0 0.0108121 0 0
0.0102579 0 0.0710435 0 0
0 0 0 0 0
0 0 0 0 0
0 0 0 0 0
-0.000845189 0 0.00923155 0 0
0.00990375 0 0.0691797 0 0
0 0 0 0 0
0 0 0 0 0
0 0 0 0 0
-0.00123746 0 0.00766686 0 0
0.0095306 0 0.0672493 0 0
0 0 0 0 0
0 0 0 0 0
0 0 0 0 0
-0.00162847 0 0.00612292 0 0
0.00914154 0 0.0652556 0 0
0 0 0 0 0
0 0 0 0 0
0 0 0 0 0
-0.00201759 0 0.00460425 0 0
0.00873943 0 0.0632019 0 0
0 0 0 0 0
0 0 0 0 0
0 0 0 0 0
-0.00240415 0 0.0031148 0 0
0.00832681 0 0.0610916 0 0
0 0 0 0 0
0 0 0 0 0
0 0 0 0 0
0 0 0 0 0
0.00790575 0 0.0589284 0 0
0 0 0 0 0
0 0 0 0 0
0 0 0 0 0
0 0 0 0 0
0.00747778 0 0.0567162 0 0
0 0 0 0 0
0 0 0 0 0
0 0 0 0 0
0 0 0 0 0
0.00704403 0 0.0544592 0 0
0 0 0 0 0
0 0 0 0 0
0 0 0 0 0
0 0 0 0 0
0.00660522 0 0.052162 0 0
0 0 0 0 0
0 0 0 0 0
0 0 0 0 0
0 0 0 0 0
0.00616186 0 0.0498295 0 0
0 0 0 0 0
0 0 0 0 0
0 0 0 0 0
0 0 0 0 0
0.00571434 0 0.0474668 0 0
0 0 0 0 0
0 0 0 0 0
0 0 0 0 0
0 0 0 0 0
0.00526305 0 0.045079 0 0
0 0 0 0 0
0 0 0 0 0
0 0 0 0 0
0 0 0 0 0
0.00480849 0 0.0426719 0 0
0 0 0 0 0
0 0 0 0 0
0 0 0 0 0
0 0 0 0 0
0.00435124 0 0.0402508 0 0
0 0 0 0 0
0 0 0 0 0
0 0 0 0 0
0 0 0 0 0
0.00389207 0 0.0378215 0 0
0 0 0 0 0
0 0 0 0 0
0 0 0 0 0
0 0 0 0 0
0.00343185 0 0.0353897 0 0
0 0 0 0 0
0 0 0 0 0
0 0 0 0 0
0 0 0 0 0
0.00297154 0 0.0329611 0 0
0 0 0 0 0
0 0 0 0 0
0 0 0 0 0
0 0 0 0 0
0.00251221 0 0.0305413 0 0
0 0 0 0 0
0 0 0 0 0
0 0 0 0 0
0 0 0 0 0
0.00205492 0 0.0281361 0 0
0 0 0 0 0
0 0 0 0 0
0 0 0 0 0
0 0 0 0 0
0.0016008 0 0.0257509 0 0
0 0 0 0 0
0 0 0 0 0
0 0 0 0 0
0 0 0 0 0
0.00115092 0 0.0233911 0 0
0 0 0 0 0
0 0 0 0 0
0 0 0 0 0
0 0 0 0 0
0.000706363 0 0.0210619 0 0
0 0 0 0 0
0 0 0 0 0
0 0 0 0 0
0 0 0 0 0
0.000268153 0 0.0187683 0 0
0 0 0 0 0
0 0 0 0 0
0 0 0 0 0
0 0 0 0 0
-0.000162728 0 0.016515 0 0
0 0 0 0 0
0 0 0 0 0
0 0 0 0 0
0 0 0 0 0
-0.000585355 0 0.0143065 0 0
0 0 0 0 0
0 0 0 0 0
0 0 0 0 0
0 0 0 0 0
-0.000998867 0 0.0121469 0 0
0 0 0 0 0
0 0 0 0 0
0 0 0 0 0
0 0 0 0 0
-0.00140247 0 0.0100397 0 0
0 0 0 0 0
0 0 0 0 0
0 0 0 0 0
0 0 0 0 0
-0.00179543 0 0.00798816 0 0
0 0 0 0 0
0 0 0 0 0
0 0 0 0 0
0 0 0 0 0
-0.00217711 0 0.00599492 0 0
0 0 0 0 0
0 0 0 0 0
0 0 0 0 0
0 0 0 0 0
-0.00254693 0 0.00406208 0 0
0 0 0 0 0
0 0 0 0 0
0 0 0 0 0
0 0 0 0 0
-0.00290439 0 0.00219123 0 0
0 0 0 0 0
0 0 0 0 0
0 0 0 0 0
0 0 0 0 0
-0.00324906 0 0.000383428 0 0
0 0 0 0 0
0 0 0 0 0
0 0 0 0 0
0 0 0 0 0
-0.0035806 0 -0.00136064 0 0
0 0 0 0 0
0 0 0 0 0
0 0 0 0 0
0 0 0 0 0
-0.00389875 0 -0.0030406 0 0
0 0 0 0 0
0 0 0 0 0
0 0 0 0 0
0 0 0 0 0
-0.00420331 0 -0.00465625 0 0
0 0 0 0 0
0 0 0 0 0
0 0 0 0 0
0 0 0 0 0
-0.00449416 0 -0.00620737 0 0
0 0 0 0 0
0 0 0 0 0
0 0 0 0 0
0 0 0 0 0
-0.00477124 0 -0.00769364 0 0
0 0 0 0 0
0 0 0 0 0
0 0 0 0 0
0 0 0 0 0
-0.00503457 0 -0.0091146 0 0
0 0 0 0 0
0 0 0 0 0
0 0 0 0 0
0 0 0 0 0
-0.00528423 0 -0.0104696 0 0
0 0 0 0 0
0 0 0 0 0
0 0 0 0 0
0 0 0 0 0
-0.00552035 0 -0.0117579 0 0
0 0 0 0 0
0 0 0 0 0
0 0 0 0 0
0 0 0 0 0
-0.00574311 0 -0.0129789 0 0
0 0 0 0 0
0 0 0 0 0
0 0 0 0 0
0 0 0 0 0
-0.00595274 0 -0.0141321 0 0
0 0 0 0 0
0 0 0 0 0
0 0 0 0 0
0 0 0 0 0
-0.00614952 0 -0.0152177 0 0
0 0 0 0 0
0 0 0 0 0
0 0 0 0 0
0 0 0 0 0
-0.00633374 0 -0.0162363 0 0
0 0 0 0 0
0 0 0 0 0
0 0 0 0 0
0 0 0 0 0
-0.00650574 0 -0.0171892 0 0
0 0 0 0 0
0 0 0 0 0
0 0 0 0 0
0 0 0 0 0
-0.00666589 0 -0.0180783 0 0
0 0 0 0 0
0 0 0 0 0
0 0 0 0 0
0 0 0 0 0
-0.00681457 0 -0.0189062 0 0
0 0 0 0 0
0 0 0 0 0
0 0 0 0 0
0 0 0 0 0
-0.00695217 0 -0.0196761 0 0
0 0 0 0 0
0 0 0 0 0
0 0 0 0 0
0 0 0 0 0
-0.00707911 0 -0.0203912 0 0
0 0 0 0 0
0 0 0 0 0
0 0 0 0 0
0 0 0 0 0
-0.00719581 0 -0.0210551 0 0
0 0 0 0 0
0 0 0 0 0
0 0 0 0 0
0 0 0 0 0
-0.0073027 0 -0.0216711 0 0
0 0 0 0 0
0 0 0 0 0
0 0 0 0 0
0 0 0 0 0
-0.00740021 0 -0.0222426 0 0
0 0 0 0 0
0 0 0 0 0
0 0 0 0 0
0 0 0 0 0
-0.00748878 0 -0.0227728 0 0
0 0 0 0 0
0 0 0 0 0
0 0 0 0 0
0 0 0 0 0
-0.00756882 0 -0.0232644 0 0
0 0 0 0 0
0 0 0 0 0
0 0 0 0 0
0 0 0 0 0
-0.00764077 0 -0.0237202 0 0
0 0 0 0 0
0 0 0 0 0
0 0 0 0 0
0 0 0 0 0
0 0 0 0 0
0 0 0 0 0
0 0 0 0 0
0 0 0 0 0
0 0 0 0 0
0 0 0 0 0
0 0 0 0 0
0 0 0 0 0
0 0 0 0 0
0 0 0 0 0
0 0 0 0 0
0 0 0 0 0
0 0 0 0 0
0 0 0 0 0
0 0 0 0 0
0 0 0 0 0
0 0 0 0 0
0 0 0 0 0
0 0 0 0 0
0 0 0 0 0
0 0 0 0 0
0 0 0 0 0
0 0 0 0 0
0 0 0 0 0
0 0 0 0 0
0 0 0 0 0
0 0 0 0 0
0 0 0 0 0
0 0 0 0 0
0 0 0 0 0
0 0 0 0 0
0 0 0 0 0
0 0 0 0 0
0 0 0 0 0
0 0 0 0 0
0 0 0 0 0
0 0 0 0 0
0 0 0 0 0
0 0 0 0 0
0 0 0 0 0
0 0 0 0 0
0 0 0 0 0
0 0 0 0 0
0 0 0 0 0
0 0 0 0 0
0 0 0 0 0
0 0 0 0 0
0 0 0 0 0
0 0 0 0 0
0 0 0 0 0
0 0 0 0 0
0 0 0 0 0
0 0 0 0 0
0 0 0 0 0
0 0 0 0 0
0 0 0 0 0
0 0 0 0 0
0 0 0 0 0
0 0 0 0 0
0 0 0 0 0
0 0 0 0 0
0 0 0 0 0
0 0 0 0 0
0 0 0 0 0
0 0 0 0 0
0 0 0 0 0
0 0 0 0 0
0 0 0 0 0
0 0 0 0 0
0 0 0 0 0
0 0 0 0 0
0 0 0 0 0
0 0 0 0 0
0 0 0 0 0
0 0 0 0 0
0 0 0 0 0
0 0 0 0 0
0 0 0 0 0
0 0 0 0 0
0 0 0 0 0
0 0 0 0 0
0 0 0 0 0
0 0 0 0 0
0 0 0 0 0
0 0 0 0 0
0 0 0 0 0
0 0 0 0 0
0 0 0 0 0
0 0 0 0 0
0 0 0 0 0
0 0 0 0 0
0 0 0 0 0
0 0 0 0 0
0 0 0 0 0
0 0 0 0 0
0 0 0 0 0
0 0 0 0 0
0 0 0 0 0
0 0 0 0 0
0 0 0 0 0
0 0 0 0 0
0 0 0 0 0
0 0 0 0 0
0 0 0 0 0
0 0 0 0 0
0 0 0 0 0
0 0 0 0 0
0 0 0 0 0
0 0 0 0 0
0 0 0 0 0
0 0 0 0 0
0 0 0 0 0
0 0 0 0 0
0 0 0 0 0
0 0 0 0 0
0 0 0 0 0
0 0 0 0 0
0 0 0 0 0
0 0 0 0 0
0 0 0 0 0
0 0 0 0 0
0 0 0 0 0
0 0 0 0 0
0 0 0 0 0
0 0 0 0 0
0 0 0 0 0
0 0 0 0 0
0 0 0 0 0
0 0 0 0 0
0 0 0 0 0
0 0 0 0 0
0 0 0 0 0
0 0 0 0 0
0 0 0 0 0
0 0 0 0 0
0 0 0 0 0
0 0 0 0 0
0 0 0 0 0
0 0 0 0 0
0 0 0 0 0
0 0 0 0 0
0 0 0 0 0
0 0 0 0 0
0 0 0 0 0
0 0 0 0 0
0 0 0 0 0
0 0 0 0 0
0 0 0 0 0
0 0 0 0 0
0 0 0 0 0
0 0 0 0 0
0 0 0 0 0
0 0 0 0 0
0 0 0 0 0
0 0 0 0 0
0 0 0 0 0
0 0 0 0 0
0 0 0 0 0
0 0 0 0 0
0 0 0 0 0
0 0 0 0 0
0 0 0 0 0
0 0 0 0 0
0 0 0 0 0
0 0 0 0 0
0 0 0 0 0
0 0 0 0 0
0 0 0 0 0
0 0 0 0 0
0 0 0 0 0
0 0 0 0 0
0 0 0 0 0
0 0 0 0 0
0 0 0 0 0
0 0 0 0 0
0 0 0 0 0
0 0 0 0 0
0 0 0 0 0
0 0 0 0 0
0 0 0 0 0
0 0 0 0 0
0 0 0 0 0
0 0 0 0 0
0 0 0 0 0
0 0 0 0 0
0 0 0 0 0
0 0 0 0 0
0 0 0 0 0
0 0 0 0 0
0 0 0 0 0
0 0 0 0 0
0 0 0 0 0
0 0 0 0 0
0 0 0 0 0
0 0 0 0 0
0 0 0 0 0
0 0 0 0 0
0 0 0 0 0
0 0 0 0 0
0 0 0 0 0
0 0 0 0 0
0 0 0 0 0
0 0 0 0 0
0 0 0 0 0
0 0 0 0 0
0 0 0 0 0
0 0 0 0 0
0 0 0 0 0
0 0 0 0 0
0 0 0 0 0
0 0 0 0 0
0 0 0 0 0
0 0 0 0 0
0 0 0 0 0
0 0 0 0 0
0 0 0 0 0
0 0 0 0 0
0 0 0 0 0
0 0 0 0 0
0 0 0 0 0
0 0 0 0 0
0 0 0 0 0
0 0 0 0 0
0 0 0 0 0
0 0 0 0 0
0 0 0 0 0
0 0 0 0 0
0 0 0 0 0
0 0 0 0 0
0 0 0 0 0
0 0 0 0 0
0 0 0 0 0
0 0 0 0 0
0 0 0 0 0
0 0 0 0 0
0 0 0 0 0
0 0 0 0 0
0 0 0 0 0
0 0 0 0 0
0 0 0 0 0
0 0 0 0 0
0 0 0 0 0
0 0 0 0 0
0 0 0 0 0
0 0 0 0 0
0 0 0 0 0
0 0 0 0 0
0 0 0 0 0
0 0 0 0 0
0 0 0 0 0
0 0 0 0 0
0 0 0 0 0
0 0 0 0 0
0 0 0 0 0
0 0 0 0 0
0 0 0 0 0
0 0 0 0 0
0 0 0 0 0
0 0 0 0 0
0 0 0 0 0
0 0 0 0 0
0 0 0 0 0
0 0 0 0 0
0 0 0 0 0
0 0 0 0 0
0 0 0 0 0
0 0 0 0 0
0 0 0 0 0
0 0 0 0 0
0 0 0 0 0
0 0 0 0 0
0 0 0 0 0
0 0 0 0 0
0 0 0 0 0
0 0 0 0 0
0 0 0 0 0
0 0 0 0 0
0 0 0 0 0
0 0 0 0 0
0 0 0 0 0
0 0 0 0 0
0 0 0 0 0
0 0 0 0 0
0 0 0 0 0
0 0 0 0 0
0 0 0 0 0
0 0 0 0 0
0 0 0 0 0
0 0 0 0 0
0 0 0 0 0
0 0 0 0 0
0 0 0 0 0
0 0 0 0 0
0 0 0 0 0
0 0 0 0 0
0 0 0 0 0
0 0 0 0 0
0 0 0 0 0
0 0 0 0 0
0 0 0 0 0
0 0 0 0 0
0 0 0 0 0
0 0 0 0 0
0 0 0 0 0
0 0 0 0 0
0 0 0 0 0
0 0 0 0 0
0 0 0 0 0
0 0 0 0 0
0 0 0 0 0
0 0 0 0 0
0 0 0 0 0
0 0 0 0 0
0 0 0 0 0
0 0 0 0 0
0 0 0 0 0
0 0 0 0 0
0 0 0 0 0
0 0 0 0 0
0 0 0 0 0
0 0 0 0 0
0 0 0 0 0
0 0 0 0 0
0 0 0 0 0
0 0 0 0 0
0 0 0 0 0
0 0 0 0 0
0 0 0 0 0
0 0 0 0 0
0 0 0 0 0
0 0 0 0 0
0 0 0 0 0
0 0 0 0 0
0 0 0 0 0
0 0 0 0 0
0 0 0 0 0
0 0 0 0 0
0 0 0 0 0
0 0 0 0 0
0 0 0 0 0
0 0 0 0 0
0 0 0 0 0
0 0 0 0 0
0 0 0 0 0
0 0 0 0 0
0 0 0 0 0
0 0 0 0 0
0 0 0 0 0
0 0 0 0 0
0 0 0 0 0
0 0 0 0 0
0 0 0 0 0
0 0 0 0 0
0 0 0 0 0
0 0 0 0 0
0 0 0 0 0
0 0 0 0 0
0 0 0 0 0
0 0 0 0 0
0 0 0 0 0
0 0 0 0 0
0 0 0 0 0
0 0 0 0 0
0 0 0 0 0
0 0 0 0 0
0 0 0 0 0
0 0 0 0 0
0 0 0 0 0
0 0 0 0 0
0 0 0 0 0
0 0 0 0 0
0 0 0 0 0
0 0 0 0 0
0 0 0 0 0
0 0 0 0 0
0 0 0 0 0
0 0 0 0 0
0 0 0 0 0
0 0 0 0 0
0 0 0 0 0
0 0 0 0 0
0 0 0 0 0
0 0 0 0 0
0 0 0 0 0
0 0 0 0 0
0 0 0 0 0
0 0 0 0 0
0 0 0 0 0
0 0 0 0 0
0 0 0 0 0
0 0 0 0 0
0 0 0 0 0
0 0 0 0 0
0 0 0 0 0
0 0 0 0 0
0 0 0 0 0
0 0 0 0 0
0 0 0 0 0
0 0 0 0 0
0 0 0 0 0
0 0 0 0 0
0 0 0 0 0
0 0 0 0 0
0 0 0 0 0
0 0 0 0 0
0 0 0 0 0
0 0 0 0 0
0 0 0 0 0
0 0 0 0 0
0 0 0 0 0
0 0 0 0 0
0 0 0 0 0
0 0 0 0 0
0 0 0 0 0
0 0 0 0 0
0 0 0 0 0
0 0 0 0 0
0 0 0 0 0
0 0 0 0 0
0 0 0 0 0
0 0 0 0 0
0 0 0 0 0
0 0 0 0 0
0 0 0 0 0
0 0 0 0 0
0 0 0 0 0
0 0 0 0 0
0 0 0 0 0
0 0 0 0 0
0 0 0 0 0
0 0 0 0 0
0 0 0 0 0
0 0 0 0 0
0 0 0 0 0
0 0 0 0 0
0 0 0 0 0
0 0 0 0 0
0 0 0 0 0
0 0 0 0 0
0 0 0 0 0
0 0 0 0 0
0 0 0 0 0
0 0 0 0 0
0 0 0 0 0
0 0 0 0 0
0 0 0 0 0
0 0 0 0 0
0 0 0 0 0
0 0 0 0 0
0 0 0 0 0
0 0 0 0 0
0 0 0 0 0
0 0 0 0 0
0 0 0 0 0
0 0 0 0 0
0 0 0 0 0
0 0 0 0 0
0 0 0 0 0
0 0 0 0 0
0 0 0 0 0
0 0 0 0 0
0 0 0 0 0
0 0 0 0 0
0 0 0 0 0
0 0 0 0 0
0 0 0 0 0
0 0 0 0 0
0 0 0 0 0
0 0 0 0 0
0 0 0 0 0
0 0 0 0 0
0 0 0 0 0
0 0 0 0 0
0 0 0 0 0
0 0 0 0 0
0 0 0 0 0
0 0 0 0 0
0 0 0 0 0
0 0 0 0 0
0 0 0 0 0
0 0 0 0 0
0 0 0 0 0
0 0 0 0 0
0 0 0 0 0
0 0 0 0 0
0 0 0 0 0
0 0 0 0 0
0 0 0 0 0
0 0 0 0 0
0 0 0 0 0
0 0 0 0 0
0 0 0 0 0
0 0 0 0 0
0 0 0 0 0
0 0 0 0 0
0 0 0 0 0
0 0 0 0 0
0 0 0 0 0
0 0 0 0 0
0 0 0 0 0
0 0 0 0 0
0 0 0 0 0
0 0 0 0 0
0 0 0 0 0
0 0 0 0 0
0 0 0 0 0
0 0 0 0 0
0 0 0 0 0
0 0 0 0 0
0 0 0 0 0
0 0 0 0 0
0 0 0 0 0
0 0 0 0 0
0 0 0 0 0
0 0 0 0 0
0 0 0 0 0
0 0 0 0 0
0 0 0 0 0
0 0 0 0 0
0 0 0 0 0
0 0 0 0 0
0 0 0 0 0
0 0 0 0 0
0 0 0 0 0
0 0 0 0 0
0 0 0 0 0
0 0 0 0 0
0 0 0 0 0
0 0 0 0 0
0 0 0 0 0
0 0 0 0 0
0 0 0 0 0
0 0 0 0 0
0 0 0 0 0
0 0 0 0 0
0 0 0 0 0
0 0 0 0 0
0 0 0 0 0
0 0 0 0 0
0 0 0 0 0
0 0 0 0 0
0 0 0 0 0
0 0 0 0 0
0 0 0 0 0
0 0 0 0 0
0 0 0 0 0
0 0 0 0 0
0 0 0 0 0
0 0 0 0 0
0 0 0 0 0
0 0 0 0 0
0 0 0 0 0
0 0 0 0 0
0 0 0 0 0
0 0 0 0 0
0 0 0 0 0
0 0 0 0 0
0 0 0 0 0
0 0 0 0 0
0 0 0 0 0
0 0 0 0 0
0 0 0 0 0
0 0 0 0 0
0 0 0 0 0
0 0 0 0 0
0 0 0 0 0
0 0 0 0 0
0 0 0 0 0
0 0 0 0 0
0 0 0 0 0
0 0 0 0 0
0 0 0 0 0
0 0 0 0 0
0 0 0 0 0
0 0 0 0 0
0 0 0 0 0
0 0 0 0 0
0 0 0 0 0
0 0 0 0 0
0 0 0 0 0
0 0 0 0 0
0 0 0 0 0
0 0 0 0 0
0 0 0 0 0
0 0 0 0 0
0 0 0 0 0
0 0 0 0 0
0 0 0 0 0
0 0 0 0 0
0 0 0 0 0
0 0 0 0 0
0 0 0 0 0
0 0 0 0 0
0 0 0 0 0
0 0 0 0 0
0 0 0 0 0
0 0 0 0 0
0 0 0 0 0
0 0 0 0 0
0 0 0 0 0
0 0 0 0 0
0 0 0 0 0
0 0 0 0 0
0 0 0 0 0
0 0 0 0 0
0 0 0 0 0
0 0 0 0 0
0 0 0 0 0
0 0 0 0 0
0 0 0 0 0
0 0 0 0 0
0 0 0 0 0
0 0 0 0 0
0 0 0 0 0
0 0 0 0 0
0 0 0 0 0
0 0 0 0 0
0 0 0 0 0
0 0 0 0 0
0 0 0 0 0
0 0 0 0 0
0 0 0 0 0
0 0 0 0 0
0 0 0 0 0
0 0 0 0 0
0 0 0 0 0
0 0 0 0 0
0 0 0 0 0
0 0 0 0 0
0 0 0 0 0
0 0 0 0 0
0 0 0 0 0
0 0 0 0 0
0 0 0 0 0
0 0 0 0 0
0 0 0 0 0
0 0 0 0 0
0 0 0 0 0
0 0 0 0 0
0 0 0 0 0
0 0 0 0 0
0 0 0 0 0
0 0 0 0 0
0 0 0 0 0
0 0 0 0 0
0 0 0 0 0
0 0 0 0 0
0 0 0 0 0
0 0 0 0 0
0 0 0 0 0
0 0 0 0 0
0 0 0 0 0
0 0 0 0 0
0 0 0 0 0
0 0 0 0 0
0 0 0 0 0
0 0 0 0 0
0 0 0 0 0
0 0 0 0 0
0 0 0 0 0
0 0 0 0 0
0 0 0 0 0
0 0 0 0 0
0 0 0 0 0
0 0 0 0 0
0 0 0 0 0
0 0 0 0 0
0 0 0 0 0
0 0 0 0 0
0 0 0 0 0
0 0 0 0 0
0 0 0 0 0
0 0 0 0 0
0 0 0 0 0
0 0 0 0 0
0 0 0 0 0
0 0 0 0 0
0 0 0 0 0
0 0 0 0 0
0 0 0 0 0
0 0 0 0 0
0 0 0 0 0
0 0 0 0 0
0 0 0 0 0
0 0 0 0 0
0 0 0 0 0
0 0 0 0 0
0 0 0 0 0
0 0 0 0 0
0 0 0 0 0
0 0 0 0 0
0 0 0 0 0
0 0 0 0 0
0 0 0 0 0
0 0 0 0 0
0 0 0 0 0
0 0 0 0 0
0 0 0 0 0
0 0 0 0 0
0 0 0 0 0
0 0 0 0 0
0 0 0 0 0
0 0 0 0 0
0 0 0 0 0
0 0 0 0 0
0 0 0 0 0
0 0 0 0 0
0 0 0 0 0
0 0 0 0 0
0 0 0 0 0
0 0 0 0 0
0 0 0 0 0
0 0 0 0 0
0 0 0 0 0
0 0 0 0 0
0 0 0 0 0
0 0 0 0 0
0 0 0 0 0
0 0 0 0 0
0 0 0 0 0
0 0 0 0 0
0 0 0 0 0
0 0 0 0 0
0 0 0 0 0
0 0 0 0 0
0 0 0 0 0
0 0 0 0 0
0 0 0 0 0
0 0 0 0 0
0 0 0 0 0
0 0 0 0 0
0 0 0 0 0
0 0 0 0 0
0 0 0 0 0
0 0 0 0 0
0 0 0 0 0
0 0 0 0 0
0 0 0 0 0
0 0 0 0 0
0 0 0 0 0
0 0 0 0 0
0 0 0 0 0
0 0 0 0 0
0 0 0 0 0
0 0 0 0 0
0 0 0 0 0
0 0 0 0 0
0 0 0 0 0
0 0 0 0 0
0 0 0 0 0
0 0 0 0 0
0 0 0 0 0
0 0 0 0 0
0 0 0 0 0
0 0 0 0 0
0 0 0 0 0
0 0 0 0 0
0 0 0 0 0
0 0 0 0 0
0 0 0 0 0
0 0 0 0 0
0 0 0 0 0
0 0 0 0 0
0 0 0 0 0
0 0 0 0 0
0 0 0 0 0
0 0 0 0 0
0 0 0 0 0
0 0 0 0 0
0 0 0 0 0
0 0 0 0 0
0 0 0 0 0
0 0 0 0 0
0 0 0 0 0
0 0 0 0 0
0 0 0 0 0
0 0 0 0 0
0 0 0 0 0
0 0 0 0 0
0 0 0 0 0
0 0 0 0 0
0 0 0 0 0
0 0 0 0 0
0 0 0 0 0
0 0 0 0 0
0 0 0 0 0
0 0 0 0 0
0 0 0 0 0
0 0 0 0 0
0 0 0 0 0
0 0 0 0 0
0 0 0 0 0
0 0 0 0 0
0 0 0 0 0
0 0 0 0 0
0 0 0 0 0
0 0 0 0 0
0 0 0 0 0
0 0 0 0 0
0 0 0 0 0
0 0 0 0 0
0 0 0 0 0
0 0 0 0 0
0 0 0 0 0
0 0 0 0 0
0 0 0 0 0
0 0 0 0 0
0 0 0 0 0
0 0 0 0 0
0 0 0 0 0
0 0 0 0 0
0 0 0 0 0
0 0 0 0 0
0 0 0 0 0
0 0 0 0 0
0 0 0 0 0
0 0 0 0 0
0 0 0 0 0
0 0 0 0 0
0 0 0 0 0
0 0 0 0 0
0 0 0 0 0
0 0 0 0 0
0 0 0 0 0
0 0 0 0 0
0 0 0 0 0
0 0 0 0 0
0 0 0 0 0
0 0 0 0 0
0 0 0 0 0
0 0 0 0 0
0 0 0 0 0
0 0 0 0 0
0 0 0 0 0
0 0 0 0 0
0 0 0 0 0
0 0 0 0 0
0 0 0 0 0
0 0 0 0 0
0 0 0 0 0
0 0 0 0 0
0 0 0 0 0
0 0 0 0 0
0 0 0 0 0
0 0 0 0 0
0 0 0 0 0
0 0 0 0 0
0 0 0 0 0
0 0 0 0 0
0 0 0 0 0
0 0 0 0 0
0 0 0 0 0
0 0 0 0 0
0 0 0 0 0
0 0 0 0 0
0 0 0 0 0
0 0 0 0 0
0 0 0 0 0
0 0 0 0 0
0 0 0 0 0
0 0 0 0 0
0 0 0 0 0
0 0 0 0 0
0 0 0 0 0
0 0 0 0 0
0 0 0 0 0
0 0 0 0 0
0 0 0 0 0
0 0 0 0 0
0 0 0 0 0
0 0 0 0 0
0 0 0 0 0
0 0 0 0 0
0 0 0 0 0
0 0 0 0 0
0 0 0 0 0
0 0 0 0 0
0 0 0 0 0
0 0 0 0 0
0 0 0 0 0
0 0 0 0 0
0 0 0 0 0
0 0 0 0 0
0 0 0 0 0
0 0 0 0 0
0 0 0 0 0
0 0 0 0 0
0 0 0 0 0
0 0 0 0 0
0 0 0 0 0
0 0 0 0 0
0 0 0 0 0
0 0 0 0 0
0 0 0 0 0
0 0 0 0 0
0 0 0 0 0
0 0 0 0 0
0 0 0 0 0
0 0 0 0 0
0 0 0 0 0
0 0 0 0 0
0 0 0 0 0
0 0 0 0 0
0 0 0 0 0
0 0 0 0 0
0 0 0 0 0
0 0 0 0 0
0 0 0 0 0
0 0 0 0 0
0 0 0 0 0
0 0 0 0 0
0 0 0 0 0
0 0 0 0 0
0 0 0 0 0
0 0 0 0 0
0 0 0 0 0
0 0 0 0 0
0 0 0 0 0
0 0 0 0 0
0 0 0 0 0
0 0 0 0 0
0 0 0 0 0
0 0 0 0 0
0 0 0 0 0
0 0 0 0 0
0 0 0 0 0
0 0 0 0 0
0 0 0 0 0
0 0 0 0 0
0 0 0 0 0
0 0 0 0 0
0 0 0 0 0
0 0 0 0 0
0 0 0 0 0
0 0 0 0 0
0 0 0 0 0
0 0 0 0 0
0 0 0 0 0
0 0 0 0 0
0 0 0 0 0
0 0 0 0 0
0 0 0 0 0
0 0 0 0 0
0 0 0 0 0
0 0 0 0 0
0 0 0 0 0
0 0 0 0 0
0 0 0 0 0
0 0 0 0 0
0 0 0 0 0
0 0 0 0 0
0 0 0 0 0
0 0 0 0 0
0 0 0 0 0
0 0 0 0 0
0 0 0 0 0
0 0 0 0 0
0 0 0 0 0
0 0 0 0 0
0 0 0 0 0
0 0 0 0 0
0 0 0 0 0
0 0 0 0 0
0 0 0 0 0
0 0 0 0 0
0 0 0 0 0
0 0 0 0 0
0 0 0 0 0
0 0 0 0 0
0 0 0 0 0
0 0 0 0 0
0 0 0 0 0
0 0 0 0 0
0 0 0 0 0
0 0 0 0 0
0 0 0 0 0
0 0 0 0 0
0 0 0 0 0
0 0 0 0 0
0 0 0 0 0
0 0 0 0 0
0 0 0 0 0
0 0 0 0 0
0 0 0 0 0
0 0 0 0 0
0 0 0 0 0
0 0 0 0 0
0 0 0 0 0
0 0 0 0 0
0 0 0 0 0
0 0 0 0 0
0 0 0 0 0
0 0 0 0 0
0 0 0 0 0
0 0 0 0 0
0 0 0 0 0
0 0 0 0 0
0 0 0 0 0
0 0 0 0 0
0 0 0 0 0
0 0 0 0 0
0 0 0 0 0
0 0 0 0 0
0 0 0 0 0
0 0 0 0 0
0 0 0 0 0
0 0 0 0 0
0 0 0 0 0
0 0 0 0 0
0 0 0 0 0
0 0 0 0 0
0 0 0 0 0
0 0 0 0 0
0 0 0 0 0
0 0 0 0 0
0 0 0 0 0
0 0 0 0 0
0 0 0 0 0
0 0 0 0 0
0 0 0 0 0
0 0 0 0 0
0 0 0 0 0
0 0 0 0 0
0 0 0 0 0
0 0 0 0 0
0 0 0 0 0
0 0 0 0 0
0 0 0 0 0
0 0 0 0 0
0 0 0 0 0
0 0 0 0 0
0 0 0 0 0
0 0 0 0 0
0 0 0 0 0
0 0 0 0 0
0 0 0 0 0
0 0 0 0 0
0 0 0 0 0
0 0 0 0 0
0 0 0 0 0
0 0 0 0 0
0 0 0 0 0
0 0 0 0 0
0 0 0 0 0
0 0 0 0 0
0 0 0 0 0
0 0 0 0 0
0 0 0 0 0
0 0 0 0 0
0 0 0 0 0
0 0 0 0 0
0 0 0 0 0
0 0 0 0 0
0 0 0 0 0
0 0 0 0 0
0 0 0 0 0
0 0 0 0 0
0 0 0 0 0
0 0 0 0 0
0 0 0 0 0
0 0 0 0 0
0 0 0 0 0
0 0 0 0 0
0 0 0 0 0
0 0 0 0 0
0 0 0 0 0
0 0 0 0 0
0 0 0 0 0
0 0 0 0 0
0 0 0 0 0
0 0 0 0 0
0 0 0 0 0
0 0 0 0 0
0 0 0 0 0
0 0 0 0 0
0 0 0 0 0
0 0 0 0 0
0 0 0 0 0
0 0 0 0 0
0 0 0 0 0
0 0 0 0 0
0 0 0 0 0
0 0 0 0 0
0 0 0 0 0
0 0 0 0 0
0 0 0 0 0
0 0 0 0 0
0 0 0 0 0
0 0 0 0 0
0 0 0 0 0
0 0 0 0 0
0 0 0 0 0
0 0 0 0 0
0 0 0 0 0
0 0 0 0 0
0 0 0 0 0
0 0 0 0 0
0 0 0 0 0
0 0 0 0 0
0 0 0 0 0
0 0 0 0 0
0 0 0 0 0
0 0 0 0 0
0 0 0 0 0
0 0 0 0 0
0 0 0 0 0
0 0 0 0 0
0 0 0 0 0
0 0 0 0 0
0 0 0 0 0
0 0 0 0 0
0 0 0 0 0
0 0 0 0 0
0 0 0 0 0
0 0 0 0 0
0 0 0 0 0
0 0 0 0 0
0 0 0 0 0
0 0 0 0 0
0 0 0 0 0
0 0 0 0 0
0 0 0 0 0
0 0 0 0 0
0 0 0 0 0
0 0 0 0 0
0 0 0 0 0
0 0 0 0 0
0 0 0 0 0
0 0 0 0 0
0 0 0 0 0
0 0 0 0 0
0 0 0 0 0
0 0 0 0 0
0 0 0 0 0
0 0 0 0 0
0 0 0 0 0
0 0 0 0 0
0 0 0 0 0
0 0 0 0 0
0 0 0 0 0
0 0 0 0 0
0 0 0 0 0
0 0 0 0 0
0 0 0 0 0
0 0 0 0 0
0 0 0 0 0
0 0 0 0 0
0 0 0 0 0
0 0 0 0 0
0 0 0 0 0
0 0 0 0 0
0 0 0 0 0
0 0 0 0 0
0 0 0 0 0
0 0 0 0 0
0 0 0 0 0
0 0 0 0 0
0 0 0 0 0
0 0 0 0 0
0 0 0 0 0
0 0 0 0 0
0 0 0 0 0
0 0 0 0 0
0 0 0 0 0
0 0 0 0 0
0 0 0 0 0
0 0 0 0 0
0 0 0 0 0
0 0 0 0 0
0 0 0 0 0
0 0 0 0 0
0 0 0 0 0
0 0 0 0 0
0 0 0 0 0
0 0 0 0 0
0 0 0 0 0
0 0 0 0 0
0 0 0 0 0
0 0 0 0 0
0 0 0 0 0
0 0 0 0 0
0 0 0 0 0
0 0 0 0 0
0 0 0 0 0
0 0 0 0 0
0 0 0 0 0
0 0 0 0 0
0 0 0 0 0
0 0 0 0 0
0 0 0 0 0
0 0 0 0 0
0 0 0 0 0
0 0 0 0 0
0 0 0 0 0
0 0 0 0 0
0 0 0 0 0
0 0 0 0 0
0 0 0 0 0
0 0 0 0 0
0 0 0 0 0
0 0 0 0 0
0 0 0 0 0
0 0 0 0 0
0 0 0 0 0
0 0 0 0 0
0 0 0 0 0
0 0 0 0 0
0 0 0 0 0
0 0 0 0 0
0 0 0 0 0
0 0 0 0 0
0 0 0 0 0
0 0 0 0 0
0 0 0 0 0
0 0 0 0 0
0 0 0 0 0
0 0 0 0 0
0 0 0 0 0
0 0 0 0 0
0 0 0 0 0
0 0 0 0 0
0 0 0 0 0
0 0 0 0 0
0 0 0 0 0
0 0 0 0 0
0 0 0 0 0
0 0 0 0 0
0 0 0 0 0
0 0 0 0 0
0 0 0 0 0
0 0 0 0 0
0 0 0 0 0
0 0 0 0 0
0 0 0 0 0
0 0 0 0 0
0 0 0 0 0
0 0 0 0 0
0 0 0 0 0
0 0 0 0 0
0 0 0 0 0
0 0 0 0 0
0 0 0 0 0
0 0 0 0 0
0 0 0 0 0
0 0 0 0 0
0 0 0 0 0
0 0 0 0 0
0 0 0 0 0
0 0 0 0 0
0 0 0 0 0
0 0 0 0 0
0 0 0 0 0
0 0 0 0 0
0 0 0 0 0
0 0 0 0 0
0 0 0 0 0
0 0 0 0 0
0 0 0 0 0
0 0 0 0 0
0 0 0 0 0
0 0 0 0 0
0 0 0 0 0
0 0 0 0 0
0 0 0 0 0
0 0 0 0 0
0 0 0 0 0
0 0 0 0 0
0 0 0 0 0
0 0 0 0 0
0 0 0 0 0
0 0 0 0 0
0 0 0 0 0
0 0 0 0 0
0 0 0 0 0
0 0 0 0 0
0 0 0 0 0
0 0 0 0 0
0 0 0 0 0
0 0 0 0 0
0 0 0 0 0
0 0 0 0 0
0 0 0 0 0
0 0 0 0 0
0 0 0 0 0
0 0 0 0 0
0 0 0 0 0
0 0 0 0 0
0 0 0 0 0
0 0 0 0 0
0 0 0 0 0
0 0 0 0 0
0 0 0 0 0
0 0 0 0 0
0 0 0 0 0
0 0 0 0 0
0 0 0 0 0
0 0 0 0 0
0 0 0 0 0
0 0 0 0 0
0 0 0 0 0
0 0 0 0 0
0 0 0 0 0
0 0 0 0 0
0 0 0 0 0
0 0 0 0 0
0 0 0 0 0
0 0 0 0 0
0 0 0 0 0
0 0 0 0 0
0 0 0 0 0
0 0 0 0 0
0 0 0 0 0
0 0 0 0 0
0 0 0 0 0
0 0 0 0 0
0 0 0 0 0
0 0 0 0 0
0 0 0 0 0
0 0 0 0 0
0 0 0 0 0
0 0 0 0 0
0 0 0 0 0
0 0 0 0 0
0 0 0 0 0
0 0 0 0 0
0 0 0 0 0
0 0 0 0 0
0 0 0 0 0
0 0 0 0 0
0 0 0 0 0
0 0 0 0 0
0 0 0 0 0
0 0 0 0 0
0 0 0 0 0
0 0 0 0 0
0 0 0 0 0
0 0 0 0 0
0 0 0 0 0
0 0 0 0 0
0 0 0 0 0
0 0 0 0 0
0 0 0 0 0
0 0 0 0 0
0 0 0 0 0
0 0 0 0 0
0 0 0 0 0
0 0 0 0 0
0 0 0 0 0
0 0 0 0 0
0 0 0 0 0
0 0 0 0 0
0 0 0 0 0
0 0 0 0 0
0 0 0 0 0
0 0 0 0 0
0 0 0 0 0
0 0 0 0 0
0 0 0 0 0
0 0 0 0 0
0 0 0 0 0
0 0 0 0 0
0 0 0 0 0
0 0 0 0 0
0 0 0 0 0
0 0 0 0 0
0 0 0 0 0
0 0 0 0 0
0 0 0 0 0
0 0 0 0 0
0 0 0 0 0
0 0 0 0 0
0 0 0 0 0
0 0 0 0 0
0 0 0 0 0
0 0 0 0 0
0 0 0 0 0
0 0 0 0 0
0 0 0 0 0
0 0 0 0 0
0 0 0 0 0
0 0 0 0 0
0 0 0 0 0
0 0 0 0 0
0 0 0 0 0
0 0 0 0 0
0 0 0 0 0
0 0 0 0 0
0 0 0 0 0
0 0 0 0 0
0 0 0 0 0
0 0 0 0 0
0 0 0 0 0
0 0 0 0 0
0 0 0 0 0
0 0 0 0 0
0 0 0 0 0
0 0 0 0 0
0 0 0 0 0
0 0 0 0 0
0 0 0 0 0
0 0 0 0 0
0 0 0 0 0
0 0 0 0 0
0 0 0 0 0
0 0 0 0 0
0 0 0 0 0
0 0 0 0 0
0 0 0 0 0
0 0 0 0 0
0 0 0 0 0
0 0 0 0 0
0 0 0 0 0
0 0 0 0 0
0 0 0 0 0
0 0 0 0 0
0 0 0 0 0
0 0 0 0 0
0 0 0 0 0
0 0 0 0 0
0 0 0 0 0
0 0 0 0 0
0 0 0 0 0
0 0 0 0 0
0 0 0 0 0
0 0 0 0 0
0 0 0 0 0
0 0 0 0 0
0 0 0 0 0
0 0 0 0 0
0 0 0 0 0
0 0 0 0 0
0 0 0 0 0
0 0 0 0 0
0 0 0 0 0
0 0 0 0 0
0 0 0 0 0
0 0 0 0 0
0 0 0 0 0
0 0 0 0 0
0 0 0 0 0
0 0 0 0 0
0 0 0 0 0
0 0 0 0 0
0 0 0 0 0
0 0 0 0 0
0 0 0 0 0
0 0 0 0 0
0 0 0 0 0
0 0 0 0 0
0 0 0 0 0
0 0 0 0 0
0 0 0 0 0
0 0 0 0 0
0 0 0 0 0
0 0 0 0 0
0 0 0 0 0
0 0 0 0 0
0 0 0 0 0
0 0 0 0 0
0 0 0 0 0
0 0 0 0 0
0 0 0 0 0
0 0 0 0 0
0 0 0 0 0
0 0 0 0 0
0 0 0 0 0
0 0 0 0 0
0 0 0 0 0
0 0 0 0 0
0 0 0 0 0
0 0 0 0 0
0 0 0 0 0
0 0 0 0 0
0 0 0 0 0
0 0 0 0 0
0 0 0 0 0
0 0 0 0 0
0 0 0 0 0
0 0 0 0 0
0 0 0 0 0
0 0 0 0 0
0 0 0 0 0
0 0 0 0 0
0 0 0 0 0
0 0 0 0 0
0 0 0 0 0
0 0 0 0 0
0 0 0 0 0
0 0 0 0 0
0 0 0 0 0
0 0 0 0 0
0 0 0 0 0
0 0 0 0 0
0 0 0 0 0
0 0 0 0 0
0 0 0 0 0
0 0 0 0 0
0 0 0 0 0
0 0 0 0 0
0 0 0 0 0
0 0 0 0 0
0 0 0 0 0
0 0 0 0 0
0 0 0 0 0
0 0 0 0 0
0 0 0 0 0
0 0 0 0 0
0 0 0 0 0
0 0 0 0 0
0 0 0 0 0
0 0 0 0 0
0 0 0 0 0
0 0 0 0 0
0 0 0 0 0
0 0 0 0 0
0 0 0 0 0
0 0 0 0 0
0 0 0 0 0
0 0 0 0 0
0 0 0 0 0
0 0 0 0 0
0 0 0 0 0
0 0 0 0 0
0 0 0 0 0
0 0 0 0 0
0 0 0 0 0
0 0 0 0 0
0 0 0 0 0
0 0 0 0 0
0 0 0 0 0
0 0 0 0 0
0 0 0 0 0
0 0 0 0 0
0 0 0 0 0
0 0 0 0 0
0 0 0 0 0
0 0 0 0 0
0 0 0 0 0
0 0 0 0 0
0 0 0 0 0
0 0 0 0 0
0 0 0 0 0
0 0 0 0 0
0 0 0 0 0
0 0 0 0 0
0 0 0 0 0
0 0 0 0 0
0 0 0 0 0
0 0 0 0 0
0 0 0 0 0
0 0 0 0 0
0 0 0 0 0
0 0 0 0 0
0 0 0 0 0
0 0 0 0 0
0 0 0 0 0
0 0 0 0 0
0 0 0 0 0
0 0 0 0 0
0 0 0 0 0
0 0 0 0 0
0 0 0 0 0
0 0 0 0 0
0 0 0 0 0
0 0 0 0 0
0 0 0 0 0
0 0 0 0 0
0 0 0 0 0
0 0 0 0 0
0 0 0 0 0
0 0 0 0 0
0 0 0 0 0
0 0 0 0 0
0 0 0 0 0
0 0 0 0 0
0 0 0 0 0
0 0 0 0 0
0 0 0 0 0
0 0 0 0 0
0 0 0 0 0
0 0 0 0 0
0 0 0 0 0
0 0 0 0 0
0 0 0 0 0
0 0 0 0 0
0 0 0 0 0
0 0 0 0 0
0 0 0 0 0
0 0 0 0 0
0 0 0 0 0
0 0 0 0 0
0 0 0 0 0
0 0 0 0 0
0 0 0 0 0
0 0 0 0 0
0 0 0 0 0
0 0 0 0 0
0 0 0 0 0
0 0 0 0 0
0 0 0 0 0
0 0 0 0 0
0 0 0 0 0
0 0 0 0 0
0 0 0 0 0
0 0 0 0 0
0 0 0 0 0
0 0 0 0 0
0 0 0 0 0
0 0 0 0 0
0 0 0 0 0
0 0 0 0 0
0 0 0 0 0
0 0 0 0 0
0 0 0 0 0
0 0 0 0 0
0 0 0 0 0
0 0 0 0 0
0 0 0 0 0
0 0 0 0 0
0 0 0 0 0
0 0 0 0 0
0 0 0 0 0
0 0 0 0 0
0 0 0 0 0
0 0 0 0 0
0 0 0 0 0
0 0 0 0 0
0 0 0 0 0
0 0 0 0 0
0 0 0 0 0
0 0 0 0 0
0 0 0 0 0
0 0 0 0 0
0 0 0 0 0
0 0 0 0 0
0 0 0 0 0
0 0 0 0 0
0 0 0 0 0
0 0 0 0 0
0 0 0 0 0
0 0 0 0 0
0 0 0 0 0
0 0 0 0 0
0 0 0 0 0
0 0 0 0 0
0 0 0 0 0
0 0 0 0 0
0 0 0 0 0
0 0 0 0 0
0 0 0 0 0
0 0 0 0 0
0 0 0 0 0
0 0 0 0 0
0 0 0 0 0
0 0 0 0 0
0 0 0 0 0
0 0 0 0 0
0 0 0 0 0
0 0 0 0 0
0 0 0 0 0
0 0 0 0 0
0 0 0 0 0
0 0 0 0 0
0 0 0 0 0
0 0 0 0 0
0 0 0 0 0
0 0 0 0 0
0 0 0 0 0
0 0 0 0 0
0 0 0 0 0
0 0 0 0 0
0 0 0 0 0
0 0 0 0 0
0 0 0 0 0
0 0 0 0 0
0 0 0 0 0
0 0 0 0 0
0 0 0 0 0
0 0 0 0 0
0 0 0 0 0
0 0 0 0 0
0 0 0 0 0
0 0 0 0 0
0 0 0 0 0
0 0 0 0 0
0 0 0 0 0
0 0 0 0 0
0 0 0 0 0
0 0 0 0 0
0 0 0 0 0
0 0 0 0 0
0 0 0 0 0
0 0 0 0 0
0 0 0 0 0
0 0 0 0 0
0 0 0 0 0
0 0 0 0 0
0 0 0 0 0
0 0 0 0 0
0 0 0 0 0
0 0 0 0 0
0 0 0 0 0
0 0 0 0 0
0 0 0 0 0
0 0 0 0 0
0 0 0 0 0
0 0 0 0 0
0 0 0 0 0
0 0 0 0 0
0 0 0 0 0
0 0 0 0 0
0 0 0 0 0
0 0 0 0 0
0 0 0 0 0
0 0 0 0 0
0 0 0 0 0
0 0 0 0 0
0 0 0 0 0
0 0 0 0 0
0 0 0 0 0
0 0 0 0 0
0 0 0 0 0
0 0 0 0 0
0 0 0 0 0
0 0 0 0 0
0 0 0 0 0
0 0 0 0 0
0 0 0 0 0
0 0 0 0 0
0 0 0 0 0
0 0 0 0 0
0 0 0 0 0
0 0 0 0 0
0 0 0 0 0
0 0 0 0 0
0 0 0 0 0
0 0 0 0 0
0 0 0 0 0
0 0 0 0 0
0 0 0 0 0
0 0 0 0 0
0 0 0 0 0
0 0 0 0 0
0 0 0 0 0
0 0 0 0 0
0 0 0 0 0
0 0 0 0 0
0 0 0 0 0
0 0 0 0 0
0 0 0 0 0
0 0 0 0 0
0 0 0 0 0
0 0 0 0 0
0 0 0 0 0
0 0 0 0 0
0 0 0 0 0
0 0 0 0 0
0 0 0 0 0
0 0 0 0 0
0 0 0 0 0
0 0 0 0 0
0 0 0 0 0
0 0 0 0 0
0 0 0 0 0
0 0 0 0 0
0 0 0 0 0
0 0 0 0 0
0 0 0 0 0
0 0 0 0 0
0 0 0 0 0
0 0 0 0 0
0 0 0 0 0
0 0 0 0 0
0 0 0 0 0
0 0 0 0 0
0 0 0 0 0
0 0 0 0 0
0 0 0 0 0
0 0 0 0 0
0 0 0 0 0
0 0 0 0 0
0 0 0 0 0
0 0 0 0 0
0 0 0 0 0
0 0 0 0 0
0 0 0 0 0
0 0 0 0 0
0 0 0 0 0
0 0 0 0 0
0 0 0 0 0
0 0 0 0 0
0 0 0 0 0
0 0 0 0 0
0 0 0 0 0
0 0 0 0 0
0 0 0 0 0
0 0 0 0 0
0 0 0 0 0
0 0 0 0 0
0 0 0 0 0
0 0 0 0 0
0 0 0 0 0
0 0 0 0 0
0 0 0 0 0
0 0 0 0 0
0 0 0 0 0
0 0 0 0 0
0 0 0 0 0
0 0 0 0 0
0 0 0 0 0
0 0 0 0 0
0 0 0 0 0
0 0 0 0 0
0 0 0 0 0
0 0 0 0 0
0 0 0 0 0
0 0 0 0 0
0 0 0 0 0
0 0 0 0 0
0 0 0 0 0
0 0 0 0 0
0 0 0 0 0
0 0 0 0 0
0 0 0 0 0
0 0 0 0 0
0 0 0 0 0
0 0 0 0 0
0 0 0 0 0
0 0 0 0 0
0 0 0 0 0
0 0 0 0 0
0 0 0 0 0
0 0 0 0 0
0 0 0 0 0
0 0 0 0 0
0 0 0 0 0
0 0 0 0 0
0 0 0 0 0
0 0 0 0 0
0 0 0 0 0
0 0 0 0 0
0 0 0 0 0
0 0 0 0 0
0 0 0 0 0
0 0 0 0 0
0 0 0 0 0
0 0 0 0 0
0 0 0 0 0
0 0 0 0 0
0 0 0 0 0
0 0 0 0 0
0 0 0 0 0
0 0 0 0 0
0 0 0 0 0
0 0 0 0 0
0 0 0 0 0
0 0 0 0 0
0 0 0 0 0
0 0 0 0 0
0 0 0 0 0
0 0 0 0 0
0 0 0 0 0
0 0 0 0 0
0 0 0 0 0
0 0 0 0 0
0 0 0 0 0
0 0 0 0 0
0 0 0 0 0
0 0 0 0 0
0 0 0 0 0
0 0 0 0 0
0 0 0 0 0
0 0 0 0 0
0 0 0 0 0
0 0 0 0 0
0 0 0 0 0
0 0 0 0 0
0 0 0 0 0
0 0 0 0 0
0 0 0 0 0
0 0 0 0 0
0 0 0 0 0
0 0 0 0 0
0 0 0 0 0
0 0 0 0 0
0 0 0 0 0
0 0 0 0 0
0 0 0 0 0
0 0 0 0 0
0 0 0 0 0
0 0 0 0 0
0 0 0 0 0
0 0 0 0 0
0 0 0 0 0
0 0 0 0 0
0 0 0 0 0
0 0 0 0 0
0 0 0 0 0
0 0 0 0 0
0 0 0 0 0
0 0 0 0 0
0 0 0 0 0
0 0 0 0 0
0 0 0 0 0
0 0 0 0 0
0 0 0 0 0
0 0 0 0 0
0 0 0 0 0
0 0 0 0 0
0 0 0 0 0
0 0 0 0 0
0 0 0 0 0
0 0 0 0 0
0 0 0 0 0
0 0 0 0 0
0 0 0 0 0
0 0 0 0 0
0 0 0 0 0
0 0 0 0 0
0 0 0 0 0
0 0 0 0 0
0 0 0 0 0
0 0 0 0 0
0 0 0 0 0
0 0 0 0 0
0 0 0 0 0
0 0 0 0 0
0 0 0 0 0
0 0 0 0 0
0 0 0 0 0
0 0 0 0 0
0 0 0 0 0
0 0 0 0 0
0 0 0 0 0
0 0 0 0 0
0 0 0 0 0
0 0 0 0 0
0 0 0 0 0
0 0 0 0 0
0 0 0 0 0
0 0 0 0 0
0 0 0 0 0
0 0 0 0 0
0 0 0 0 0
0 0 0 0 0
0 0 0 0 0
0 0 0 0 0
0 0 0 0 0
0 0 0 0 0
0 0 0 0 0
0 0 0 0 0
0 0 0 0 0
0 0 0 0 0
0 0 0 0 0
0 0 0 0 0
0 0 0 0 0
0 0 0 0 0
0 0 0 0 0
0 0 0 0 0
0 0 0 0 0
0 0 0 0 0
0 0 0 0 0
0 0 0 0 0
0 0 0 0 0
0 0 0 0 0
0 0 0 0 0
0 0 0 0 0
0 0 0 0 0
0 0 0 0 0
0 0 0 0 0
0 0 0 0 0
0 0 0 0 0
0 0 0 0 0
0 0 0 0 0
0 0 0 0 0
0 0 0 0 0
0 0 0 0 0
0 0 0 0 0
0 0 0 0 0
0 0 0 0 0
0 0 0 0 0
0 0 0 0 0
0 0 0 0 0
0 0 0 0 0
0 0 0 0 0
0 0 0 0 0
0 0 0 0 0
0 0 0 0 0
0 0 0 0 0
0 0 0 0 0
0 0 0 0 0
0 0 0 0 0
0 0 0 0 0
0 0 0 0 0
0 0 0 0 0
0 0 0 0 0
0 0 0 0 0
0 0 0 0 0
0 0 0 0 0
0 0 0 0 0
0 0 0 0 0
0 0 0 0 0
0 0 0 0 0
0 0 0 0 0
0 0 0 0 0
0 0 0 0 0
0 0 0 0 0
0 0 0 0 0
0 0 0 0 0
0 0 0 0 0
0 0 0 0 0
0 0 0 0 0
0 0 0 0 0
0 0 0 0 0
0 0 0 0 0
0 0 0 0 0
0 0 0 0 0
0 0 0 0 0
0 0 0 0 0
0 0 0 0 0
0 0 0 0 0
0 0 0 0 0
0 0 0 0 0
0 0 0 0 0
0 0 0 0 0
0 0 0 0 0
0 0 0 0 0
0 0 0 0 0
0 0 0 0 0
0 0 0 0 0
0 0 0 0 0
0 0 0 0 0
0 0 0 0 0
0 0 0 0 0
0 0 0 0 0
0 0 0 0 0
0 0 0 0 0
0 0 0 0 0
0 0 0 0 0
0 0 0 0 0
0 0 0 0 0
0 0 0 0 0
0 0 0 0 0
0 0 0 0 0
0 0 0 0 0
0 0 0 0 0
0 0 0 0 0
0 0 0 0 0
0 0 0 0 0
0 0 0 0 0
0 0 0 0 0
0 0 0 0 0
0 0 0 0 0
0 0 0 0 0
0 0 0 0 0
0 0 0 0 0
0 0 0 0 0
0 0 0 0 0
0 0 0 0 0
0 0 0 0 0
0 0 0 0 0
0 0 0 0 0
0 0 0 0 0
0 0 0 0 0
0 0 0 0 0
0 0 0 0 0
0 0 0 0 0
0 0 0 0 0
0 0 0 0 0
0 0 0 0 0
0 0 0 0 0
0 0 0 0 0
0 0 0 0 0
0 0 0 0 0
0 0 0 0 0
0 0 0 0 0
0 0 0 0 0
0 0 0 0 0
0 0 0 0 0
0 0 0 0 0
0 0 0 0 0
0 0 0 0 0
0 0 0 0 0
0 0 0 0 0
0 0 0 0 0
0 0 0 0 0
0 0 0 0 0
0 0 0 0 0
0 0 0 0 0
0 0 0 0 0
0 0 0 0 0
0 0 0 0 0
0 0 0 0 0
0 0 0 0 0
0 0 0 0 0
0 0 0 0 0
0 0 0 0 0
0 0 0 0 0
0 0 0 0 0
0 0 0 0 0
0 0 0 0 0
0 0 0 0 0
0 0 0 0 0
0 0 0 0 0
0 0 0 0 0
0 0 0 0 0
0 0 0 0 0
0 0 0 0 0
0 0 0 0 0
0 0 0 0 0
0 0 0 0 0
0 0 0 0 0
0 0 0 0 0
0 0 0 0 0
0 0 0 0 0
0 0 0 0 0
0 0 0 0 0
0 0 0 0 0
0 0 0 0 0
0 0 0 0 0
0 0 0 0 0
0 0 0 0 0
0 0 0 0 0
0 0 0 0 0
0 0 0 0 0
0 0 0 0 0
0 0 0 0 0
0 0 0 0 0
0 0 0 0 0
0 0 0 0 0
0 0 0 0 0
0 0 0 0 0
0 0 0 0 0
0 0 0 0 0
0 0 0 0 0
0 0 0 0 0
0 0 0 0 0
0 0 0 0 0
0 0 0 0 0
0 0 0 0 0
0 0 0 0 0
0 0 0 0 0
0 0 0 0 0
0 0 0 0 0
0 0 0 0 0
0 0 0 0 0
0 0 0 0 0
0 0 0 0 0
0 0 0 0 0
0 0 0 0 0
0 0 0 0 0
0 0 0 0 0
0 0 0 0 0
0 0 0 0 0
0 0 0 0 0
0 0 0 0 0
0 0 0 0 0
0 0 0 0 0
0 0 0 0 0
0 0 0 0 0
0 0 0 0 0
0 0 0 0 0
0 0 0 0 0
0 0 0 0 0
0 0 0 0 0
0 0 0 0 0
0 0 0 0 0
0 0 0 0 0
0 0 0 0 0
0 0 0 0 0
0 0 0 0 0
0 0 0 0 0
0 0 0 0 0
0 0 0 0 0
0 0 0 0 0
0 0 0 0 0
0 0 0 0 0
0 0 0 0 0
0 0 0 0 0
0 0 0 0 0
0 0 0 0 0
0 0 0 0 0
0 0 0 0 0
0 0 0 0 0
0 0 0 0 0
0 0 0 0 0
0 0 0 0 0
0 0 0 0 0
0 0 0 0 0
0 0 0 0 0
0 0 0 0 0
0 0 0 0 0
0 0 0 0 0
0 0 0 0 0
0 0 0 0 0
0 0 0 0 0
0 0 0 0 0
0 0 0 0 0
0 0 0 0 0
0 0 0 0 0
0 0 0 0 0
0 0 0 0 0
0 0 0 0 0
0 0 0 0 0
0 0 0 0 0
0 0 0 0 0
0 0 0 0 0
0 0 0 0 0
0 0 0 0 0
0 0 0 0 0
0 0 0 0 0
0 0 0 0 0
0 0 0 0 0
0 0 0 0 0
0 0 0 0 0
0 0 0 0 0
0 0 0 0 0
0 0 0 0 0
0 0 0 0 0
0 0 0 0 0
0 0 0 0 0
0 0 0 0 0
0 0 0 0 0
0 0 0 0 0
0 0 0 0 0
0 0 0 0 0
0 0 0 0 0
0 0 0 0 0
0 0 0 0 0
0 0 0 0 0
0 0 0 0 0
0 0 0 0 0
0 0 0 0 0
0 0 0 0 0
0 0 0 0 0
0 0 0 0 0
0 0 0 0 0
0 0 0 0 0
0 0 0 0 0
0 0 0 0 0
0 0 0 0 0
0 0 0 0 0
0 0 0 0 0
0 0 0 0 0
0 0 0 0 0
0 0 0 0 0
0 0 0 0 0
0 0 0 0 0
0 0 0 0 0
0 0 0 0 0
0 0 0 0 0
0 0 0 0 0
0 0 0 0 0
0 0 0 0 0
0 0 0 0 0
0 0 0 0 0
0 0 0 0 0
0 0 0 0 0
0 0 0 0 0
0 0 0 0 0
0 0 0 0 0
0 0 0 0 0
0 0 0 0 0
0 0 0 0 0
0 0 0 0 0
0 0 0 0 0
0 0 0 0 0
0 0 0 0 0
0 0 0 0 0
0 0 0 0 0
0 0 0 0 0
0 0 0 0 0
0 0 0 0 0
0 0 0 0 0
0 0 0 0 0
0 0 0 0 0
0 0 0 0 0
0 0 0 0 0
0 0 0 0 0
0 0 0 0 0
0 0 0 0 0
0 0 0 0 0
0 0 0 0 0
0 0 0 0 0
0 0 0 0 0
0 0 0 0 0
0 0 0 0 0
0 0 0 0 0
0 0 0 0 0
0 0 0 0 0
0 0 0 0 0
0 0 0 0 0
0 0 0 0 0
0 0 0 0 0
0 0 0 0 0
0 0 0 0 0
0 0 0 0 0
0 0 0 0 0
0 0 0 0 0
0 0 0 0 0
0 0 0 0 0
0 0 0 0 0
0 0 0 0 0
0 0 0 0 0
0 0 0 0 0
0 0 0 0 0
0 0 0 0 0
0 0 0 0 0
0 0 0 0 0
0 0 0 0 0
0 0 0 0 0
0 0 0 0 0
0 0 0 0 0
0 0 0 0 0
0 0 0 0 0
0 0 0 0 0
0 0 0 0 0
0 0 0 0 0
0 0 0 0 0
0 0 0 0 0
0 0 0 0 0
0 0 0 0 0
0 0 0 0 0
0 0 0 0 0
0 0 0 0 0
0 0 0 0 0
0 0 0 0 0
0 0 0 0 0
0 0 0 0 0
0 0 0 0 0
0 0 0 0 0
0 0 0 0 0
0 0 0 0 0
0 0 0 0 0
0 0 0 0 0
0 0 0 0 0
0 0 0 0 0
0 0 0 0 0
0 0 0 0 0
0 0 0 0 0
0 0 0 0 0
0 0 0 0 0
0 0 0 0 0
0 0 0 0 0
0 0 0 0 0
0 0 0 0 0
0 0 0 0 0
0 0 0 0 0
0 0 0 0 0
0 0 0 0 0
0 0 0 0 0
0 0 0 0 0
0 0 0 0 0
0 0 0 0 0
0 0 0 0 0
0 0 0 0 0
0 0 0 0 0
0 0 0 0 0
0 0 0 0 0
0 0 0 0 0
0 0 0 0 0
0 0 0 0 0
0 0 0 0 0
0 0 0 0 0
0 0 0 0 0
0 0 0 0 0
0 0 0 0 0
0 0 0 0 0
0 0 0 0 0
0 0 0 0 0
0 0 0 0 0
0 0 0 0 0
0 0 0 0 0
0 0 0 0 0
0 0 0 0 0
0 0 0 0 0
0 0 0 0 0
0 0 0 0 0
0 0 0 0 0
0 0 0 0 0
0 0 0 0 0
0 0 0 0 0
0 0 0 0 0
0 0 0 0 0
0 0 0 0 0
0 0 0 0 0
0 0 0 0 0
0 0 0 0 0
0 0 0 0 0
0 0 0 0 0
0 0 0 0 0
0 0 0 0 0
0 0 0 0 0
0 0 0 0 0
0 0 0 0 0
0 0 0 0 0
0 0 0 0 0
0 0 0 0 0
0 0 0 0 0
0 0 0 0 0
0 0 0 0 0
0 0 0 0 0
0 0 0 0 0
0 0 0 0 0
0 0 0 0 0
0 0 0 0 0
0 0 0 0 0
0 0 0 0 0
0 0 0 0 0
0 0 0 0 0
0 0 0 0 0
0 0 0 0 0
0 0 0 0 0
0 0 0 0 0
0 0 0 0 0
0 0 0 0 0
0 0 0 0 0
0 0 0 0 0
0 0 0 0 0
0 0 0 0 0
0 0 0 0 0
0 0 0 0 0
0 0 0 0 0
0 0 0 0 0
0 0 0 0 0
0 0 0 0 0
0 0 0 0 0
0 0 0 0 0
0 0 0 0 0
0 0 0 0 0
0 0 0 0 0
0 0 0 0 0
0 0 0 0 0
0 0 0 0 0
0 0 0 0 0
0 0 0 0 0
0 0 0 0 0
0 0 0 0 0
0 0 0 0 0
0 0 0 0 0
0 0 0 0 0
0 0 0 0 0
0 0 0 0 0
0 0 0 0 0
0 0 0 0 0
0 0 0 0 0
0 0 0 0 0
0 0 0 0 0
0 0 0 0 0
0 0 0 0 0
0 0 0 0 0
0 0 0 0 0
0 0 0 0 0
0 0 0 0 0
0 0 0 0 0
0 0 0 0 0
0 0 0 0 0
0 0 0 0 0
0 0 0 0 0
0 0 0 0 0
0 0 0 0 0
0 0 0 0 0
0 0 0 0 0
0 0 0 0 0
0 0 0 0 0
0 0 0 0 0
0 0 0 0 0
0 0 0 0 0
0 0 0 0 0
0 0 0 0 0
0 0 0 0 0
0 0 0 0 0
0 0 0 0 0
0 0 0 0 0
0 0 0 0 0
0 0 0 0 0
0 0 0 0 0
0 0 0 0 0
0 0 0 0 0
0 0 0 0 0
0 0 0 0 0
0 0 0 0 0
0 0 0 0 0
0 0 0 0 0
0 0 0 0 0
0 0 0 0 0
0 0 0 0 0
0 0 0 0 0
0 0 0 0 0
0 0 0 0 0
0 0 0 0 0
0 0 0 0 0
0 0 0 0 0
0 0 0 0 0
0 0 0 0 0
0 0 0 0 0
0 0 0 0 0
0 0 0 0 0
0 0 0 0 0
0 0 0 0 0
0 0 0 0 0
0 0 0 0 0
0 0 0 0 0
0 0 0 0 0
0 0 0 0 0
0 0 0 0 0
0 0 0 0 0
0 0 0 0 0
0 0 0 0 0
0 0 0 0 0
0 0 0 0 0
0 0 0 0 0
0 0 0 0 0
0 0 0 0 0
0 0 0 0 0
0 0 0 0 0
0 0 0 0 0
0 0 0 0 0
0 0 0 0 0
0 0 0 0 0
0 0 0 0 0
0 0 0 0 0
0 0 0 0 0
0 0 0 0 0
0 0 0 0 0
0 0 0 0 0
0 0 0 0 0
0 0 0 0 0
0 0 0 0 0
0 0 0 0 0
0 0 0 0 0
0 0 0 0 0
0 0 0 0 0
0 0 0 0 0
0 0 0 0 0
0 0 0 0 0
0 0 0 0 0
0 0 0 0 0
0 0 0 0 0
0 0 0 0 0
0 0 0 0 0
0 0 0 0 0
0 0 0 0 0
0 0 0 0 0
0 0 0 0 0
0 0 0 0 0
0 0 0 0 0
0 0 0 0 0
0 0 0 0 0
0 0 0 0 0
0 0 0 0 0
0 0 0 0 0
0 0 0 0 0
0 0 0 0 0
0 0 0 0 0
0 0 0 0 0
0 0 0 0 0
0 0 0 0 0
0 0 0 0 0
0 0 0 0 0
0 0 0 0 0
0 0 0 0 0
0 0 0 0 0
0 0 0 0 0
0 0 0 0 0
0 0 0 0 0
0 0 0 0 0
0 0 0 0 0
0 0 0 0 0
0 0 0 0 0
0 0 0 0 0
0 0 0 0 0
0 0 0 0 0
0 0 0 0 0
0 0 0 0 0
0 0 0 0 0
0 0 0 0 0
0 0 0 0 0
0 0 0 0 0
0 0 0 0 0
0 0 0 0 0
0 0 0 0 0
0 0 0 0 0
0 0 0 0 0
0 0 0 0 0
0 0 0 0 0
0 0 0 0 0
0 0 0 0 0
0 0 0 0 0
0 0 0 0 0
0 0 0 0 0
0 0 0 0 0
0 0 0 0 0
0 0 0 0 0
0 0 0 0 0
0 0 0 0 0
0 0 0 0 0
0 0 0 0 0
0 0 0 0 0
0 0 0 0 0
0 0 0 0 0
0 0 0 0 0
0 0 0 0 0
0 0 0 0 0
0 0 0 0 0
0 0 0 0 0
0 0 0 0 0
0 0 0 0 0
0 0 0 0 0
0 0 0 0 0
0 0 0 0 0
0 0 0 0 0
0 0 0 0 0
0 0 0 0 0
0 0 0 0 0
0 0 0 0 0
0 0 0 0 0
0 0 0 0 0
0 0 0 0 0
0 0 0 0 0
0 0 0 0 0
0 0 0 0 0
0 0 0 0 0
0 0 0 0 0
0 0 0 0 0
0 0 0 0 0
0 0 0 0 0
0 0 0 0 0
0 0 0 0 0
0 0 0 0 0
0 0 0 0 0
0 0 0 0 0
0 0 0 0 0
0 0 0 0 0
0 0 0 0 0
0 0 0 0 0
0 0 0 0 0
0 0 0 0 0
0 0 0 0 0
0 0 0 0 0
0 0 0 0 0
0 0 0 0 0
0 0 0 0 0
0 0 0 0 0
0 0 0 0 0
0 0 0 0 0
0 0 0 0 0
0 0 0 0 0
0 0 0 0 0
0 0 0 0 0
0 0 0 0 0
0 0 0 0 0
0 0 0 0 0
0 0 0 0 0
0 0 0 0 0
0 0 0 0 0
0 0 0 0 0
0 0 0 0 0
0 0 0 0 0
0 0 0 0 0
0 0 0 0 0
0 0 0 0 0
0 0 0 0 0
0 0 0 0 0
0 0 0 0 0
0 0 0 0 0
0 0 0 0 0
0 0 0 0 0
0 0 0 0 0
0 0 0 0 0
0 0 0 0 0
0 0 0 0 0
0 0 0 0 0
0 0 0 0 0
0 0 0 0 0
0 0 0 0 0
0 0 0 0 0
0 0 0 0 0
0 0 0 0 0
0 0 0 0 0
0 0 0 0 0
0 0 0 0 0
0 0 0 0 0
0 0 0 0 0
0 0 0 0 0
0 0 0 0 0
0 0 0 0 0
0 0 0 0 0
0 0 0 0 0
0 0 0 0 0
0 0 0 0 0
0 0 0 0 0
0 0 0 0 0
0 0 0 0 0
0 0 0 0 0
0 0 0 0 0
0 0 0 0 0
0 0 0 0 0
0 0 0 0 0
0 0 0 0 0
0 0 0 0 0
0 0 0 0 0
0 0 0 0 0
0 0 0 0 0
0 0 0 0 0
0 0 0 0 0
0 0 0 0 0
0 0 0 0 0
0 0 0 0 0
0 0 0 0 0
0 0 0 0 0
0 0 0 0 0
0 0 0 0 0
0 0 0 0 0
0 0 0 0 0
0 0 0 0 0
0 0 0 0 0
0 0 0 0 0
0 0 0 0 0
0 0 0 0 0
0 0 0 0 0
0 0 0 0 0
0 0 0 0 0
0 0 0 0 0
0 0 0 0 0
0 0 0 0 0
0 0 0 0 0
0 0 0 0 0
0 0 0 0 0
0 0 0 0 0
0 0 0 0 0
0 0 0 0 0
0 0 0 0 0
0 0 0 0 0
0 0 0 0 0
0 0 0 0 0
0 0 0 0 0
0 0 0 0 0
0 0 0 0 0
0 0 0 0 0
0 0 0 0 0
0 0 0 0 0
0 0 0 0 0
0 0 0 0 0
0 0 0 0 0
0 0 0 0 0
