STA EM for 4He (S. Patore et al.)
2 4 STA_EM 900 5
1 0.002 0.004 0.006 0.008 0.01 0.012 0.014 0.016 0.018 0.02 0.022 0.024 0.026 0.028 0.03 0.032 0.034 0.036 0.038 0.04 0.042 0.044 0.046 0.048 0.05 0.052 0.054 0.056 0.058 0.06 0.062 0.064 0.066 0.068 0.07 0.072 0.074 0.076 0.078 0.08 0.082 0.084 0.086 0.088 0.09 0.092 0.094 0.096 0.098 0.1 0.102 0.104 0.106 0.108 0.11 0.112 0.114 0.116 0.118 0.12 0.122 0.124 0.126 0.128 0.13 0.132 0.134 0.136 0.138 0.14 0.142 0.144 0.146 0.148 0.15 0.152 0.154 0.156 0.158 0.16 0.162 0.164 0.166 0.168 0.17 0.172 0.174 0.176 0.178 0.18 0.182 0.184 0.186 0.188 0.19 0.192 0.194 0.196 0.198 0.2 0.202 0.204 0.206 0.208 0.21 0.212 0.214 0.216 0.218 0.22 0.222 0.224 0.226 0.228 0.23 0.232 0.234 0.236 0.238 0.24 0.242 0.244 0.246 0.248 0.25 0.252 0.254 0.256 0.258 0.26 0.262 0.264 0.266 0.268 0.27 0.272 0.274 0.276 0.278 0.28 0.282 0.284 0.286 0.288 0.29 0.292 0.294 0.296 0.298 0.3 0.302 0.304 0.306 0.308 0.31 0.312 0.314 0.316 0.318 0.32 0.322 0.324 0.326 0.328 0.33 0.332 0.334 0.336 0.338 0.34 0.342 0.344 0.346 0.348 0.35 0.352 0.354 0.356 0.358 0.36 0.362 0.364 0.366 0.368 0.37 0.372 0.374 0.376 0.378 0.38 0.382 0.384 0.386 0.388 0.39 0.392 0.394 0.396 0.398 0.4 0.402 0.404 0.406 0.408 0.41 0.412 0.414 0.416 0.418 0.42 0.422 0.424 0.426 0.428 0.43 0.432 0.434 0.436 0.438 0.44 0.442 0.444 0.446 0.448 0.45 0.452 0.454 0.456 0.458 0.46 0.462 0.464 0.466 0.468 0.47 0.472 0.474 0.476 0.478 0.48 0.482 0.484 0.486 0.488 0.49 0.492 0.494 0.496 0.498 0.5 0.502 0.504 0.506 0.508 0.51 0.512 0.514 0.516 0.518 0.52 0.522 0.524 0.526 0.528 0.53 0.532 0.534 0.536 0.538 0.54 0.542 0.544 0.546 0.548 0.55 0.552 0.554 0.556 0.558 0.56 0.562 0.564 0.566 0.568 0.57 0.572 0.574 0.576 0.578 0.58 0.582 0.584 0.586 0.588 0.59 0.592 0.594 0.596 0.598 0.6 0.602 0.604 0.606 0.608 0.61 0.612 0.614 0.616 0.618 0.62 0.622 0.624 0.626 0.628 0.63 0.632 0.634 0.636 0.638 0.64 0.642 0.644 0.646 0.648 0.65 0.652 0.654 0.656 0.658 0.66 0.662 0.664 0.666 0.668 0.67 0.672 0.674 0.676 0.678 0.68 0.682 0.684 0.686 0.688 0.69 0.692 0.694 0.696 0.698 0.7 0.702 0.704 0.706 0.708 0.71 0.712 0.714 0.716 0.718 0.72 0.722 0.724 0.726 0.728 0.73 0.732 0.734 0.736 0.738 0.74 0.742 0.744 0.746 0.748 0.75 0.752 0.754 0.756 0.758 0.76 0.762 0.764 0.766 0.768 0.77 0.772 0.774 0.776 0.778 0.78 0.782 0.784 0.786 0.788 0.79 0.792 0.794 0.796 0.798 0.8 0.802 0.804 0.806 0.808 0.81 0.812 0.814 0.816 0.818 0.82 0.822 0.824 0.826 0.828 0.83 0.832 0.834 0.836 0.838 0.84 0.842 0.844 0.846 0.848 0.85 0.852 0.854 0.856 0.858 0.86 0.862 0.864 0.866 0.868 0.87 0.872 0.874 0.876 0.878 0.88 0.882 0.884 0.886 0.888 0.89 0.892 0.894 0.896 0.898 0.9 0.902 0.904 0.906 0.908 0.91 0.912 0.914 0.916 0.918 0.92 0.922 0.924 0.926 0.928 0.93 0.932 0.934 0.936 0.938 0.94 0.942 0.944 0.946 0.948 0.95 0.952 0.954 0.956 0.958 0.96 0.962 0.964 0.966 0.968 0.97 0.972 0.974 0.976 0.978 0.98 0.982 0.984 0.986 0.988 0.99 0.992 0.994 0.996 0.998 1 1.002 1.004 1.006 1.008 1.01 1.012 1.014 1.016 1.018 1.02 1.022 1.024 1.026 1.028 1.03 1.032 1.034 1.036 1.038 1.04 1.042 1.044 1.046 1.048 1.05 1.052 1.054 1.056 1.058 1.06 1.062 1.064 1.066 1.068 1.07 1.072 1.074 1.076 1.078 1.08 1.082 1.084 1.086 1.088 1.09 1.092 1.094 1.096 1.098 1.1 1.102 1.104 1.106 1.108 1.11 1.112 1.114 1.116 1.118 1.12 1.122 1.124 1.126 1.128 1.13 1.132 1.134 1.136 1.138 1.14 1.142 1.144 1.146 1.148 1.15 1.152 1.154 1.156 1.158 1.16 1.162 1.164 1.166 1.168 1.17 1.172 1.174 1.176 1.178 1.18 1.182 1.184 1.186 1.188 1.19 1.192 1.194 1.196 1.198 1.2 1.202 1.204 1.206 1.208 1.21 1.212 1.214 1.216 1.218 1.22 1.222 1.224 1.226 1.228 1.23 1.232 1.234 1.236 1.238 1.24 1.242 1.244 1.246 1.248 1.25 1.252 1.254 1.256 1.258 1.26 1.262 1.264 1.266 1.268 1.27 1.272 1.274 1.276 1.278 1.28 1.282 1.284 1.286 1.288 1.29 1.292 1.294 1.296 1.298 1.3 1.302 1.304 1.306 1.308 1.31 1.312 1.314 1.316 1.318 1.32 1.322 1.324 1.326 1.328 1.33 1.332 1.334 1.336 1.338 1.34 1.342 1.344 1.346 1.348 1.35 1.352 1.354 1.356 1.358 1.36 1.362 1.364 1.366 1.368 1.37 1.372 1.374 1.376 1.378 1.38 1.382 1.384 1.386 1.388 1.39 1.392 1.394 1.396 1.398 1.4 1.402 1.404 1.406 1.408 1.41 1.412 1.414 1.416 1.418 1.42 1.422 1.424 1.426 1.428 1.43 1.432 1.434 1.436 1.438 1.44 1.442 1.444 1.446 1.448 1.45 1.452 1.454 1.456 1.458 1.46 1.462 1.464 1.466 1.468 1.47 1.472 1.474 1.476 1.478 1.48 1.482 1.484 1.486 1.488 1.49 1.492 1.494 1.496 1.498 1.5 1.502 1.504 1.506 1.508 1.51 1.512 1.514 1.516 1.518 1.52 1.522 1.524 1.526 1.528 1.53 1.532 1.534 1.536 1.538 1.54 1.542 1.544 1.546 1.548 1.55 1.552 1.554 1.556 1.558 1.56 1.562 1.564 1.566 1.568 1.57 1.572 1.574 1.576 1.578 1.58 1.582 1.584 1.586 1.588 1.59 1.592 1.594 1.596 1.598 1.6 1.602 1.604 1.606 1.608 1.61 1.612 1.614 1.616 1.618 1.62 1.622 1.624 1.626 1.628 1.63 1.632 1.634 1.636 1.638 1.64 1.642 1.644 1.646 1.648 1.65 1.652 1.654 1.656 1.658 1.66 1.662 1.664 1.666 1.668 1.67 1.672 1.674 1.676 1.678 1.68 1.682 1.684 1.686 1.688 1.69 1.692 1.694 1.696 1.698 1.7 1.702 1.704 1.706 1.708 1.71 1.712 1.714 1.716 1.718 1.72 1.722 1.724 1.726 1.728 1.73 1.732 1.734 1.736 1.738 1.74 1.742 1.744 1.746 1.748 1.75 1.752 1.754 1.756 1.758 1.76 1.762 1.764 1.766 1.768 1.77 1.772 1.774 1.776 1.778 1.78 1.782 1.784 1.786 1.788 1.79 1.792 1.794 1.796 1.798 1.8
1 0.3 0.4 0.5 0.6 0.7
0 0 0 0 0
0 0 0 0 0
0 0 0 0 0
0 0 0 0 0
0 0 0 0 0
1.7675e-09 0 6.14198e-05 0 0
1.3602e-06 0 9.55685e-06 0 0
3.71489e-07 0 -3.94409e-07 0 0
5.52194e-07 0 -5.25055e-06 0 0
-1.08032e-07 0 -3.3031e-06 0 0
1.1797e-08 0 0.000188442 0 0
3.81613e-06 0 2.92434e-05 0 0
1.14096e-06 0 -1.28721e-06 0 0
1.55124e-06 0 -1.62059e-05 0 0
-3.29832e-07 0 -1.01957e-05 0 0
5.94016e-08 0 0.000427894 0 0
7.79187e-06 0 6.97475e-05 0 0
2.39294e-06 0 -6.52496e-07 0 0
3.04422e-06 0 -3.28241e-05 0 0
-6.10775e-07 0 -2.09777e-05 0 0
2.55137e-07 0 0.000847966 0 0
1.39863e-05 0 0.000147033 0 0
4.28915e-06 0 4.25856e-06 0 0
5.11457e-06 0 -5.54927e-05 0 0
-8.79146e-07 0 -3.62688e-05 0 0
9.59712e-07 0 0.00153638 0 0
2.33926e-05 0 0.000281798 0 0
7.1421e-06 0 1.62278e-05 0 0
7.90117e-06 0 -8.61946e-05 0 0
-1.08105e-06 0 -5.75932e-05 0 0
3.19241e-06 0 0.00260432 0 0
3.73188e-05 0 0.000501179 0 0
1.14199e-05 0 3.85358e-05 0 0
1.15885e-05 0 -0.00012823 0 0
-1.16586e-06 0 -8.72871e-05 0 0
9.44903e-06 0 0.00419311 0 0
5.74112e-05 0 0.000841976 0 0
1.76914e-05 0 7.6333e-05 0 0
1.63752e-05 0 -0.000184746 0 0
-1.03477e-06 0 -0.000127846 0 0
2.50299e-05 0 0.00647573 0 0
8.56959e-05 0 0.00135282 0 0
2.65959e-05 0 0.000137604 0 0
2.24562e-05 0 -0.000257725 0 0
-5.09363e-07 0 -0.000181472 0 0
5.97078e-05 0 0.00965302 0 0
0.000124572 0 0.00209508 0 0
3.88618e-05 0 0.000233619 0 0
3.00124e-05 0 -0.000347435 0 0
6.81516e-07 0 -0.00024972 0 0
0.000129135 0 0.0139445 0 0
0.000176755 0 0.00314258 0 0
5.53605e-05 0 0.000379006 0 0
3.92007e-05 0 -0.000452159 0 0
2.89915e-06 0 -0.000333189 0 0
0.000255045 0 0.0195751 0 0
0.000245212 0 0.00458062 0 0
7.71439e-05 0 0.000591994 0 0
5.01361e-05 0 -0.000567625 0 0
6.58977e-06 0 -0.000431101 0 0
0.000463376 0 0.0267579 0 0
0.000333176 0 0.00650406 0 0
0.000105457 0 0.000894594 0 0
6.29111e-05 0 -0.000686485 0 0
1.22683e-05 0 -0.00054095 0 0
0.000780076 0 0.0356746 0 0
0.000444188 0 0.00901423 0 0
0.000141739 0 0.00131259 0 0
7.76449e-05 0 -0.00079802 0 0
2.04858e-05 0 -0.000658298 0 0
0.00122525 0 0.046454 0 0
0.00058205 0 0.0122144 0 0
0.000187647 0 0.00187511 0 0
9.45195e-05 0 -0.000888325 0 0
3.17761e-05 0 -0.000776848 0 0
0.00180726 0 0.0591523 0 0
0.000750715 0 0.0162045 0 0
0.000245081 0 0.00261387 0 0
0.000113742 0 -0.000940957 0 0
4.65882e-05 0 -0.000888847 0 0
0.00251862 0 0.0737372 0 0
0.000954125 0 0.0210747 0 0
0.000316218 0 0.00356212 0 0
0.000135464 0 -0.000937999 0 0
6.52129e-05 0 -0.000985794 0 0
0.00333541 0 0.0900794 0 0
0.00119605 0 0.0268997 0 0
0.000403498 0 0.00475346 0 0
0.000159752 0 -0.000861347 0 0
8.77163e-05 0 -0.0010593 0 0
0.00422063 0 0.107951 0 0
0.0014799 0 0.0337332 0 0
0.000509595 0 0.00622063 0 0
0.000186636 0 -0.00069402 0 0
0.000113892 0 -0.00110194 0 0
0.00513102 0 0.127036 0 0
0.00180856 0 0.0416034 0 0
0.000637344 0 0.0079944 0 0
0.000216204 0 -0.000421289 0 0
0.000143242 0 -0.00110796 0 0
0.00602527 0 0.146944 0 0
0.00218413 0 0.05051 0 0
0.000789654 0 0.0101026 0 0
0.000248653 0 -3.14931e-05 0 0
0.000174993 0 -0.00107373 0 0
0.00687079 0 0.167236 0 0
0.00260781 0 0.0604229 0 0
0.0009694 0 0.0125695 0 0
0.00028432 0 0.00048354 0 0
0.00020814 0 -0.00099782 0 0
0.00764641 0 0.187447 0 0
0.00307976 0 0.0712819 0 0
0.00117933 0 0.0154153 0 0
0.000323701 0 0.00112852 0 0
0.000241525 0 -0.000880701 0 0
0.0083402 0 0.207119 0 0
0.00359892 0 0.082999 0 0
0.00142196 0 0.0186562 0 0
0.00036749 0 0.00190508 0 0
0.000273926 0 -0.000724157 0 0
0.00894449 0 0.225823 0 0
0.00416302 0 0.0954606 0 0
0.00169952 0 0.0223043 0 0
0.000416586 0 0.00281248 0 0
0.000304161 0 -0.0005305 0 0
0.00945167 0 0.243183 0 0
0.00476854 0 0.108532 0 0
0.00201391 0 0.026368 0 0
0.000472073 0 0.00384836 0 0
0.000331202 0 -0.000301808 0 0
0.00985353 0 0.258893 0 0
0.00541078 0 0.12206 0 0
0.00236658 0 0.0308515 0 0
0.00053521 0 0.0050095 0 0
0.000354259 0 -3.93482e-05 0 0
0.0101439 0 0.272725 0 0
0.0060839 0 0.135882 0 0
0.00275857 0 0.0357557 0 0
0.000607399 0 0.00629234 0 0
0.000372843 0 0.000256719 0 0
0.0103224 0 0.284535 0 0
0.00678106 0 0.149823 0 0
0.00319033 0 0.0410775 0 0
0.000690135 0 0.00769351 0 0
0.000386794 0 0.000587319 0 0
0.0103963 0 0.294261 0 0
0.00749456 0 0.16371 0 0
0.00366171 0 0.0468095 0 0
0.000784941 0 0.00921002 0 0
0.000396285 0 0.000954152 0 0
0.0103805 0 0.301917 0 0
0.00821607 0 0.177369 0 0
0.00417184 0 0.0529401 0 0
0.000893365 0 0.0108394 0 0
0.000401845 0 0.00135921 0 0
0.0102939 0 0.30758 0 0
0.00893695 0 0.190634 0 0
0.00471908 0 0.0594525 0 0
0.00101702 0 0.0125799 0 0
0.000404359 0 0.00180423 0 0
0.0101566 0 0.311383 0 0
0.00964854 0 0.203349 0 0
0.00530102 0 0.0663242 0 0
0.00115756 0 0.0144303 0 0
0.00040507 0 0.00229026 0 0
0.00998763 0 0.313499 0 0
0.0103423 0 0.215372 0 0
0.00591446 0 0.0735268 0 0
0.00131664 0 0.0163902 0 0
0.00040555 0 0.00281728 0 0
0.00980432 0 0.314127 0 0
0.0110101 0 0.22658 0 0
0.00655547 0 0.0810253 0 0
0.0014958 0 0.0184599 0 0
0.000407661 0 0.0033841 0 0
0.00962221 0 0.313482 0 0
0.0116443 0 0.236872 0 0
0.00721941 0 0.0887783 0 0
0.00169641 0 0.0206407 0 0
0.000413501 0 0.00398842 0 0
0.00945441 0 0.311783 0 0
0.0122379 0 0.246167 0 0
0.00790112 0 0.096738 0 0
0.00191966 0 0.0229345 0 0
0.00042534 0 0.00462698 0 0
0.00930945 0 0.309246 0 0
0.012785 0 0.25441 0 0
0.00859492 0 0.104851 0 0
0.00216647 0 0.0253442 0 0
0.000445536 0 0.00529595 0 0
0.00918883 0 0.306071 0 0
0.0132808 0 0.261571 0 0
0.00929483 0 0.113058 0 0
0.00243751 0 0.0278733 0 0
0.000476422 0 0.00599125 0 0
0.00908689 0 0.302445 0 0
0.0137218 0 0.267643 0 0
0.00999456 0 0.121296 0 0
0.00273315 0 0.0305258 0 0
0.000520149 0 0.00670897 0 0
0.00899416 0 0.298532 0 0
0.0141055 0 0.272643 0 0
0.0106876 0 0.129501 0 0
0.00305359 0 0.033306 0 0
0.000578513 0 0.00744566 0 0
0.00890316 0 0.294474 0 0
0.0144313 0 0.276608 0 0
0.0113672 0 0.137606 0 0
0.00339887 0 0.0362181 0 0
0.000652798 0 0.00819874 0 0
0.00881331 0 0.29039 0 0
0.0146993 0 0.279592 0 0
0.0120268 0 0.145545 0 0
0.00376879 0 0.0392659 0 0
0.000743685 0 0.00896672 0 0
0.00873164 0 0.286377 0 0
0.0149111 0 0.281664 0 0
0.0126597 0 0.153256 0 0
0.00416279 0 0.0424523 0 0
0.00085125 0 0.00974945 0 0
0.00866886 0 0.282512 0 0
0.015069 0 0.282903 0 0
0.0132596 0 0.16068 0 0
0.00457991 0 0.0457789 0 0
0.00097503 0 0.0105482 0 0
0.00863338 0 0.27885 0 0
0.0151761 0 0.283398 0 0
0.0138208 0 0.167762 0 0
0.0050188 0 0.0492457 0 0
0.00111416 0 0.0113657 0 0
0.0086272 0 0.275432 0 0
0.0152365 0 0.283239 0 0
0.0143383 0 0.174454 0 0
0.0054778 0 0.0528504 0 0
0.00126759 0 0.0122058 0 0
0.00864528 0 0.272283 0 0
0.0152545 0 0.282518 0 0
0.0148079 0 0.180717 0 0
0.00595505 0 0.0565884 0 0
0.00143425 0 0.0130735 0 0
0.00867772 0 0.269417 0 0
0.0152352 0 0.281327 0 0
0.0152267 0 0.186517 0 0
0.00644842 0 0.0604523 0 0
0.00161338 0 0.0139743 0 0
0.00871243 0 0.266836 0 0
0.0151835 0 0.279753 0 0
0.015593 0 0.191831 0 0
0.00695561 0 0.064432 0 0
0.00180462 0 0.0149142 0 0
0.00873723 0 0.264537 0 0
0.0151043 0 0.277876 0 0
0.0159062 0 0.196642 0 0
0.00747407 0 0.0685145 0 0
0.00200817 0 0.015899 0 0
0.00874165 0 0.26251 0 0
0.0150022 0 0.275774 0 0
0.016167 0 0.200943 0 0
0.00800111 0 0.0726839 0 0
0.00222468 0 0.0169343 0 0
0.00871937 0 0.26074 0 0
0.0148817 0 0.273515 0 0
0.016377 0 0.204736 0 0
0.00853382 0 0.0769217 0 0
0.00245515 0 0.0180256 0 0
0.00867094 0 0.25921 0 0
0.0147468 0 0.271158 0 0
0.0165386 0 0.208028 0 0
0.00906911 0 0.0812072 0 0
0.00270073 0 0.0191781 0 0
0.00860494 0 0.257902 0 0
0.0146013 0 0.268759 0 0
0.016655 0 0.210834 0 0
0.00960375 0 0.0855177 0 0
0.00296242 0 0.0203964 0 0
0.00853591 0 0.256797 0 0
0.0144485 0 0.266363 0 0
0.0167297 0 0.213176 0 0
0.0101345 0 0.0898291 0 0
0.00324088 0 0.0216852 0 0
0.00847927 0 0.255875 0 0
0.0142912 0 0.264008 0 0
0.0167666 0 0.21508 0 0
0.0106584 0 0.0941164 0 0
0.00353623 0 0.0230486 0 0
0.00844576 0 0.255116 0 0
0.0141318 0 0.261726 0 0
0.0167695 0 0.216576 0 0
0.0111722 0 0.0983545 0 0
0.00384797 0 0.0244906 0 0
0.00843826 0 0.254501 0 0
0.0139726 0 0.259539 0 0
0.0167424 0 0.217697 0 0
0.0116731 0 0.102519 0 0
0.00417498 0 0.0260142 0 0
0.00845251 0 0.25401 0 0
0.0138154 0 0.257468 0 0
0.0166892 0 0.218478 0 0
0.0121579 0 0.106585 0 0
0.00451563 0 0.0276219 0 0
0.00848065 0 0.253625 0 0
0.0136621 0 0.255524 0 0
0.0166139 0 0.218954 0 0
0.0126237 0 0.110533 0 0
0.00486791 0 0.0293146 0 0
0.00851506 0 0.253329 0 0
0.0135139 0 0.253716 0 0
0.0165204 0 0.219161 0 0
0.0130677 0 0.114343 0 0
0.00522958 0 0.0310922 0 0
0.0085506 0 0.253104 0 0
0.0133722 0 0.252046 0 0
0.0164122 0 0.219134 0 0
0.0134875 0 0.117997 0 0
0.00559839 0 0.0329527 0 0
0.00858489 0 0.252936 0 0
0.0132376 0 0.250515 0 0
0.016293 0 0.218905 0 0
0.0138811 0 0.121481 0 0
0.00597218 0 0.0348927 0 0
0.00861726 0 0.252812 0 0
0.0131109 0 0.24912 0 0
0.0161656 0 0.218506 0 0
0.0142467 0 0.124785 0 0
0.00634905 0 0.0369071 0 0
0.00864771 0 0.252721 0 0
0.0129923 0 0.247857 0 0
0.0160328 0 0.217966 0 0
0.0145827 0 0.127897 0 0
0.0067274 0 0.0389897 0 0
0.00867627 0 0.252652 0 0
0.0128819 0 0.246719 0 0
0.0158967 0 0.217312 0 0
0.0148878 0 0.130813 0 0
0.00710592 0 0.0411331 0 0
0.00870285 0 0.252599 0 0
0.0127797 0 0.245699 0 0
0.0157591 0 0.216571 0 0
0.0151612 0 0.133527 0 0
0.00748352 0 0.0433292 0 0
0.00872737 0 0.252554 0 0
0.0126852 0 0.244789 0 0
0.015621 0 0.215763 0 0
0.0154023 0 0.136038 0 0
0.00785925 0 0.0455694 0 0
0.00874975 0 0.252511 0 0
0.0125981 0 0.243981 0 0
0.0154833 0 0.214909 0 0
0.0156115 0 0.138344 0 0
0.00823209 0 0.0478447 0 0
0.00877001 0 0.252467 0 0
0.0125176 0 0.243268 0 0
0.0153464 0 0.214026 0 0
0.0157891 0 0.140449 0 0
0.0086009 0 0.0501458 0 0
0.00878819 0 0.252417 0 0
0.0124431 0 0.242642 0 0
0.0152106 0 0.213132 0 0
0.0159358 0 0.142355 0 0
0.00896426 0 0.0524632 0 0
0.00880434 0 0.252357 0 0
0.012374 0 0.242095 0 0
0.0150762 0 0.212238 0 0
0.0160526 0 0.144068 0 0
0.0093205 0 0.0547873 0 0
0.0088185 0 0.252283 0 0
0.0123097 0 0.24162 0 0
0.0149433 0 0.211357 0 0
0.0161406 0 0.145595 0 0
0.00966776 0 0.0571083 0 0
0.00883072 0 0.252192 0 0
0.0122495 0 0.241211 0 0
0.0148122 0 0.210499 0 0
0.0162015 0 0.146946 0 0
0.0100041 0 0.0594163 0 0
0.00884104 0 0.252082 0 0
0.0121933 0 0.240861 0 0
0.0146833 0 0.209671 0 0
0.0162372 0 0.14813 0 0
0.0103277 0 0.0617015 0 0
0.00884948 0 0.251948 0 0
0.0121406 0 0.240563 0 0
0.0145574 0 0.20888 0 0
0.0162497 0 0.149158 0 0
0.0106369 0 0.0639548 0 0
0.00885605 0 0.251791 0 0
0.0120913 0 0.24031 0 0
0.0144351 0 0.208132 0 0
0.0162411 0 0.150042 0 0
0.0109305 0 0.0661676 0 0
0.0088608 0 0.251609 0 0
0.0120456 0 0.240097 0 0
0.0143174 0 0.207431 0 0
0.0162134 0 0.150795 0 0
0.0112078 0 0.0683322 0 0
0.00886375 0 0.251401 0 0
0.0120034 0 0.239916 0 0
0.0142054 0 0.206778 0 0
0.0161687 0 0.151428 0 0
0.0114684 0 0.0704422 0 0
0.00886499 0 0.251168 0 0
0.0119648 0 0.239763 0 0
0.0141002 0 0.206176 0 0
0.0161089 0 0.151955 0 0
0.0117122 0 0.0724921 0 0
0.00886459 0 0.25091 0 0
0.0119301 0 0.23963 0 0
0.0140029 0 0.205625 0 0
0.0160358 0 0.152386 0 0
0.0119398 0 0.0744779 0 0
0.00886265 0 0.250628 0 0
0.0118992 0 0.239513 0 0
0.0139145 0 0.205123 0 0
0.0159512 0 0.152733 0 0
0.0121514 0 0.0763966 0 0
0.00885924 0 0.250321 0 0
0.0118721 0 0.239407 0 0
0.0138357 0 0.204668 0 0
0.0158569 0 0.153008 0 0
0.0123476 0 0.0782458 0 0
0.00885445 0 0.24999 0 0
0.0118489 0 0.239307 0 0
0.0137667 0 0.204259 0 0
0.0157546 0 0.15322 0 0
0.0125288 0 0.080024 0 0
0.00884831 0 0.249636 0 0
0.0118293 0 0.239208 0 0
0.0137071 0 0.20389 0 0
0.0156459 0 0.153378 0 0
0.012695 0 0.0817301 0 0
0.00884086 0 0.249257 0 0
0.0118129 0 0.239107 0 0
0.0136562 0 0.203558 0 0
0.0155322 0 0.153491 0 0
0.0128462 0 0.0833634 0 0
0.00883211 0 0.248853 0 0
0.0117996 0 0.239001 0 0
0.0136123 0 0.20326 0 0
0.0154148 0 0.153567 0 0
0.0129822 0 0.084923 0 0
0.00882208 0 0.248424 0 0
0.0117888 0 0.238886 0 0
0.0135738 0 0.20299 0 0
0.0152949 0 0.153614 0 0
0.0131025 0 0.0864087 0 0
0.0088108 0 0.24797 0 0
0.01178 0 0.238761 0 0
0.0135383 0 0.202746 0 0
0.0151736 0 0.153637 0 0
0.0132066 0 0.0878199 0 0
0.0087983 0 0.247489 0 0
0.0117729 0 0.238623 0 0
0.0135039 0 0.202523 0 0
0.0150518 0 0.153641 0 0
0.013294 0 0.0891567 0 0
0.00878463 0 0.246983 0 0
0.0117669 0 0.238471 0 0
0.0134685 0 0.202321 0 0
0.0149305 0 0.153631 0 0
0.0133644 0 0.0904192 0 0
0.00876986 0 0.246451 0 0
0.0117616 0 0.238305 0 0
0.0134307 0 0.202136 0 0
0.0148104 0 0.153611 0 0
0.0134178 0 0.0916077 0 0
0.00875405 0 0.245894 0 0
0.0117567 0 0.238124 0 0
0.0133896 0 0.201968 0 0
0.0146922 0 0.153582 0 0
0.0134546 0 0.0927233 0 0
0.00873725 0 0.245311 0 0
0.0117517 0 0.237928 0 0
0.013345 0 0.201815 0 0
0.0145765 0 0.153547 0 0
0.0134755 0 0.0937673 0 0
0.00871954 0 0.244703 0 0
0.0117465 0 0.237718 0 0
0.0132975 0 0.201676 0 0
0.0144638 0 0.153508 0 0
0.0134816 0 0.0947417 0 0
0.00870096 0 0.244071 0 0
0.0117408 0 0.237494 0 0
0.0132483 0 0.201552 0 0
0.0143547 0 0.153465 0 0
0.0134744 0 0.0956489 0 0
0.00868159 0 0.243415 0 0
0.0117344 0 0.237258 0 0
0.0131988 0 0.20144 0 0
0.0142495 0 0.153419 0 0
0.0134553 0 0.0964919 0 0
0.00866148 0 0.242736 0 0
0.0117271 0 0.237008 0 0
0.013151 0 0.201339 0 0
0.0141486 0 0.153371 0 0
0.013426 0 0.0972738 0 0
0.00864066 0 0.242033 0 0
0.011719 0 0.236746 0 0
0.0131065 0 0.201248 0 0
0.0140522 0 0.153323 0 0
0.013388 0 0.0979984 0 0
0.00861916 0 0.241308 0 0
0.0117099 0 0.236471 0 0
0.0130666 0 0.201164 0 0
0.0139604 0 0.153274 0 0
0.0133425 0 0.0986693 0 0
0.00859698 0 0.24056 0 0
0.0116997 0 0.236182 0 0
0.0130323 0 0.201084 0 0
0.0138735 0 0.153227 0 0
0.0132907 0 0.0992907 0 0
0.00857415 0 0.23979 0 0
0.0116885 0 0.235879 0 0
0.0130041 0 0.201007 0 0
0.0137918 0 0.153183 0 0
0.0132333 0 0.0998669 0 0
0.00855065 0 0.238996 0 0
0.0116763 0 0.23556 0 0
0.012982 0 0.200931 0 0
0.0137154 0 0.153143 0 0
0.0131711 0 0.100402 0 0
0.00852655 0 0.23818 0 0
0.011663 0 0.235226 0 0
0.0129653 0 0.200853 0 0
0.0136443 0 0.153109 0 0
0.0131047 0 0.1009 0 0
0.00850189 0 0.23734 0 0
0.0116487 0 0.234874 0 0
0.0129535 0 0.200773 0 0
0.0135785 0 0.15308 0 0
0.0130346 0 0.101366 0 0
0.00847672 0 0.236477 0 0
0.0116333 0 0.234506 0 0
0.0129455 0 0.20069 0 0
0.0135175 0 0.153059 0 0
0.0129616 0 0.101802 0 0
0.00845109 0 0.235592 0 0
0.0116169 0 0.23412 0 0
0.0129403 0 0.200604 0 0
0.013461 0 0.153044 0 0
0.0128862 0 0.102213 0 0
0.00842501 0 0.234685 0 0
0.0115995 0 0.233715 0 0
0.0129372 0 0.200514 0 0
0.0134084 0 0.153037 0 0
0.0128089 0 0.102601 0 0
0.00839846 0 0.233758 0 0
0.0115811 0 0.233293 0 0
0.0129352 0 0.200421 0 0
0.013359 0 0.153037 0 0
0.0127303 0 0.102968 0 0
0.00837145 0 0.232813 0 0
0.0115618 0 0.232852 0 0
0.0129338 0 0.200325 0 0
0.0133121 0 0.153043 0 0
0.0126509 0 0.103316 0 0
0.00834397 0 0.231853 0 0
0.0115415 0 0.232393 0 0
0.0129324 0 0.200225 0 0
0.013267 0 0.153054 0 0
0.0125712 0 0.103648 0 0
0.00831605 0 0.230879 0 0
0.0115204 0 0.231915 0 0
0.0129307 0 0.200121 0 0
0.0132228 0 0.153069 0 0
0.0124919 0 0.103963 0 0
0.00828773 0 0.229896 0 0
0.0114983 0 0.231417 0 0
0.0129285 0 0.200011 0 0
0.013179 0 0.153087 0 0
0.0124139 0 0.104263 0 0
0.00825907 0 0.228905 0 0
0.0114753 0 0.230901 0 0
0.0129255 0 0.199894 0 0
0.0131349 0 0.153106 0 0
0.0123383 0 0.104548 0 0
0.00823013 0 0.227908 0 0
0.0114515 0 0.230364 0 0
0.0129217 0 0.19977 0 0
0.0130904 0 0.153125 0 0
0.0122662 0 0.10482 0 0
0.00820092 0 0.226908 0 0
0.0114269 0 0.229807 0 0
0.012917 0 0.199636 0 0
0.0130452 0 0.153143 0 0
0.0121989 0 0.105078 0 0
0.00817148 0 0.225906 0 0
0.0114015 0 0.229228 0 0
0.0129114 0 0.199492 0 0
0.0129994 0 0.153158 0 0
0.0121375 0 0.105325 0 0
0.00814184 0 0.224901 0 0
0.0113753 0 0.228629 0 0
0.0129048 0 0.199336 0 0
0.0129533 0 0.153171 0 0
0.0120829 0 0.105559 0 0
0.00811201 0 0.223895 0 0
0.0113484 0 0.228008 0 0
0.0128972 0 0.199166 0 0
0.0129073 0 0.153181 0 0
0.0120355 0 0.105784 0 0
0.00808201 0 0.222888 0 0
0.0113208 0 0.227367 0 0
0.0128887 0 0.198982 0 0
0.012862 0 0.153188 0 0
0.0119954 0 0.105999 0 0
0.00805184 0 0.221878 0 0
0.0112925 0 0.226706 0 0
0.0128791 0 0.198783 0 0
0.0128181 0 0.153192 0 0
0.0119623 0 0.106206 0 0
0.0080215 0 0.220866 0 0
0.0112635 0 0.226029 0 0
0.0128686 0 0.198566 0 0
0.0127761 0 0.153195 0 0
0.0119352 0 0.106405 0 0
0.00799099 0 0.219851 0 0
0.011234 0 0.225335 0 0
0.0128572 0 0.198332 0 0
0.0127367 0 0.153197 0 0
0.0119131 0 0.106598 0 0
0.00796029 0 0.218833 0 0
0.0112038 0 0.224629 0 0
0.0128448 0 0.198079 0 0
0.0127003 0 0.153199 0 0
0.0118945 0 0.106785 0 0
0.00792937 0 0.217812 0 0
0.011173 0 0.223912 0 0
0.0128315 0 0.197808 0 0
0.0126674 0 0.1532 0 0
0.0118777 0 0.106967 0 0
0.00789826 0 0.216788 0 0
0.0111417 0 0.223188 0 0
0.0128172 0 0.197519 0 0
0.012638 0 0.153201 0 0
0.011861 0 0.107143 0 0
0.00786698 0 0.21576 0 0
0.0111098 0 0.222457 0 0
0.0128021 0 0.197211 0 0
0.0126124 0 0.153202 0 0
0.0118428 0 0.107314 0 0
0.0078356 0 0.21473 0 0
0.0110774 0 0.221722 0 0
0.0127862 0 0.196888 0 0
0.0125904 0 0.1532 0 0
0.0118215 0 0.107479 0 0
0.00780417 0 0.213697 0 0
0.0110446 0 0.220983 0 0
0.0127693 0 0.196551 0 0
0.0125718 0 0.153196 0 0
0.0117958 0 0.107639 0 0
0.00777277 0 0.212663 0 0
0.0110113 0 0.220241 0 0
0.0127516 0 0.196201 0 0
0.0125562 0 0.153187 0 0
0.0117647 0 0.107793 0 0
0.00774142 0 0.211626 0 0
0.0109775 0 0.219496 0 0
0.0127331 0 0.195842 0 0
0.0125434 0 0.153171 0 0
0.0117276 0 0.107942 0 0
0.00771012 0 0.210588 0 0
0.0109434 0 0.218748 0 0
0.0127137 0 0.195474 0 0
0.0125329 0 0.153147 0 0
0.0116846 0 0.108087 0 0
0.00767883 0 0.209549 0 0
0.0109088 0 0.217997 0 0
0.0126936 0 0.195101 0 0
0.0125243 0 0.153114 0 0
0.0116363 0 0.108228 0 0
0.0076475 0 0.208509 0 0
0.0108738 0 0.217241 0 0
0.0126726 0 0.194723 0 0
0.0125171 0 0.15307 0 0
0.0115839 0 0.108366 0 0
0.00761608 0 0.207469 0 0
0.0108384 0 0.21648 0 0
0.0126508 0 0.194342 0 0
0.012511 0 0.153013 0 0
0.011529 0 0.108502 0 0
0.00758455 0 0.206428 0 0
0.0108027 0 0.215714 0 0
0.0126283 0 0.193956 0 0
0.0125057 0 0.152942 0 0
0.0114736 0 0.108638 0 0
0.00755293 0 0.205389 0 0
0.0107667 0 0.214942 0 0
0.0126049 0 0.193567 0 0
0.0125008 0 0.152857 0 0
0.0114198 0 0.108773 0 0
0.00752127 0 0.204349 0 0
0.0107303 0 0.214166 0 0
0.0125808 0 0.193174 0 0
0.0124961 0 0.152758 0 0
0.0113694 0 0.108908 0 0
0.00748964 0 0.203311 0 0
0.0106936 0 0.213383 0 0
0.012556 0 0.192775 0 0
0.0124913 0 0.152646 0 0
0.011324 0 0.109042 0 0
0.00745808 0 0.202274 0 0
0.0106566 0 0.212595 0 0
0.0125305 0 0.192371 0 0
0.0124865 0 0.152522 0 0
0.0112848 0 0.109175 0 0
0.0074266 0 0.201239 0 0
0.0106194 0 0.211802 0 0
0.0125042 0 0.191961 0 0
0.0124813 0 0.152387 0 0
0.0112523 0 0.109305 0 0
0.0073952 0 0.200205 0 0
0.0105818 0 0.211004 0 0
0.0124773 0 0.191543 0 0
0.0124758 0 0.152244 0 0
0.0112266 0 0.109431 0 0
0.00736383 0 0.199173 0 0
0.010544 0 0.210201 0 0
0.0124496 0 0.191118 0 0
0.0124698 0 0.152094 0 0
0.0112072 0 0.109551 0 0
0.00733249 0 0.198144 0 0
0.010506 0 0.209393 0 0
0.0124214 0 0.190686 0 0
0.0124633 0 0.151941 0 0
0.0111935 0 0.109664 0 0
0.00730116 0 0.197117 0 0
0.0104678 0 0.208582 0 0
0.0123925 0 0.190246 0 0
0.0124562 0 0.151784 0 0
0.0111845 0 0.109768 0 0
0.00726985 0 0.196093 0 0
0.0104293 0 0.207766 0 0
0.012363 0 0.189798 0 0
0.0124486 0 0.151627 0 0
0.0111793 0 0.109862 0 0
0.00723856 0 0.195073 0 0
0.0103907 0 0.206948 0 0
0.0123329 0 0.189342 0 0
0.0124404 0 0.151468 0 0
0.011177 0 0.109944 0 0
0.00720732 0 0.194055 0 0
0.0103519 0 0.206125 0 0
0.0123022 0 0.188878 0 0
0.0124315 0 0.151309 0 0
0.0111767 0 0.110014 0 0
0.00717611 0 0.19304 0 0
0.0103129 0 0.2053 0 0
0.012271 0 0.188408 0 0
0.0124221 0 0.151149 0 0
0.0111778 0 0.11007 0 0
0 0 0 0 0
0.0102738 0 0.204473 0 0
0.0122393 0 0.187929 0 0
0.012412 0 0.150988 0 0
0.0111798 0 0.110114 0 0
0 0 0 0 0
0.0102346 0 0.203642 0 0
0.012207 0 0.187444 0 0
0.0124013 0 0.150824 0 0
0.0111823 0 0.110145 0 0
0 0 0 0 0
0.0101952 0 0.20281 0 0
0.0121742 0 0.186952 0 0
0.01239 0 0.150658 0 0
0.0111851 0 0.110165 0 0
0 0 0 0 0
0.0101557 0 0.201976 0 0
0.0121409 0 0.186454 0 0
0.012378 0 0.150487 0 0
0.011188 0 0.110176 0 0
0 0 0 0 0
0.0101161 0 0.20114 0 0
0.0121072 0 0.185949 0 0
0.0123655 0 0.150312 0 0
0.0111907 0 0.110179 0 0
0 0 0 0 0
0.0100765 0 0.200302 0 0
0.0120729 0 0.185437 0 0
0.0123522 0 0.150131 0 0
0.0111934 0 0.110178 0 0
0 0 0 0 0
0.0100367 0 0.199464 0 0
0.0120383 0 0.18492 0 0
0.0123384 0 0.149945 0 0
0.0111958 0 0.110173 0 0
0 0 0 0 0
0.0099969 0 0.198624 0 0
0.0120032 0 0.184397 0 0
0.0123239 0 0.149753 0 0
0.011198 0 0.110167 0 0
0 0 0 0 0
0.00995701 0 0.197783 0 0
0.0119677 0 0.183868 0 0
0.0123088 0 0.149555 0 0
0.0112 0 0.110161 0 0
0 0 0 0 0
0.00991706 0 0.196942 0 0
0.0119317 0 0.183334 0 0
0.0122931 0 0.149352 0 0
0.0112016 0 0.110155 0 0
0 0 0 0 0
0.00987705 0 0.196101 0 0
0.0118954 0 0.182795 0 0
0.0122768 0 0.149142 0 0
0.011203 0 0.110151 0 0
0 0 0 0 0
0.009837 0 0.19526 0 0
0.0118587 0 0.18225 0 0
0.0122599 0 0.148926 0 0
0.011204 0 0.110147 0 0
0 0 0 0 0
0.00979691 0 0.194418 0 0
0.0118217 0 0.181701 0 0
0.0122424 0 0.148703 0 0
0.0112047 0 0.110142 0 0
0 0 0 0 0
0.00975678 0 0.193577 0 0
0.0117842 0 0.181147 0 0
0.0122242 0 0.148476 0 0
0.0112051 0 0.110137 0 0
0 0 0 0 0
0.00971664 0 0.192736 0 0
0.0117465 0 0.180589 0 0
0.0122055 0 0.148242 0 0
0.0112051 0 0.110131 0 0
0 0 0 0 0
0.00967648 0 0.191895 0 0
0.0117084 0 0.180027 0 0
0.0121862 0 0.148002 0 0
0.0112047 0 0.110121 0 0
0 0 0 0 0
0.0096363 0 0.191056 0 0
0.01167 0 0.17946 0 0
0.0121663 0 0.147757 0 0
0.011204 0 0.110109 0 0
0 0 0 0 0
0.00959613 0 0.190217 0 0
0.0116314 0 0.17889 0 0
0.0121459 0 0.147507 0 0
0.0112029 0 0.110093 0 0
0 0 0 0 0
0.00955596 0 0.189379 0 0
0.0115924 0 0.178316 0 0
0.0121248 0 0.147251 0 0
0.0112015 0 0.110072 0 0
0 0 0 0 0
0.0095158 0 0.188543 0 0
0.0115532 0 0.177738 0 0
0.0121032 0 0.146989 0 0
0.0111997 0 0.110047 0 0
0 0 0 0 0
0.00947566 0 0.187707 0 0
0.0115138 0 0.177157 0 0
0.0120811 0 0.146723 0 0
0.0111974 0 0.110018 0 0
0 0 0 0 0
0.00943555 0 0.186873 0 0
0.0114741 0 0.176573 0 0
0.0120584 0 0.146451 0 0
0.0111948 0 0.109983 0 0
0 0 0 0 0
0.00939546 0 0.186041 0 0
0.0114342 0 0.175986 0 0
0.0120352 0 0.146174 0 0
0.0111917 0 0.109944 0 0
0 0 0 0 0
0.00935541 0 0.18521 0 0
0.0113941 0 0.175396 0 0
0.0120114 0 0.145892 0 0
0.0111883 0 0.109901 0 0
0 0 0 0 0
0.00931541 0 0.184381 0 0
0.0113538 0 0.174803 0 0
0.0119871 0 0.145606 0 0
0.0111843 0 0.109852 0 0
0 0 0 0 0
0.00927544 0 0.183554 0 0
0.0113133 0 0.174208 0 0
0.0119624 0 0.145315 0 0
0.0111799 0 0.109799 0 0
0 0 0 0 0
0.00923553 0 0.182729 0 0
0.0112727 0 0.17361 0 0
0.0119371 0 0.145019 0 0
0.011175 0 0.109741 0 0
0 0 0 0 0
0.00919567 0 0.181906 0 0
0.0112318 0 0.173011 0 0
0.0119113 0 0.144718 0 0
0.0111697 0 0.109678 0 0
0 0 0 0 0
0.00915587 0 0.181085 0 0
0.0111907 0 0.172409 0 0
0.0118851 0 0.144414 0 0
0.0111639 0 0.109611 0 0
0 0 0 0 0
0.00911614 0 0.180267 0 0
0.0111495 0 0.171805 0 0
0.0118584 0 0.144105 0 0
0.0111575 0 0.10954 0 0
0 0 0 0 0
0.00907648 0 0.179451 0 0
0.0111081 0 0.171199 0 0
0.0118313 0 0.143791 0 0
0.0111507 0 0.109464 0 0
0 0 0 0 0
0.00903689 0 0.178637 0 0
0.0110666 0 0.170591 0 0
0.0118037 0 0.143474 0 0
0.0111434 0 0.109384 0 0
0 0 0 0 0
0.00899738 0 0.177826 0 0
0.0110249 0 0.169982 0 0
0.0117756 0 0.143153 0 0
0.0111356 0 0.1093 0 0
0 0 0 0 0
0.00895795 0 0.177018 0 0
0.010983 0 0.169372 0 0
0.0117472 0 0.142828 0 0
0.0111273 0 0.109211 0 0
0 0 0 0 0
0.00891861 0 0.176212 0 0
0.0109411 0 0.16876 0 0
0.0117183 0 0.142499 0 0
0.0111186 0 0.109119 0 0
0 0 0 0 0
0.00887935 0 0.175409 0 0
0.010899 0 0.168147 0 0
0.011689 0 0.142166 0 0
0.0111093 0 0.109022 0 0
0 0 0 0 0
0.00884018 0 0.174609 0 0
0.0108568 0 0.167532 0 0
0.0116594 0 0.14183 0 0
0.0110996 0 0.108921 0 0
0 0 0 0 0
0.00880111 0 0.173812 0 0
0.0108145 0 0.166917 0 0
0.0116293 0 0.14149 0 0
0.0110894 0 0.108817 0 0
0 0 0 0 0
0.00876213 0 0.173018 0 0
0.0107722 0 0.166301 0 0
0.0115989 0 0.141147 0 0
0.0110788 0 0.108708 0 0
0 0 0 0 0
0.00872323 0 0.172226 0 0
0.0107298 0 0.165684 0 0
0.011568 0 0.1408 0 0
0.0110677 0 0.108596 0 0
0 0 0 0 0
0.00868443 0 0.171438 0 0
0.0106873 0 0.165067 0 0
0.0115369 0 0.14045 0 0
0.0110561 0 0.10848 0 0
0 0 0 0 0
0.00864573 0 0.170653 0 0
0.0106447 0 0.164449 0 0
0.0115053 0 0.140097 0 0
0.0110441 0 0.108361 0 0
0 0 0 0 0
0.00860712 0 0.169871 0 0
0.010602 0 0.16383 0 0
0.0114735 0 0.139741 0 0
0.0110317 0 0.108237 0 0
0 0 0 0 0
0.00856861 0 0.169092 0 0
0.0105593 0 0.163211 0 0
0.0114413 0 0.139382 0 0
0.0110188 0 0.10811 0 0
0 0 0 0 0
0.0085302 0 0.168317 0 0
0.0105166 0 0.162592 0 0
0.0114088 0 0.139021 0 0
0.0110055 0 0.10798 0 0
0 0 0 0 0
0.00849189 0 0.167544 0 0
0.0104738 0 0.161973 0 0
0.0113759 0 0.138656 0 0
0.0109918 0 0.107846 0 0
0 0 0 0 0
0.00845368 0 0.166775 0 0
0.0104309 0 0.161353 0 0
0.0113428 0 0.138289 0 0
0.0109776 0 0.107709 0 0
0 0 0 0 0
0.00841559 0 0.16601 0 0
0.010388 0 0.160734 0 0
0.0113093 0 0.137919 0 0
0.010963 0 0.107569 0 0
0 0 0 0 0
0.0083776 0 0.165247 0 0
0.0103451 0 0.160115 0 0
0.0112756 0 0.137546 0 0
0.0109479 0 0.107425 0 0
0 0 0 0 0
0.00833973 0 0.164488 0 0
0.0103022 0 0.159496 0 0
0.0112415 0 0.137172 0 0
0.0109324 0 0.107278 0 0
0 0 0 0 0
0 0 0 0 0
0.0102593 0 0.158877 0 0
0.0112072 0 0.136794 0 0
0.0109164 0 0.107128 0 0
0 0 0 0 0
0 0 0 0 0
0.0102164 0 0.158258 0 0
0.0111727 0 0.136415 0 0
0.0109 0 0.106975 0 0
0 0 0 0 0
0 0 0 0 0
0.0101736 0 0.15764 0 0
0.0111378 0 0.136033 0 0
0.0108832 0 0.106819 0 0
0 0 0 0 0
0 0 0 0 0
0.0101307 0 0.157023 0 0
0.0111028 0 0.135649 0 0
0.010866 0 0.10666 0 0
0 0 0 0 0
0 0 0 0 0
0.0100879 0 0.156406 0 0
0.0110674 0 0.135263 0 0
0.0108484 0 0.106498 0 0
0 0 0 0 0
0 0 0 0 0
0.0100452 0 0.155789 0 0
0.0110319 0 0.134876 0 0
0.0108303 0 0.106333 0 0
0 0 0 0 0
0 0 0 0 0
0.0100025 0 0.155173 0 0
0.0109961 0 0.134486 0 0
0.0108119 0 0.106165 0 0
0 0 0 0 0
0 0 0 0 0
0.0099598 0 0.154558 0 0
0.01096 0 0.134094 0 0
0.0107931 0 0.105994 0 0
0 0 0 0 0
0 0 0 0 0
0.00991719 0 0.153944 0 0
0.0109238 0 0.133701 0 0
0.010774 0 0.10582 0 0
0 0 0 0 0
0 0 0 0 0
0.00987464 0 0.153331 0 0
0.0108874 0 0.133306 0 0
0.0107545 0 0.105644 0 0
0 0 0 0 0
0 0 0 0 0
0.00983215 0 0.152719 0 0
0.0108507 0 0.13291 0 0
0.0107346 0 0.105465 0 0
0 0 0 0 0
0 0 0 0 0
0.00978973 0 0.152107 0 0
0.0108139 0 0.132512 0 0
0.0107143 0 0.105284 0 0
0 0 0 0 0
0 0 0 0 0
0.00974736 0 0.151497 0 0
0.0107768 0 0.132113 0 0
0.0106937 0 0.1051 0 0
0 0 0 0 0
0 0 0 0 0
0.00970506 0 0.150888 0 0
0.0107397 0 0.131712 0 0
0.0106727 0 0.104913 0 0
0 0 0 0 0
0 0 0 0 0
0.00966282 0 0.150279 0 0
0.0107023 0 0.13131 0 0
0.0106513 0 0.104724 0 0
0 0 0 0 0
0 0 0 0 0
0.00962063 0 0.149673 0 0
0.0106648 0 0.130906 0 0
0.0106295 0 0.104533 0 0
0 0 0 0 0
0 0 0 0 0
0.0095785 0 0.149067 0 0
0.0106272 0 0.130502 0 0
0.0106074 0 0.104339 0 0
0 0 0 0 0
0 0 0 0 0
0.00953643 0 0.148463 0 0
0.0105894 0 0.130096 0 0
0.0105849 0 0.104143 0 0
0 0 0 0 0
0 0 0 0 0
0.0094944 0 0.14786 0 0
0.0105515 0 0.129689 0 0
0.0105621 0 0.103945 0 0
0 0 0 0 0
0 0 0 0 0
0.00945244 0 0.147258 0 0
0.0105135 0 0.129281 0 0
0.0105389 0 0.103744 0 0
0 0 0 0 0
0 0 0 0 0
0.00941052 0 0.146658 0 0
0.0104754 0 0.128872 0 0
0.0105154 0 0.103542 0 0
0 0 0 0 0
0 0 0 0 0
0.00936867 0 0.146059 0 0
0.0104372 0 0.128462 0 0
0.0104916 0 0.103337 0 0
0 0 0 0 0
0 0 0 0 0
0.00932688 0 0.145462 0 0
0.0103989 0 0.128052 0 0
0.0104674 0 0.10313 0 0
0 0 0 0 0
0 0 0 0 0
0.00928516 0 0.144866 0 0
0.0103605 0 0.12764 0 0
0.010443 0 0.102921 0 0
0 0 0 0 0
0 0 0 0 0
0.00924353 0 0.144272 0 0
0.010322 0 0.127228 0 0
0.0104182 0 0.10271 0 0
0 0 0 0 0
0 0 0 0 0
0.009202 0 0.143679 0 0
0.0102834 0 0.126815 0 0
0.0103931 0 0.102497 0 0
0 0 0 0 0
0 0 0 0 0
0.00916058 0 0.143088 0 0
0.0102448 0 0.126402 0 0
0.0103678 0 0.102282 0 0
0 0 0 0 0
0 0 0 0 0
0.00911929 0 0.142499 0 0
0.010206 0 0.125987 0 0
0.0103422 0 0.102066 0 0
0 0 0 0 0
0 0 0 0 0
0.00907813 0 0.141911 0 0
0.0101672 0 0.125573 0 0
0.0103163 0 0.101847 0 0
0 0 0 0 0
0 0 0 0 0
0.00903713 0 0.141325 0 0
0.0101284 0 0.125158 0 0
0.0102902 0 0.101627 0 0
0 0 0 0 0
0 0 0 0 0
0.00899628 0 0.14074 0 0
0.0100895 0 0.124742 0 0
0.0102638 0 0.101405 0 0
0 0 0 0 0
0 0 0 0 0
0.00895557 0 0.140158 0 0
0.0100505 0 0.124326 0 0
0.0102372 0 0.101181 0 0
0 0 0 0 0
0 0 0 0 0
0.00891502 0 0.139577 0 0
0.0100116 0 0.123909 0 0
0.0102103 0 0.100956 0 0
0 0 0 0 0
0 0 0 0 0
0.00887459 0 0.138998 0 0
0.00997256 0 0.123493 0 0
0.0101831 0 0.100729 0 0
0 0 0 0 0
0 0 0 0 0
0.00883429 0 0.13842 0 0
0.00993353 0 0.123076 0 0
0.0101557 0 0.1005 0 0
0 0 0 0 0
0 0 0 0 0
0.00879411 0 0.137845 0 0
0.0098945 0 0.122659 0 0
0.0101281 0 0.10027 0 0
0 0 0 0 0
0 0 0 0 0
0.00875404 0 0.137271 0 0
0.00985545 0 0.122241 0 0
0.0101003 0 0.100038 0 0
0 0 0 0 0
0 0 0 0 0
0.00871408 0 0.136699 0 0
0.0098164 0 0.121824 0 0
0.0100722 0 0.0998044 0 0
0 0 0 0 0
0 0 0 0 0
0.00867422 0 0.136129 0 0
0.00977734 0 0.121406 0 0
0.010044 0 0.0995696 0 0
0 0 0 0 0
0 0 0 0 0
0.00863447 0 0.135561 0 0
0.00973828 0 0.120989 0 0
0.0100155 0 0.0993334 0 0
0 0 0 0 0
0 0 0 0 0
0.00859483 0 0.134995 0 0
0.00969921 0 0.120571 0 0
0.00998676 0 0.0990958 0 0
0 0 0 0 0
0 0 0 0 0
0.00855531 0 0.13443 0 0
0.00966014 0 0.120154 0 0
0.00995785 0 0.0988569 0 0
0 0 0 0 0
0 0 0 0 0
0.00851591 0 0.133868 0 0
0.00962107 0 0.119736 0 0
0.00992874 0 0.0986167 0 0
0 0 0 0 0
0 0 0 0 0
0.00847665 0 0.133308 0 0
0.009582 0 0.119319 0 0
0.00989943 0 0.0983753 0 0
0 0 0 0 0
0 0 0 0 0
0.00843751 0 0.13275 0 0
0.00954294 0 0.118902 0 0
0.00986994 0 0.0981326 0 0
0 0 0 0 0
0 0 0 0 0
0.0083985 0 0.132194 0 0
0.00950388 0 0.118484 0 0
0.00984027 0 0.0978888 0 0
0 0 0 0 0
0 0 0 0 0
0.00835964 0 0.13164 0 0
0.00946483 0 0.118068 0 0
0.00981042 0 0.0976439 0 0
0 0 0 0 0
0 0 0 0 0
0.00832092 0 0.131087 0 0
0.00942579 0 0.117651 0 0
0.00978041 0 0.0973979 0 0
0 0 0 0 0
0 0 0 0 0
0.00828234 0 0.130537 0 0
0.00938677 0 0.117234 0 0
0.00975023 0 0.0971509 0 0
0 0 0 0 0
0 0 0 0 0
0.00824391 0 0.129989 0 0
0.00934778 0 0.116818 0 0
0.0097199 0 0.0969028 0 0
0 0 0 0 0
0 0 0 0 0
0 0 0 0 0
0.00930881 0 0.116403 0 0
0.00968941 0 0.0966537 0 0
0 0 0 0 0
0 0 0 0 0
0 0 0 0 0
0.00926987 0 0.115987 0 0
0.00965876 0 0.0964036 0 0
0 0 0 0 0
0 0 0 0 0
0 0 0 0 0
0.00923098 0 0.115572 0 0
0.00962796 0 0.0961526 0 0
0 0 0 0 0
0 0 0 0 0
0 0 0 0 0
0.00919212 0 0.115157 0 0
0.00959701 0 0.0959005 0 0
0 0 0 0 0
0 0 0 0 0
0 0 0 0 0
0.00915332 0 0.114743 0 0
0.00956592 0 0.0956476 0 0
0 0 0 0 0
0 0 0 0 0
0 0 0 0 0
0.00911458 0 0.114329 0 0
0.00953469 0 0.0953937 0 0
0 0 0 0 0
0 0 0 0 0
0 0 0 0 0
0.00907589 0 0.113916 0 0
0.00950333 0 0.0951389 0 0
0 0 0 0 0
0 0 0 0 0
0 0 0 0 0
0.00903726 0 0.113503 0 0
0.00947185 0 0.0948833 0 0
0 0 0 0 0
0 0 0 0 0
0 0 0 0 0
0.0089987 0 0.11309 0 0
0.00944027 0 0.0946268 0 0
0 0 0 0 0
0 0 0 0 0
0 0 0 0 0
0.0089602 0 0.112678 0 0
0.00940857 0 0.0943696 0 0
0 0 0 0 0
0 0 0 0 0
0 0 0 0 0
0.00892178 0 0.112267 0 0
0.00937679 0 0.0941115 0 0
0 0 0 0 0
0 0 0 0 0
0 0 0 0 0
0.00888343 0 0.111856 0 0
0.0093449 0 0.0938528 0 0
0 0 0 0 0
0 0 0 0 0
0 0 0 0 0
0.00884515 0 0.111446 0 0
0.00931294 0 0.0935933 0 0
0 0 0 0 0
0 0 0 0 0
0 0 0 0 0
0.00880695 0 0.111037 0 0
0.00928088 0 0.0933332 0 0
0 0 0 0 0
0 0 0 0 0
0 0 0 0 0
0.00876883 0 0.110628 0 0
0.00924874 0 0.0930725 0 0
0 0 0 0 0
0 0 0 0 0
0 0 0 0 0
0.00873079 0 0.11022 0 0
0.00921652 0 0.0928111 0 0
0 0 0 0 0
0 0 0 0 0
0 0 0 0 0
0.00869284 0 0.109813 0 0
0.00918422 0 0.0925492 0 0
0 0 0 0 0
0 0 0 0 0
0 0 0 0 0
0.00865498 0 0.109407 0 0
0.00915185 0 0.0922867 0 0
0 0 0 0 0
0 0 0 0 0
0 0 0 0 0
0.00861722 0 0.109001 0 0
0.00911941 0 0.0920237 0 0
0 0 0 0 0
0 0 0 0 0
0 0 0 0 0
0.00857956 0 0.108596 0 0
0.00908691 0 0.0917602 0 0
0 0 0 0 0
0 0 0 0 0
0 0 0 0 0
0.00854201 0 0.108192 0 0
0.00905436 0 0.0914961 0 0
0 0 0 0 0
0 0 0 0 0
0 0 0 0 0
0.00850456 0 0.107789 0 0
0.00902176 0 0.0912315 0 0
0 0 0 0 0
0 0 0 0 0
0 0 0 0 0
0.00846723 0 0.107387 0 0
0.00898913 0 0.0909665 0 0
0 0 0 0 0
0 0 0 0 0
0 0 0 0 0
0.00843001 0 0.106985 0 0
0.00895648 0 0.090701 0 0
0 0 0 0 0
0 0 0 0 0
0 0 0 0 0
0.0083929 0 0.106585 0 0
0.0089238 0 0.0904352 0 0
0 0 0 0 0
0 0 0 0 0
0 0 0 0 0
0.00835591 0 0.106185 0 0
0.00889111 0 0.0901689 0 0
0 0 0 0 0
0 0 0 0 0
0 0 0 0 0
0.00831904 0 0.105786 0 0
0.0088584 0 0.0899024 0 0
0 0 0 0 0
0 0 0 0 0
0 0 0 0 0
0.00828229 0 0.105388 0 0
0.00882569 0 0.0896355 0 0
0 0 0 0 0
0 0 0 0 0
0 0 0 0 0
0.00824565 0 0.104992 0 0
0.00879296 0 0.0893683 0 0
0 0 0 0 0
0 0 0 0 0
0 0 0 0 0
0.00820913 0 0.104596 0 0
0.00876022 0 0.0891009 0 0
0 0 0 0 0
0 0 0 0 0
0 0 0 0 0
0.00817273 0 0.104201 0 0
0.00872747 0 0.0888332 0 0
0 0 0 0 0
0 0 0 0 0
0 0 0 0 0
0.00813644 0 0.103807 0 0
0.0086947 0 0.0885654 0 0
0 0 0 0 0
0 0 0 0 0
0 0 0 0 0
0.00810027 0 0.103414 0 0
0.00866191 0 0.0882973 0 0
0 0 0 0 0
0 0 0 0 0
0 0 0 0 0
0.00806421 0 0.103022 0 0
0.00862911 0 0.088029 0 0
0 0 0 0 0
0 0 0 0 0
0 0 0 0 0
0.00802826 0 0.102631 0 0
0.0085963 0 0.0877606 0 0
0 0 0 0 0
0 0 0 0 0
0 0 0 0 0
0.00799242 0 0.102241 0 0
0.00856346 0 0.087492 0 0
0 0 0 0 0
0 0 0 0 0
0 0 0 0 0
0.0079567 0 0.101852 0 0
0.00853062 0 0.0872232 0 0
0 0 0 0 0
0 0 0 0 0
0 0 0 0 0
0.00792108 0 0.101464 0 0
0.00849776 0 0.0869543 0 0
0 0 0 0 0
0 0 0 0 0
0 0 0 0 0
0.00788558 0 0.101077 0 0
0.00846489 0 0.0866853 0 0
0 0 0 0 0
0 0 0 0 0
0 0 0 0 0
0.00785018 0 0.100691 0 0
0.00843201 0 0.0864162 0 0
0 0 0 0 0
0 0 0 0 0
0 0 0 0 0
0.0078149 0 0.100307 0 0
0.00839913 0 0.086147 0 0
0 0 0 0 0
0 0 0 0 0
0 0 0 0 0
0.00777973 0 0.099923 0 0
0.00836624 0 0.0858778 0 0
0 0 0 0 0
0 0 0 0 0
0 0 0 0 0
0.00774467 0 0.0995405 0 0
0.00833335 0 0.0856085 0 0
0 0 0 0 0
0 0 0 0 0
0 0 0 0 0
0.00770973 0 0.0991591 0 0
0.00830046 0 0.0853392 0 0
0 0 0 0 0
0 0 0 0 0
0 0 0 0 0
0.00767492 0 0.0987788 0 0
0.0082676 0 0.0850698 0 0
0 0 0 0 0
0 0 0 0 0
0 0 0 0 0
0.00764022 0 0.0983996 0 0
0.00823476 0 0.0848005 0 0
0 0 0 0 0
0 0 0 0 0
0 0 0 0 0
0.00760565 0 0.0980216 0 0
0.00820196 0 0.0845312 0 0
0 0 0 0 0
0 0 0 0 0
0 0 0 0 0
0.00757122 0 0.0976446 0 0
0.00816923 0 0.0842619 0 0
0 0 0 0 0
0 0 0 0 0
0 0 0 0 0
0.00753691 0 0.0972688 0 0
0.00813656 0 0.0839927 0 0
0 0 0 0 0
0 0 0 0 0
0 0 0 0 0
0.00750274 0 0.0968941 0 0
0.00810397 0 0.0837236 0 0
0 0 0 0 0
0 0 0 0 0
0 0 0 0 0
0 0 0 0 0
0.00807147 0 0.0834545 0 0
0 0 0 0 0
0 0 0 0 0
0 0 0 0 0
0 0 0 0 0
0.00803905 0 0.0831856 0 0
0 0 0 0 0
0 0 0 0 0
0 0 0 0 0
0 0 0 0 0
0.00800673 0 0.0829169 0 0
0 0 0 0 0
0 0 0 0 0
0 0 0 0 0
0 0 0 0 0
0.0079745 0 0.0826484 0 0
0 0 0 0 0
0 0 0 0 0
0 0 0 0 0
0 0 0 0 0
0.00794235 0 0.08238 0 0
0 0 0 0 0
0 0 0 0 0
0 0 0 0 0
0 0 0 0 0
0.00791027 0 0.082112 0 0
0 0 0 0 0
0 0 0 0 0
0 0 0 0 0
0 0 0 0 0
0.00787826 0 0.0818442 0 0
0 0 0 0 0
0 0 0 0 0
0 0 0 0 0
0 0 0 0 0
0.00784631 0 0.0815767 0 0
0 0 0 0 0
0 0 0 0 0
0 0 0 0 0
0 0 0 0 0
0.00781439 0 0.0813095 0 0
0 0 0 0 0
0 0 0 0 0
0 0 0 0 0
0 0 0 0 0
0.00778251 0 0.0810427 0 0
0 0 0 0 0
0 0 0 0 0
0 0 0 0 0
0 0 0 0 0
0.00775066 0 0.0807761 0 0
0 0 0 0 0
0 0 0 0 0
0 0 0 0 0
0 0 0 0 0
0.00771883 0 0.08051 0 0
0 0 0 0 0
0 0 0 0 0
0 0 0 0 0
0 0 0 0 0
0.00768702 0 0.0802442 0 0
0 0 0 0 0
0 0 0 0 0
0 0 0 0 0
0 0 0 0 0
0.00765524 0 0.0799788 0 0
0 0 0 0 0
0 0 0 0 0
0 0 0 0 0
0 0 0 0 0
0.00762349 0 0.0797137 0 0
0 0 0 0 0
0 0 0 0 0
0 0 0 0 0
0 0 0 0 0
0.00759178 0 0.0794491 0 0
0 0 0 0 0
0 0 0 0 0
0 0 0 0 0
0 0 0 0 0
0.00756013 0 0.0791848 0 0
0 0 0 0 0
0 0 0 0 0
0 0 0 0 0
0 0 0 0 0
0.00752854 0 0.078921 0 0
0 0 0 0 0
0 0 0 0 0
0 0 0 0 0
0 0 0 0 0
0.00749703 0 0.0786576 0 0
0 0 0 0 0
0 0 0 0 0
0 0 0 0 0
0 0 0 0 0
0.00746561 0 0.0783946 0 0
0 0 0 0 0
0 0 0 0 0
0 0 0 0 0
0 0 0 0 0
0.00743428 0 0.0781321 0 0
0 0 0 0 0
0 0 0 0 0
0 0 0 0 0
0 0 0 0 0
0.00740306 0 0.0778701 0 0
0 0 0 0 0
0 0 0 0 0
0 0 0 0 0
0 0 0 0 0
0.00737195 0 0.0776085 0 0
0 0 0 0 0
0 0 0 0 0
0 0 0 0 0
0 0 0 0 0
0.00734095 0 0.0773473 0 0
0 0 0 0 0
0 0 0 0 0
0 0 0 0 0
0 0 0 0 0
0.00731007 0 0.0770865 0 0
0 0 0 0 0
0 0 0 0 0
0 0 0 0 0
0 0 0 0 0
0.00727931 0 0.0768262 0 0
0 0 0 0 0
0 0 0 0 0
0 0 0 0 0
0 0 0 0 0
0.00724867 0 0.0765663 0 0
0 0 0 0 0
0 0 0 0 0
0 0 0 0 0
0 0 0 0 0
0.00721815 0 0.0763068 0 0
0 0 0 0 0
0 0 0 0 0
0 0 0 0 0
0 0 0 0 0
0.00718773 0 0.0760476 0 0
0 0 0 0 0
0 0 0 0 0
0 0 0 0 0
0 0 0 0 0
0.0071574 0 0.0757889 0 0
0 0 0 0 0
0 0 0 0 0
0 0 0 0 0
0 0 0 0 0
0.00712716 0 0.0755305 0 0
0 0 0 0 0
0 0 0 0 0
0 0 0 0 0
0 0 0 0 0
0.00709699 0 0.0752725 0 0
0 0 0 0 0
0 0 0 0 0
0 0 0 0 0
0 0 0 0 0
0.00706688 0 0.0750149 0 0
0 0 0 0 0
0 0 0 0 0
0 0 0 0 0
0 0 0 0 0
0.00703683 0 0.0747576 0 0
0 0 0 0 0
0 0 0 0 0
0 0 0 0 0
0 0 0 0 0
0.00700683 0 0.0745008 0 0
0 0 0 0 0
0 0 0 0 0
0 0 0 0 0
0 0 0 0 0
0.00697687 0 0.0742443 0 0
0 0 0 0 0
0 0 0 0 0
0 0 0 0 0
0 0 0 0 0
0.00694697 0 0.0739882 0 0
0 0 0 0 0
0 0 0 0 0
0 0 0 0 0
0 0 0 0 0
0.00691713 0 0.0737325 0 0
0 0 0 0 0
0 0 0 0 0
0 0 0 0 0
0 0 0 0 0
0.00688735 0 0.0734771 0 0
0 0 0 0 0
0 0 0 0 0
0 0 0 0 0
0 0 0 0 0
0.00685764 0 0.0732222 0 0
0 0 0 0 0
0 0 0 0 0
0 0 0 0 0
0 0 0 0 0
0.00682799 0 0.0729678 0 0
0 0 0 0 0
0 0 0 0 0
0 0 0 0 0
0 0 0 0 0
0.00679842 0 0.0727137 0 0
0 0 0 0 0
0 0 0 0 0
0 0 0 0 0
0 0 0 0 0
0.00676892 0 0.0724602 0 0
0 0 0 0 0
0 0 0 0 0
0 0 0 0 0
0 0 0 0 0
0.00673949 0 0.0722071 0 0
0 0 0 0 0
0 0 0 0 0
0 0 0 0 0
0 0 0 0 0
0.00671013 0 0.0719546 0 0
0 0 0 0 0
0 0 0 0 0
0 0 0 0 0
0 0 0 0 0
0.00668083 0 0.0717026 0 0
0 0 0 0 0
0 0 0 0 0
0 0 0 0 0
0 0 0 0 0
0.00665162 0 0.0714513 0 0
0 0 0 0 0
0 0 0 0 0
0 0 0 0 0
0 0 0 0 0
0.00662248 0 0.0712005 0 0
0 0 0 0 0
0 0 0 0 0
0 0 0 0 0
0 0 0 0 0
0.00659343 0 0.0709505 0 0
0 0 0 0 0
0 0 0 0 0
0 0 0 0 0
0 0 0 0 0
0.00656448 0 0.0707011 0 0
0 0 0 0 0
0 0 0 0 0
0 0 0 0 0
0 0 0 0 0
0 0 0 0 0
0 0 0 0 0
0 0 0 0 0
0 0 0 0 0
0 0 0 0 0
0 0 0 0 0
0 0 0 0 0
0 0 0 0 0
0 0 0 0 0
0 0 0 0 0
0 0 0 0 0
0 0 0 0 0
0 0 0 0 0
0 0 0 0 0
0 0 0 0 0
0 0 0 0 0
0 0 0 0 0
0 0 0 0 0
0 0 0 0 0
0 0 0 0 0
0 0 0 0 0
0 0 0 0 0
0 0 0 0 0
0 0 0 0 0
0 0 0 0 0
0 0 0 0 0
0 0 0 0 0
0 0 0 0 0
0 0 0 0 0
0 0 0 0 0
0 0 0 0 0
0 0 0 0 0
0 0 0 0 0
0 0 0 0 0
0 0 0 0 0
0 0 0 0 0
0 0 0 0 0
0 0 0 0 0
0 0 0 0 0
0 0 0 0 0
0 0 0 0 0
0 0 0 0 0
0 0 0 0 0
0 0 0 0 0
0 0 0 0 0
0 0 0 0 0
0 0 0 0 0
0 0 0 0 0
0 0 0 0 0
0 0 0 0 0
0 0 0 0 0
0 0 0 0 0
0 0 0 0 0
0 0 0 0 0
0 0 0 0 0
0 0 0 0 0
0 0 0 0 0
0 0 0 0 0
0 0 0 0 0
0 0 0 0 0
0 0 0 0 0
0 0 0 0 0
0 0 0 0 0
0 0 0 0 0
0 0 0 0 0
0 0 0 0 0
0 0 0 0 0
0 0 0 0 0
0 0 0 0 0
0 0 0 0 0
0 0 0 0 0
0 0 0 0 0
0 0 0 0 0
0 0 0 0 0
0 0 0 0 0
0 0 0 0 0
0 0 0 0 0
0 0 0 0 0
0 0 0 0 0
0 0 0 0 0
0 0 0 0 0
0 0 0 0 0
0 0 0 0 0
0 0 0 0 0
0 0 0 0 0
0 0 0 0 0
0 0 0 0 0
0 0 0 0 0
0 0 0 0 0
0 0 0 0 0
0 0 0 0 0
0 0 0 0 0
0 0 0 0 0
0 0 0 0 0
0 0 0 0 0
0 0 0 0 0
0 0 0 0 0
0 0 0 0 0
0 0 0 0 0
0 0 0 0 0
0 0 0 0 0
0 0 0 0 0
0 0 0 0 0
0 0 0 0 0
0 0 0 0 0
0 0 0 0 0
0 0 0 0 0
0 0 0 0 0
0 0 0 0 0
0 0 0 0 0
0 0 0 0 0
0 0 0 0 0
0 0 0 0 0
0 0 0 0 0
0 0 0 0 0
0 0 0 0 0
0 0 0 0 0
0 0 0 0 0
0 0 0 0 0
0 0 0 0 0
0 0 0 0 0
0 0 0 0 0
0 0 0 0 0
0 0 0 0 0
0 0 0 0 0
0 0 0 0 0
0 0 0 0 0
0 0 0 0 0
0 0 0 0 0
0 0 0 0 0
0 0 0 0 0
0 0 0 0 0
0 0 0 0 0
0 0 0 0 0
0 0 0 0 0
0 0 0 0 0
0 0 0 0 0
0 0 0 0 0
0 0 0 0 0
0 0 0 0 0
0 0 0 0 0
0 0 0 0 0
0 0 0 0 0
0 0 0 0 0
0 0 0 0 0
0 0 0 0 0
0 0 0 0 0
0 0 0 0 0
0 0 0 0 0
0 0 0 0 0
0 0 0 0 0
0 0 0 0 0
0 0 0 0 0
0 0 0 0 0
0 0 0 0 0
0 0 0 0 0
0 0 0 0 0
0 0 0 0 0
0 0 0 0 0
0 0 0 0 0
0 0 0 0 0
0 0 0 0 0
0 0 0 0 0
0 0 0 0 0
0 0 0 0 0
0 0 0 0 0
0 0 0 0 0
0 0 0 0 0
0 0 0 0 0
0 0 0 0 0
0 0 0 0 0
0 0 0 0 0
0 0 0 0 0
0 0 0 0 0
0 0 0 0 0
0 0 0 0 0
0 0 0 0 0
0 0 0 0 0
0 0 0 0 0
0 0 0 0 0
0 0 0 0 0
0 0 0 0 0
0 0 0 0 0
0 0 0 0 0
0 0 0 0 0
0 0 0 0 0
0 0 0 0 0
0 0 0 0 0
0 0 0 0 0
0 0 0 0 0
0 0 0 0 0
0 0 0 0 0
0 0 0 0 0
0 0 0 0 0
0 0 0 0 0
0 0 0 0 0
0 0 0 0 0
0 0 0 0 0
0 0 0 0 0
0 0 0 0 0
0 0 0 0 0
0 0 0 0 0
0 0 0 0 0
0 0 0 0 0
0 0 0 0 0
0 0 0 0 0
0 0 0 0 0
0 0 0 0 0
0 0 0 0 0
0 0 0 0 0
0 0 0 0 0
0 0 0 0 0
0 0 0 0 0
0 0 0 0 0
0 0 0 0 0
0 0 0 0 0
0 0 0 0 0
0 0 0 0 0
0 0 0 0 0
0 0 0 0 0
0 0 0 0 0
0 0 0 0 0
0 0 0 0 0
0 0 0 0 0
0 0 0 0 0
0 0 0 0 0
0 0 0 0 0
0 0 0 0 0
0 0 0 0 0
0 0 0 0 0
0 0 0 0 0
0 0 0 0 0
0 0 0 0 0
0 0 0 0 0
0 0 0 0 0
0 0 0 0 0
0 0 0 0 0
0 0 0 0 0
0 0 0 0 0
0 0 0 0 0
0 0 0 0 0
0 0 0 0 0
0 0 0 0 0
0 0 0 0 0
0 0 0 0 0
0 0 0 0 0
0 0 0 0 0
0 0 0 0 0
0 0 0 0 0
0 0 0 0 0
0 0 0 0 0
0 0 0 0 0
0 0 0 0 0
0 0 0 0 0
0 0 0 0 0
0 0 0 0 0
0 0 0 0 0
0 0 0 0 0
0 0 0 0 0
0 0 0 0 0
0 0 0 0 0
0 0 0 0 0
0 0 0 0 0
0 0 0 0 0
0 0 0 0 0
0 0 0 0 0
0 0 0 0 0
0 0 0 0 0
0 0 0 0 0
0 0 0 0 0
0 0 0 0 0
0 0 0 0 0
0 0 0 0 0
0 0 0 0 0
0 0 0 0 0
0 0 0 0 0
0 0 0 0 0
0 0 0 0 0
0 0 0 0 0
0 0 0 0 0
0 0 0 0 0
0 0 0 0 0
0 0 0 0 0
0 0 0 0 0
0 0 0 0 0
0 0 0 0 0
0 0 0 0 0
0 0 0 0 0
0 0 0 0 0
0 0 0 0 0
0 0 0 0 0
0 0 0 0 0
0 0 0 0 0
0 0 0 0 0
0 0 0 0 0
0 0 0 0 0
0 0 0 0 0
0 0 0 0 0
0 0 0 0 0
0 0 0 0 0
0 0 0 0 0
0 0 0 0 0
0 0 0 0 0
0 0 0 0 0
0 0 0 0 0
0 0 0 0 0
0 0 0 0 0
0 0 0 0 0
0 0 0 0 0
0 0 0 0 0
0 0 0 0 0
0 0 0 0 0
0 0 0 0 0
0 0 0 0 0
0 0 0 0 0
0 0 0 0 0
0 0 0 0 0
0 0 0 0 0
0 0 0 0 0
0 0 0 0 0
0 0 0 0 0
0 0 0 0 0
0 0 0 0 0
0 0 0 0 0
0 0 0 0 0
0 0 0 0 0
0 0 0 0 0
0 0 0 0 0
0 0 0 0 0
0 0 0 0 0
0 0 0 0 0
0 0 0 0 0
0 0 0 0 0
0 0 0 0 0
0 0 0 0 0
0 0 0 0 0
0 0 0 0 0
0 0 0 0 0
0 0 0 0 0
0 0 0 0 0
0 0 0 0 0
0 0 0 0 0
0 0 0 0 0
0 0 0 0 0
0 0 0 0 0
0 0 0 0 0
0 0 0 0 0
0 0 0 0 0
0 0 0 0 0
0 0 0 0 0
0 0 0 0 0
0 0 0 0 0
0 0 0 0 0
0 0 0 0 0
0 0 0 0 0
0 0 0 0 0
0 0 0 0 0
0 0 0 0 0
0 0 0 0 0
0 0 0 0 0
0 0 0 0 0
0 0 0 0 0
0 0 0 0 0
0 0 0 0 0
0 0 0 0 0
0 0 0 0 0
0 0 0 0 0
0 0 0 0 0
0 0 0 0 0
0 0 0 0 0
0 0 0 0 0
0 0 0 0 0
0 0 0 0 0
0 0 0 0 0
0 0 0 0 0
0 0 0 0 0
0 0 0 0 0
0 0 0 0 0
0 0 0 0 0
0 0 0 0 0
0 0 0 0 0
0 0 0 0 0
0 0 0 0 0
0 0 0 0 0
0 0 0 0 0
0 0 0 0 0
0 0 0 0 0
0 0 0 0 0
0 0 0 0 0
0 0 0 0 0
0 0 0 0 0
0 0 0 0 0
0 0 0 0 0
0 0 0 0 0
0 0 0 0 0
0 0 0 0 0
0 0 0 0 0
0 0 0 0 0
0 0 0 0 0
0 0 0 0 0
0 0 0 0 0
0 0 0 0 0
0 0 0 0 0
0 0 0 0 0
0 0 0 0 0
0 0 0 0 0
0 0 0 0 0
0 0 0 0 0
0 0 0 0 0
0 0 0 0 0
0 0 0 0 0
0 0 0 0 0
0 0 0 0 0
0 0 0 0 0
0 0 0 0 0
0 0 0 0 0
0 0 0 0 0
0 0 0 0 0
0 0 0 0 0
0 0 0 0 0
0 0 0 0 0
0 0 0 0 0
0 0 0 0 0
0 0 0 0 0
0 0 0 0 0
0 0 0 0 0
0 0 0 0 0
0 0 0 0 0
0 0 0 0 0
0 0 0 0 0
0 0 0 0 0
0 0 0 0 0
0 0 0 0 0
0 0 0 0 0
0 0 0 0 0
0 0 0 0 0
0 0 0 0 0
0 0 0 0 0
0 0 0 0 0
0 0 0 0 0
0 0 0 0 0
0 0 0 0 0
0 0 0 0 0
0 0 0 0 0
0 0 0 0 0
0 0 0 0 0
0 0 0 0 0
0 0 0 0 0
0 0 0 0 0
0 0 0 0 0
0 0 0 0 0
0 0 0 0 0
0 0 0 0 0
0 0 0 0 0
0 0 0 0 0
0 0 0 0 0
0 0 0 0 0
0 0 0 0 0
0 0 0 0 0
0 0 0 0 0
0 0 0 0 0
0 0 0 0 0
0 0 0 0 0
0 0 0 0 0
0 0 0 0 0
0 0 0 0 0
0 0 0 0 0
0 0 0 0 0
0 0 0 0 0
0 0 0 0 0
0 0 0 0 0
0 0 0 0 0
0 0 0 0 0
0 0 0 0 0
0 0 0 0 0
0 0 0 0 0
0 0 0 0 0
0 0 0 0 0
0 0 0 0 0
0 0 0 0 0
0 0 0 0 0
0 0 0 0 0
0 0 0 0 0
0 0 0 0 0
0 0 0 0 0
0 0 0 0 0
0 0 0 0 0
0 0 0 0 0
0 0 0 0 0
0 0 0 0 0
0 0 0 0 0
0 0 0 0 0
0 0 0 0 0
0 0 0 0 0
0 0 0 0 0
0 0 0 0 0
0 0 0 0 0
0 0 0 0 0
0 0 0 0 0
0 0 0 0 0
0 0 0 0 0
0 0 0 0 0
0 0 0 0 0
0 0 0 0 0
0 0 0 0 0
0 0 0 0 0
0 0 0 0 0
0 0 0 0 0
0 0 0 0 0
0 0 0 0 0
0 0 0 0 0
0 0 0 0 0
0 0 0 0 0
0 0 0 0 0
0 0 0 0 0
0 0 0 0 0
0 0 0 0 0
0 0 0 0 0
0 0 0 0 0
0 0 0 0 0
0 0 0 0 0
0 0 0 0 0
0 0 0 0 0
0 0 0 0 0
0 0 0 0 0
0 0 0 0 0
0 0 0 0 0
0 0 0 0 0
0 0 0 0 0
0 0 0 0 0
0 0 0 0 0
0 0 0 0 0
0 0 0 0 0
0 0 0 0 0
0 0 0 0 0
0 0 0 0 0
0 0 0 0 0
0 0 0 0 0
0 0 0 0 0
0 0 0 0 0
0 0 0 0 0
0 0 0 0 0
0 0 0 0 0
0 0 0 0 0
0 0 0 0 0
0 0 0 0 0
0 0 0 0 0
0 0 0 0 0
0 0 0 0 0
0 0 0 0 0
0 0 0 0 0
0 0 0 0 0
0 0 0 0 0
0 0 0 0 0
0 0 0 0 0
0 0 0 0 0
0 0 0 0 0
0 0 0 0 0
0 0 0 0 0
0 0 0 0 0
0 0 0 0 0
0 0 0 0 0
0 0 0 0 0
0 0 0 0 0
0 0 0 0 0
0 0 0 0 0
0 0 0 0 0
0 0 0 0 0
0 0 0 0 0
0 0 0 0 0
0 0 0 0 0
0 0 0 0 0
0 0 0 0 0
0 0 0 0 0
0 0 0 0 0
0 0 0 0 0
0 0 0 0 0
0 0 0 0 0
0 0 0 0 0
0 0 0 0 0
0 0 0 0 0
0 0 0 0 0
0 0 0 0 0
0 0 0 0 0
0 0 0 0 0
0 0 0 0 0
0 0 0 0 0
0 0 0 0 0
0 0 0 0 0
0 0 0 0 0
0 0 0 0 0
0 0 0 0 0
0 0 0 0 0
0 0 0 0 0
0 0 0 0 0
0 0 0 0 0
0 0 0 0 0
0 0 0 0 0
0 0 0 0 0
0 0 0 0 0
0 0 0 0 0
0 0 0 0 0
0 0 0 0 0
0 0 0 0 0
0 0 0 0 0
0 0 0 0 0
0 0 0 0 0
0 0 0 0 0
0 0 0 0 0
0 0 0 0 0
0 0 0 0 0
0 0 0 0 0
0 0 0 0 0
0 0 0 0 0
0 0 0 0 0
0 0 0 0 0
0 0 0 0 0
0 0 0 0 0
0 0 0 0 0
0 0 0 0 0
0 0 0 0 0
0 0 0 0 0
0 0 0 0 0
0 0 0 0 0
0 0 0 0 0
0 0 0 0 0
0 0 0 0 0
0 0 0 0 0
0 0 0 0 0
0 0 0 0 0
0 0 0 0 0
0 0 0 0 0
0 0 0 0 0
0 0 0 0 0
0 0 0 0 0
0 0 0 0 0
0 0 0 0 0
0 0 0 0 0
0 0 0 0 0
0 0 0 0 0
0 0 0 0 0
0 0 0 0 0
0 0 0 0 0
0 0 0 0 0
0 0 0 0 0
0 0 0 0 0
0 0 0 0 0
0 0 0 0 0
0 0 0 0 0
0 0 0 0 0
0 0 0 0 0
0 0 0 0 0
0 0 0 0 0
0 0 0 0 0
0 0 0 0 0
0 0 0 0 0
0 0 0 0 0
0 0 0 0 0
0 0 0 0 0
0 0 0 0 0
0 0 0 0 0
0 0 0 0 0
0 0 0 0 0
0 0 0 0 0
0 0 0 0 0
0 0 0 0 0
0 0 0 0 0
0 0 0 0 0
0 0 0 0 0
0 0 0 0 0
0 0 0 0 0
0 0 0 0 0
0 0 0 0 0
0 0 0 0 0
0 0 0 0 0
0 0 0 0 0
0 0 0 0 0
0 0 0 0 0
0 0 0 0 0
0 0 0 0 0
0 0 0 0 0
0 0 0 0 0
0 0 0 0 0
0 0 0 0 0
0 0 0 0 0
0 0 0 0 0
0 0 0 0 0
0 0 0 0 0
0 0 0 0 0
0 0 0 0 0
0 0 0 0 0
0 0 0 0 0
0 0 0 0 0
0 0 0 0 0
0 0 0 0 0
0 0 0 0 0
0 0 0 0 0
0 0 0 0 0
0 0 0 0 0
0 0 0 0 0
0 0 0 0 0
0 0 0 0 0
0 0 0 0 0
0 0 0 0 0
0 0 0 0 0
0 0 0 0 0
0 0 0 0 0
0 0 0 0 0
0 0 0 0 0
0 0 0 0 0
0 0 0 0 0
0 0 0 0 0
0 0 0 0 0
0 0 0 0 0
0 0 0 0 0
0 0 0 0 0
0 0 0 0 0
0 0 0 0 0
0 0 0 0 0
0 0 0 0 0
0 0 0 0 0
0 0 0 0 0
0 0 0 0 0
0 0 0 0 0
0 0 0 0 0
0 0 0 0 0
0 0 0 0 0
0 0 0 0 0
0 0 0 0 0
0 0 0 0 0
0 0 0 0 0
0 0 0 0 0
0 0 0 0 0
0 0 0 0 0
0 0 0 0 0
0 0 0 0 0
0 0 0 0 0
0 0 0 0 0
0 0 0 0 0
0 0 0 0 0
0 0 0 0 0
0 0 0 0 0
0 0 0 0 0
0 0 0 0 0
0 0 0 0 0
0 0 0 0 0
0 0 0 0 0
0 0 0 0 0
0 0 0 0 0
0 0 0 0 0
0 0 0 0 0
0 0 0 0 0
0 0 0 0 0
0 0 0 0 0
0 0 0 0 0
0 0 0 0 0
0 0 0 0 0
0 0 0 0 0
0 0 0 0 0
0 0 0 0 0
0 0 0 0 0
0 0 0 0 0
0 0 0 0 0
0 0 0 0 0
0 0 0 0 0
0 0 0 0 0
0 0 0 0 0
0 0 0 0 0
0 0 0 0 0
0 0 0 0 0
0 0 0 0 0
0 0 0 0 0
0 0 0 0 0
0 0 0 0 0
0 0 0 0 0
0 0 0 0 0
0 0 0 0 0
0 0 0 0 0
0 0 0 0 0
0 0 0 0 0
0 0 0 0 0
0 0 0 0 0
0 0 0 0 0
0 0 0 0 0
0 0 0 0 0
0 0 0 0 0
0 0 0 0 0
0 0 0 0 0
0 0 0 0 0
0 0 0 0 0
0 0 0 0 0
0 0 0 0 0
0 0 0 0 0
0 0 0 0 0
0 0 0 0 0
0 0 0 0 0
0 0 0 0 0
0 0 0 0 0
0 0 0 0 0
0 0 0 0 0
0 0 0 0 0
0 0 0 0 0
0 0 0 0 0
0 0 0 0 0
0 0 0 0 0
0 0 0 0 0
0 0 0 0 0
0 0 0 0 0
0 0 0 0 0
0 0 0 0 0
0 0 0 0 0
0 0 0 0 0
0 0 0 0 0
0 0 0 0 0
0 0 0 0 0
0 0 0 0 0
0 0 0 0 0
0 0 0 0 0
0 0 0 0 0
0 0 0 0 0
0 0 0 0 0
0 0 0 0 0
0 0 0 0 0
0 0 0 0 0
0 0 0 0 0
0 0 0 0 0
0 0 0 0 0
0 0 0 0 0
0 0 0 0 0
0 0 0 0 0
0 0 0 0 0
0 0 0 0 0
0 0 0 0 0
0 0 0 0 0
0 0 0 0 0
0 0 0 0 0
0 0 0 0 0
0 0 0 0 0
0 0 0 0 0
0 0 0 0 0
0 0 0 0 0
0 0 0 0 0
0 0 0 0 0
0 0 0 0 0
0 0 0 0 0
0 0 0 0 0
0 0 0 0 0
0 0 0 0 0
0 0 0 0 0
0 0 0 0 0
0 0 0 0 0
0 0 0 0 0
0 0 0 0 0
0 0 0 0 0
0 0 0 0 0
0 0 0 0 0
0 0 0 0 0
0 0 0 0 0
0 0 0 0 0
0 0 0 0 0
0 0 0 0 0
0 0 0 0 0
0 0 0 0 0
0 0 0 0 0
0 0 0 0 0
0 0 0 0 0
0 0 0 0 0
0 0 0 0 0
0 0 0 0 0
0 0 0 0 0
0 0 0 0 0
0 0 0 0 0
0 0 0 0 0
0 0 0 0 0
0 0 0 0 0
0 0 0 0 0
0 0 0 0 0
0 0 0 0 0
0 0 0 0 0
0 0 0 0 0
0 0 0 0 0
0 0 0 0 0
0 0 0 0 0
0 0 0 0 0
0 0 0 0 0
0 0 0 0 0
0 0 0 0 0
0 0 0 0 0
0 0 0 0 0
0 0 0 0 0
0 0 0 0 0
0 0 0 0 0
0 0 0 0 0
0 0 0 0 0
0 0 0 0 0
0 0 0 0 0
0 0 0 0 0
0 0 0 0 0
0 0 0 0 0
0 0 0 0 0
0 0 0 0 0
0 0 0 0 0
0 0 0 0 0
0 0 0 0 0
0 0 0 0 0
0 0 0 0 0
0 0 0 0 0
0 0 0 0 0
0 0 0 0 0
0 0 0 0 0
0 0 0 0 0
0 0 0 0 0
0 0 0 0 0
0 0 0 0 0
0 0 0 0 0
0 0 0 0 0
0 0 0 0 0
0 0 0 0 0
0 0 0 0 0
0 0 0 0 0
0 0 0 0 0
0 0 0 0 0
0 0 0 0 0
0 0 0 0 0
0 0 0 0 0
0 0 0 0 0
0 0 0 0 0
0 0 0 0 0
0 0 0 0 0
0 0 0 0 0
0 0 0 0 0
0 0 0 0 0
0 0 0 0 0
0 0 0 0 0
0 0 0 0 0
0 0 0 0 0
0 0 0 0 0
0 0 0 0 0
0 0 0 0 0
0 0 0 0 0
0 0 0 0 0
0 0 0 0 0
0 0 0 0 0
0 0 0 0 0
0 0 0 0 0
0 0 0 0 0
0 0 0 0 0
0 0 0 0 0
0 0 0 0 0
0 0 0 0 0
0 0 0 0 0
0 0 0 0 0
0 0 0 0 0
0 0 0 0 0
0 0 0 0 0
0 0 0 0 0
0 0 0 0 0
0 0 0 0 0
0 0 0 0 0
0 0 0 0 0
0 0 0 0 0
0 0 0 0 0
0 0 0 0 0
0 0 0 0 0
0 0 0 0 0
0 0 0 0 0
0 0 0 0 0
0 0 0 0 0
0 0 0 0 0
0 0 0 0 0
0 0 0 0 0
0 0 0 0 0
0 0 0 0 0
0 0 0 0 0
0 0 0 0 0
0 0 0 0 0
0 0 0 0 0
0 0 0 0 0
0 0 0 0 0
0 0 0 0 0
0 0 0 0 0
0 0 0 0 0
0 0 0 0 0
0 0 0 0 0
0 0 0 0 0
0 0 0 0 0
0 0 0 0 0
0 0 0 0 0
0 0 0 0 0
0 0 0 0 0
0 0 0 0 0
0 0 0 0 0
0 0 0 0 0
0 0 0 0 0
0 0 0 0 0
0 0 0 0 0
0 0 0 0 0
0 0 0 0 0
0 0 0 0 0
0 0 0 0 0
0 0 0 0 0
0 0 0 0 0
0 0 0 0 0
0 0 0 0 0
0 0 0 0 0
0 0 0 0 0
0 0 0 0 0
0 0 0 0 0
0 0 0 0 0
0 0 0 0 0
0 0 0 0 0
0 0 0 0 0
0 0 0 0 0
0 0 0 0 0
0 0 0 0 0
0 0 0 0 0
0 0 0 0 0
0 0 0 0 0
0 0 0 0 0
0 0 0 0 0
0 0 0 0 0
0 0 0 0 0
0 0 0 0 0
0 0 0 0 0
0 0 0 0 0
0 0 0 0 0
0 0 0 0 0
0 0 0 0 0
0 0 0 0 0
0 0 0 0 0
0 0 0 0 0
0 0 0 0 0
0 0 0 0 0
0 0 0 0 0
0 0 0 0 0
0 0 0 0 0
0 0 0 0 0
0 0 0 0 0
0 0 0 0 0
0 0 0 0 0
0 0 0 0 0
0 0 0 0 0
0 0 0 0 0
0 0 0 0 0
0 0 0 0 0
0 0 0 0 0
0 0 0 0 0
0 0 0 0 0
0 0 0 0 0
0 0 0 0 0
0 0 0 0 0
0 0 0 0 0
0 0 0 0 0
0 0 0 0 0
0 0 0 0 0
0 0 0 0 0
0 0 0 0 0
0 0 0 0 0
0 0 0 0 0
0 0 0 0 0
0 0 0 0 0
0 0 0 0 0
0 0 0 0 0
0 0 0 0 0
0 0 0 0 0
0 0 0 0 0
0 0 0 0 0
0 0 0 0 0
0 0 0 0 0
0 0 0 0 0
0 0 0 0 0
0 0 0 0 0
0 0 0 0 0
0 0 0 0 0
0 0 0 0 0
0 0 0 0 0
0 0 0 0 0
0 0 0 0 0
0 0 0 0 0
0 0 0 0 0
0 0 0 0 0
0 0 0 0 0
0 0 0 0 0
0 0 0 0 0
0 0 0 0 0
0 0 0 0 0
0 0 0 0 0
0 0 0 0 0
0 0 0 0 0
0 0 0 0 0
0 0 0 0 0
0 0 0 0 0
0 0 0 0 0
0 0 0 0 0
0 0 0 0 0
0 0 0 0 0
0 0 0 0 0
0 0 0 0 0
0 0 0 0 0
0 0 0 0 0
0 0 0 0 0
0 0 0 0 0
0 0 0 0 0
0 0 0 0 0
0 0 0 0 0
0 0 0 0 0
0 0 0 0 0
0 0 0 0 0
0 0 0 0 0
0 0 0 0 0
0 0 0 0 0
0 0 0 0 0
0 0 0 0 0
0 0 0 0 0
0 0 0 0 0
0 0 0 0 0
0 0 0 0 0
0 0 0 0 0
0 0 0 0 0
0 0 0 0 0
0 0 0 0 0
0 0 0 0 0
0 0 0 0 0
0 0 0 0 0
0 0 0 0 0
0 0 0 0 0
0 0 0 0 0
0 0 0 0 0
0 0 0 0 0
0 0 0 0 0
0 0 0 0 0
0 0 0 0 0
0 0 0 0 0
0 0 0 0 0
0 0 0 0 0
0 0 0 0 0
0 0 0 0 0
0 0 0 0 0
0 0 0 0 0
0 0 0 0 0
0 0 0 0 0
0 0 0 0 0
0 0 0 0 0
0 0 0 0 0
0 0 0 0 0
0 0 0 0 0
0 0 0 0 0
0 0 0 0 0
0 0 0 0 0
0 0 0 0 0
0 0 0 0 0
0 0 0 0 0
0 0 0 0 0
0 0 0 0 0
0 0 0 0 0
0 0 0 0 0
0 0 0 0 0
0 0 0 0 0
0 0 0 0 0
0 0 0 0 0
0 0 0 0 0
0 0 0 0 0
0 0 0 0 0
0 0 0 0 0
0 0 0 0 0
0 0 0 0 0
0 0 0 0 0
0 0 0 0 0
0 0 0 0 0
0 0 0 0 0
0 0 0 0 0
0 0 0 0 0
0 0 0 0 0
0 0 0 0 0
0 0 0 0 0
0 0 0 0 0
0 0 0 0 0
0 0 0 0 0
0 0 0 0 0
0 0 0 0 0
0 0 0 0 0
0 0 0 0 0
0 0 0 0 0
0 0 0 0 0
0 0 0 0 0
0 0 0 0 0
0 0 0 0 0
0 0 0 0 0
0 0 0 0 0
0 0 0 0 0
0 0 0 0 0
0 0 0 0 0
0 0 0 0 0
0 0 0 0 0
0 0 0 0 0
0 0 0 0 0
0 0 0 0 0
0 0 0 0 0
0 0 0 0 0
0 0 0 0 0
0 0 0 0 0
0 0 0 0 0
0 0 0 0 0
0 0 0 0 0
0 0 0 0 0
0 0 0 0 0
0 0 0 0 0
0 0 0 0 0
0 0 0 0 0
0 0 0 0 0
0 0 0 0 0
0 0 0 0 0
0 0 0 0 0
0 0 0 0 0
0 0 0 0 0
0 0 0 0 0
0 0 0 0 0
0 0 0 0 0
0 0 0 0 0
0 0 0 0 0
0 0 0 0 0
0 0 0 0 0
0 0 0 0 0
0 0 0 0 0
0 0 0 0 0
0 0 0 0 0
0 0 0 0 0
0 0 0 0 0
0 0 0 0 0
0 0 0 0 0
0 0 0 0 0
0 0 0 0 0
0 0 0 0 0
0 0 0 0 0
0 0 0 0 0
0 0 0 0 0
0 0 0 0 0
0 0 0 0 0
0 0 0 0 0
0 0 0 0 0
0 0 0 0 0
0 0 0 0 0
0 0 0 0 0
0 0 0 0 0
0 0 0 0 0
0 0 0 0 0
0 0 0 0 0
0 0 0 0 0
0 0 0 0 0
0 0 0 0 0
0 0 0 0 0
0 0 0 0 0
0 0 0 0 0
0 0 0 0 0
0 0 0 0 0
0 0 0 0 0
0 0 0 0 0
0 0 0 0 0
0 0 0 0 0
0 0 0 0 0
0 0 0 0 0
0 0 0 0 0
0 0 0 0 0
0 0 0 0 0
0 0 0 0 0
0 0 0 0 0
0 0 0 0 0
0 0 0 0 0
0 0 0 0 0
0 0 0 0 0
0 0 0 0 0
0 0 0 0 0
0 0 0 0 0
0 0 0 0 0
0 0 0 0 0
0 0 0 0 0
0 0 0 0 0
0 0 0 0 0
0 0 0 0 0
0 0 0 0 0
0 0 0 0 0
0 0 0 0 0
0 0 0 0 0
0 0 0 0 0
0 0 0 0 0
0 0 0 0 0
0 0 0 0 0
0 0 0 0 0
0 0 0 0 0
0 0 0 0 0
0 0 0 0 0
0 0 0 0 0
0 0 0 0 0
0 0 0 0 0
0 0 0 0 0
0 0 0 0 0
0 0 0 0 0
0 0 0 0 0
0 0 0 0 0
0 0 0 0 0
0 0 0 0 0
0 0 0 0 0
0 0 0 0 0
0 0 0 0 0
0 0 0 0 0
0 0 0 0 0
0 0 0 0 0
0 0 0 0 0
0 0 0 0 0
0 0 0 0 0
0 0 0 0 0
0 0 0 0 0
0 0 0 0 0
0 0 0 0 0
0 0 0 0 0
0 0 0 0 0
0 0 0 0 0
0 0 0 0 0
0 0 0 0 0
0 0 0 0 0
0 0 0 0 0
0 0 0 0 0
0 0 0 0 0
0 0 0 0 0
0 0 0 0 0
0 0 0 0 0
0 0 0 0 0
0 0 0 0 0
0 0 0 0 0
0 0 0 0 0
0 0 0 0 0
0 0 0 0 0
0 0 0 0 0
0 0 0 0 0
0 0 0 0 0
0 0 0 0 0
0 0 0 0 0
0 0 0 0 0
0 0 0 0 0
0 0 0 0 0
0 0 0 0 0
0 0 0 0 0
0 0 0 0 0
0 0 0 0 0
0 0 0 0 0
0 0 0 0 0
0 0 0 0 0
0 0 0 0 0
0 0 0 0 0
0 0 0 0 0
0 0 0 0 0
0 0 0 0 0
0 0 0 0 0
0 0 0 0 0
0 0 0 0 0
0 0 0 0 0
0 0 0 0 0
0 0 0 0 0
0 0 0 0 0
0 0 0 0 0
0 0 0 0 0
0 0 0 0 0
0 0 0 0 0
0 0 0 0 0
0 0 0 0 0
0 0 0 0 0
0 0 0 0 0
0 0 0 0 0
0 0 0 0 0
0 0 0 0 0
0 0 0 0 0
0 0 0 0 0
0 0 0 0 0
0 0 0 0 0
0 0 0 0 0
0 0 0 0 0
0 0 0 0 0
0 0 0 0 0
0 0 0 0 0
0 0 0 0 0
0 0 0 0 0
0 0 0 0 0
0 0 0 0 0
0 0 0 0 0
0 0 0 0 0
0 0 0 0 0
0 0 0 0 0
0 0 0 0 0
0 0 0 0 0
0 0 0 0 0
0 0 0 0 0
0 0 0 0 0
0 0 0 0 0
0 0 0 0 0
0 0 0 0 0
0 0 0 0 0
0 0 0 0 0
0 0 0 0 0
0 0 0 0 0
0 0 0 0 0
0 0 0 0 0
0 0 0 0 0
0 0 0 0 0
0 0 0 0 0
0 0 0 0 0
0 0 0 0 0
0 0 0 0 0
0 0 0 0 0
0 0 0 0 0
0 0 0 0 0
0 0 0 0 0
0 0 0 0 0
0 0 0 0 0
0 0 0 0 0
0 0 0 0 0
0 0 0 0 0
0 0 0 0 0
0 0 0 0 0
0 0 0 0 0
0 0 0 0 0
0 0 0 0 0
0 0 0 0 0
0 0 0 0 0
0 0 0 0 0
0 0 0 0 0
0 0 0 0 0
0 0 0 0 0
0 0 0 0 0
0 0 0 0 0
0 0 0 0 0
0 0 0 0 0
0 0 0 0 0
0 0 0 0 0
0 0 0 0 0
0 0 0 0 0
0 0 0 0 0
0 0 0 0 0
0 0 0 0 0
0 0 0 0 0
0 0 0 0 0
0 0 0 0 0
0 0 0 0 0
0 0 0 0 0
0 0 0 0 0
0 0 0 0 0
0 0 0 0 0
0 0 0 0 0
0 0 0 0 0
0 0 0 0 0
0 0 0 0 0
0 0 0 0 0
0 0 0 0 0
0 0 0 0 0
0 0 0 0 0
0 0 0 0 0
0 0 0 0 0
0 0 0 0 0
0 0 0 0 0
0 0 0 0 0
0 0 0 0 0
0 0 0 0 0
0 0 0 0 0
0 0 0 0 0
0 0 0 0 0
0 0 0 0 0
0 0 0 0 0
0 0 0 0 0
0 0 0 0 0
0 0 0 0 0
0 0 0 0 0
0 0 0 0 0
0 0 0 0 0
0 0 0 0 0
0 0 0 0 0
0 0 0 0 0
0 0 0 0 0
0 0 0 0 0
0 0 0 0 0
0 0 0 0 0
0 0 0 0 0
0 0 0 0 0
0 0 0 0 0
0 0 0 0 0
0 0 0 0 0
0 0 0 0 0
0 0 0 0 0
0 0 0 0 0
0 0 0 0 0
0 0 0 0 0
0 0 0 0 0
0 0 0 0 0
0 0 0 0 0
0 0 0 0 0
0 0 0 0 0
0 0 0 0 0
0 0 0 0 0
0 0 0 0 0
0 0 0 0 0
0 0 0 0 0
0 0 0 0 0
0 0 0 0 0
0 0 0 0 0
0 0 0 0 0
0 0 0 0 0
0 0 0 0 0
0 0 0 0 0
0 0 0 0 0
0 0 0 0 0
0 0 0 0 0
0 0 0 0 0
0 0 0 0 0
0 0 0 0 0
0 0 0 0 0
0 0 0 0 0
0 0 0 0 0
0 0 0 0 0
0 0 0 0 0
0 0 0 0 0
0 0 0 0 0
0 0 0 0 0
0 0 0 0 0
0 0 0 0 0
0 0 0 0 0
0 0 0 0 0
0 0 0 0 0
0 0 0 0 0
0 0 0 0 0
0 0 0 0 0
0 0 0 0 0
0 0 0 0 0
0 0 0 0 0
0 0 0 0 0
0 0 0 0 0
0 0 0 0 0
0 0 0 0 0
0 0 0 0 0
0 0 0 0 0
0 0 0 0 0
0 0 0 0 0
0 0 0 0 0
0 0 0 0 0
0 0 0 0 0
0 0 0 0 0
0 0 0 0 0
0 0 0 0 0
0 0 0 0 0
0 0 0 0 0
0 0 0 0 0
0 0 0 0 0
0 0 0 0 0
0 0 0 0 0
0 0 0 0 0
0 0 0 0 0
0 0 0 0 0
0 0 0 0 0
0 0 0 0 0
0 0 0 0 0
0 0 0 0 0
0 0 0 0 0
0 0 0 0 0
0 0 0 0 0
0 0 0 0 0
0 0 0 0 0
0 0 0 0 0
0 0 0 0 0
0 0 0 0 0
0 0 0 0 0
0 0 0 0 0
0 0 0 0 0
0 0 0 0 0
0 0 0 0 0
0 0 0 0 0
0 0 0 0 0
0 0 0 0 0
0 0 0 0 0
0 0 0 0 0
0 0 0 0 0
0 0 0 0 0
0 0 0 0 0
0 0 0 0 0
0 0 0 0 0
0 0 0 0 0
0 0 0 0 0
0 0 0 0 0
0 0 0 0 0
0 0 0 0 0
0 0 0 0 0
0 0 0 0 0
0 0 0 0 0
0 0 0 0 0
0 0 0 0 0
0 0 0 0 0
0 0 0 0 0
0 0 0 0 0
0 0 0 0 0
0 0 0 0 0
0 0 0 0 0
0 0 0 0 0
0 0 0 0 0
0 0 0 0 0
0 0 0 0 0
0 0 0 0 0
0 0 0 0 0
0 0 0 0 0
0 0 0 0 0
0 0 0 0 0
0 0 0 0 0
0 0 0 0 0
0 0 0 0 0
0 0 0 0 0
0 0 0 0 0
0 0 0 0 0
0 0 0 0 0
0 0 0 0 0
0 0 0 0 0
0 0 0 0 0
0 0 0 0 0
0 0 0 0 0
0 0 0 0 0
0 0 0 0 0
0 0 0 0 0
0 0 0 0 0
0 0 0 0 0
0 0 0 0 0
0 0 0 0 0
0 0 0 0 0
0 0 0 0 0
0 0 0 0 0
0 0 0 0 0
0 0 0 0 0
0 0 0 0 0
0 0 0 0 0
0 0 0 0 0
0 0 0 0 0
0 0 0 0 0
0 0 0 0 0
0 0 0 0 0
0 0 0 0 0
0 0 0 0 0
0 0 0 0 0
0 0 0 0 0
0 0 0 0 0
0 0 0 0 0
0 0 0 0 0
0 0 0 0 0
0 0 0 0 0
0 0 0 0 0
0 0 0 0 0
0 0 0 0 0
0 0 0 0 0
0 0 0 0 0
0 0 0 0 0
0 0 0 0 0
0 0 0 0 0
0 0 0 0 0
0 0 0 0 0
0 0 0 0 0
0 0 0 0 0
0 0 0 0 0
0 0 0 0 0
0 0 0 0 0
0 0 0 0 0
0 0 0 0 0
0 0 0 0 0
0 0 0 0 0
0 0 0 0 0
0 0 0 0 0
0 0 0 0 0
0 0 0 0 0
0 0 0 0 0
0 0 0 0 0
0 0 0 0 0
0 0 0 0 0
0 0 0 0 0
0 0 0 0 0
0 0 0 0 0
0 0 0 0 0
0 0 0 0 0
0 0 0 0 0
0 0 0 0 0
0 0 0 0 0
0 0 0 0 0
0 0 0 0 0
0 0 0 0 0
0 0 0 0 0
0 0 0 0 0
0 0 0 0 0
0 0 0 0 0
0 0 0 0 0
0 0 0 0 0
0 0 0 0 0
0 0 0 0 0
0 0 0 0 0
0 0 0 0 0
0 0 0 0 0
0 0 0 0 0
0 0 0 0 0
0 0 0 0 0
0 0 0 0 0
0 0 0 0 0
0 0 0 0 0
0 0 0 0 0
0 0 0 0 0
0 0 0 0 0
0 0 0 0 0
0 0 0 0 0
0 0 0 0 0
0 0 0 0 0
0 0 0 0 0
0 0 0 0 0
0 0 0 0 0
0 0 0 0 0
0 0 0 0 0
0 0 0 0 0
0 0 0 0 0
0 0 0 0 0
0 0 0 0 0
0 0 0 0 0
0 0 0 0 0
0 0 0 0 0
0 0 0 0 0
0 0 0 0 0
0 0 0 0 0
0 0 0 0 0
0 0 0 0 0
0 0 0 0 0
0 0 0 0 0
0 0 0 0 0
0 0 0 0 0
0 0 0 0 0
0 0 0 0 0
0 0 0 0 0
0 0 0 0 0
0 0 0 0 0
0 0 0 0 0
0 0 0 0 0
0 0 0 0 0
0 0 0 0 0
0 0 0 0 0
0 0 0 0 0
0 0 0 0 0
0 0 0 0 0
0 0 0 0 0
0 0 0 0 0
0 0 0 0 0
0 0 0 0 0
0 0 0 0 0
0 0 0 0 0
0 0 0 0 0
0 0 0 0 0
0 0 0 0 0
0 0 0 0 0
0 0 0 0 0
0 0 0 0 0
0 0 0 0 0
0 0 0 0 0
0 0 0 0 0
0 0 0 0 0
0 0 0 0 0
0 0 0 0 0
0 0 0 0 0
0 0 0 0 0
0 0 0 0 0
0 0 0 0 0
0 0 0 0 0
0 0 0 0 0
0 0 0 0 0
0 0 0 0 0
0 0 0 0 0
0 0 0 0 0
0 0 0 0 0
0 0 0 0 0
0 0 0 0 0
0 0 0 0 0
0 0 0 0 0
0 0 0 0 0
0 0 0 0 0
0 0 0 0 0
0 0 0 0 0
0 0 0 0 0
0 0 0 0 0
0 0 0 0 0
0 0 0 0 0
0 0 0 0 0
0 0 0 0 0
0 0 0 0 0
0 0 0 0 0
0 0 0 0 0
0 0 0 0 0
0 0 0 0 0
0 0 0 0 0
0 0 0 0 0
0 0 0 0 0
0 0 0 0 0
0 0 0 0 0
0 0 0 0 0
0 0 0 0 0
0 0 0 0 0
0 0 0 0 0
0 0 0 0 0
0 0 0 0 0
0 0 0 0 0
0 0 0 0 0
0 0 0 0 0
0 0 0 0 0
0 0 0 0 0
0 0 0 0 0
0 0 0 0 0
0 0 0 0 0
0 0 0 0 0
0 0 0 0 0
0 0 0 0 0
0 0 0 0 0
0 0 0 0 0
0 0 0 0 0
0 0 0 0 0
0 0 0 0 0
0 0 0 0 0
0 0 0 0 0
0 0 0 0 0
0 0 0 0 0
0 0 0 0 0
0 0 0 0 0
0 0 0 0 0
0 0 0 0 0
0 0 0 0 0
0 0 0 0 0
0 0 0 0 0
0 0 0 0 0
0 0 0 0 0
0 0 0 0 0
0 0 0 0 0
0 0 0 0 0
0 0 0 0 0
0 0 0 0 0
0 0 0 0 0
0 0 0 0 0
0 0 0 0 0
0 0 0 0 0
0 0 0 0 0
0 0 0 0 0
0 0 0 0 0
0 0 0 0 0
0 0 0 0 0
0 0 0 0 0
0 0 0 0 0
0 0 0 0 0
0 0 0 0 0
0 0 0 0 0
0 0 0 0 0
0 0 0 0 0
0 0 0 0 0
0 0 0 0 0
0 0 0 0 0
0 0 0 0 0
0 0 0 0 0
0 0 0 0 0
0 0 0 0 0
0 0 0 0 0
0 0 0 0 0
0 0 0 0 0
0 0 0 0 0
0 0 0 0 0
0 0 0 0 0
0 0 0 0 0
0 0 0 0 0
0 0 0 0 0
0 0 0 0 0
0 0 0 0 0
0 0 0 0 0
0 0 0 0 0
0 0 0 0 0
0 0 0 0 0
0 0 0 0 0
0 0 0 0 0
0 0 0 0 0
0 0 0 0 0
0 0 0 0 0
0 0 0 0 0
0 0 0 0 0
0 0 0 0 0
0 0 0 0 0
0 0 0 0 0
0 0 0 0 0
0 0 0 0 0
0 0 0 0 0
0 0 0 0 0
0 0 0 0 0
0 0 0 0 0
0 0 0 0 0
0 0 0 0 0
0 0 0 0 0
0 0 0 0 0
0 0 0 0 0
0 0 0 0 0
0 0 0 0 0
0 0 0 0 0
0 0 0 0 0
0 0 0 0 0
0 0 0 0 0
0 0 0 0 0
0 0 0 0 0
0 0 0 0 0
0 0 0 0 0
0 0 0 0 0
0 0 0 0 0
0 0 0 0 0
0 0 0 0 0
0 0 0 0 0
0 0 0 0 0
0 0 0 0 0
0 0 0 0 0
0 0 0 0 0
0 0 0 0 0
0 0 0 0 0
0 0 0 0 0
0 0 0 0 0
0 0 0 0 0
0 0 0 0 0
0 0 0 0 0
0 0 0 0 0
0 0 0 0 0
0 0 0 0 0
0 0 0 0 0
0 0 0 0 0
0 0 0 0 0
0 0 0 0 0
0 0 0 0 0
0 0 0 0 0
0 0 0 0 0
0 0 0 0 0
0 0 0 0 0
0 0 0 0 0
0 0 0 0 0
0 0 0 0 0
0 0 0 0 0
0 0 0 0 0
0 0 0 0 0
0 0 0 0 0
0 0 0 0 0
0 0 0 0 0
0 0 0 0 0
0 0 0 0 0
0 0 0 0 0
0 0 0 0 0
0 0 0 0 0
0 0 0 0 0
0 0 0 0 0
0 0 0 0 0
0 0 0 0 0
0 0 0 0 0
0 0 0 0 0
0 0 0 0 0
0 0 0 0 0
0 0 0 0 0
0 0 0 0 0
0 0 0 0 0
0 0 0 0 0
0 0 0 0 0
0 0 0 0 0
0 0 0 0 0
0 0 0 0 0
0 0 0 0 0
0 0 0 0 0
0 0 0 0 0
0 0 0 0 0
0 0 0 0 0
0 0 0 0 0
0 0 0 0 0
0 0 0 0 0
0 0 0 0 0
0 0 0 0 0
0 0 0 0 0
0 0 0 0 0
0 0 0 0 0
0 0 0 0 0
0 0 0 0 0
0 0 0 0 0
0 0 0 0 0
0 0 0 0 0
0 0 0 0 0
0 0 0 0 0
0 0 0 0 0
0 0 0 0 0
0 0 0 0 0
0 0 0 0 0
0 0 0 0 0
0 0 0 0 0
0 0 0 0 0
0 0 0 0 0
0 0 0 0 0
0 0 0 0 0
0 0 0 0 0
0 0 0 0 0
0 0 0 0 0
0 0 0 0 0
0 0 0 0 0
0 0 0 0 0
0 0 0 0 0
0 0 0 0 0
0 0 0 0 0
0 0 0 0 0
0 0 0 0 0
0 0 0 0 0
0 0 0 0 0
0 0 0 0 0
0 0 0 0 0
0 0 0 0 0
0 0 0 0 0
0 0 0 0 0
0 0 0 0 0
0 0 0 0 0
0 0 0 0 0
0 0 0 0 0
0 0 0 0 0
0 0 0 0 0
0 0 0 0 0
0 0 0 0 0
0 0 0 0 0
0 0 0 0 0
0 0 0 0 0
0 0 0 0 0
0 0 0 0 0
0 0 0 0 0
0 0 0 0 0
0 0 0 0 0
0 0 0 0 0
0 0 0 0 0
0 0 0 0 0
0 0 0 0 0
0 0 0 0 0
0 0 0 0 0
0 0 0 0 0
0 0 0 0 0
0 0 0 0 0
0 0 0 0 0
0 0 0 0 0
0 0 0 0 0
0 0 0 0 0
0 0 0 0 0
0 0 0 0 0
0 0 0 0 0
0 0 0 0 0
0 0 0 0 0
0 0 0 0 0
0 0 0 0 0
0 0 0 0 0
0 0 0 0 0
0 0 0 0 0
0 0 0 0 0
0 0 0 0 0
0 0 0 0 0
0 0 0 0 0
0 0 0 0 0
0 0 0 0 0
0 0 0 0 0
0 0 0 0 0
0 0 0 0 0
0 0 0 0 0
0 0 0 0 0
0 0 0 0 0
0 0 0 0 0
0 0 0 0 0
0 0 0 0 0
0 0 0 0 0
0 0 0 0 0
0 0 0 0 0
0 0 0 0 0
0 0 0 0 0
0 0 0 0 0
0 0 0 0 0
0 0 0 0 0
0 0 0 0 0
0 0 0 0 0
0 0 0 0 0
0 0 0 0 0
0 0 0 0 0
0 0 0 0 0
0 0 0 0 0
0 0 0 0 0
0 0 0 0 0
0 0 0 0 0
0 0 0 0 0
0 0 0 0 0
0 0 0 0 0
0 0 0 0 0
0 0 0 0 0
0 0 0 0 0
0 0 0 0 0
0 0 0 0 0
0 0 0 0 0
0 0 0 0 0
0 0 0 0 0
0 0 0 0 0
0 0 0 0 0
0 0 0 0 0
0 0 0 0 0
0 0 0 0 0
0 0 0 0 0
0 0 0 0 0
0 0 0 0 0
0 0 0 0 0
0 0 0 0 0
0 0 0 0 0
0 0 0 0 0
0 0 0 0 0
0 0 0 0 0
0 0 0 0 0
0 0 0 0 0
0 0 0 0 0
0 0 0 0 0
0 0 0 0 0
0 0 0 0 0
0 0 0 0 0
0 0 0 0 0
0 0 0 0 0
0 0 0 0 0
0 0 0 0 0
0 0 0 0 0
0 0 0 0 0
0 0 0 0 0
0 0 0 0 0
0 0 0 0 0
0 0 0 0 0
0 0 0 0 0
0 0 0 0 0
0 0 0 0 0
0 0 0 0 0
0 0 0 0 0
0 0 0 0 0
0 0 0 0 0
0 0 0 0 0
0 0 0 0 0
0 0 0 0 0
0 0 0 0 0
0 0 0 0 0
0 0 0 0 0
0 0 0 0 0
0 0 0 0 0
0 0 0 0 0
0 0 0 0 0
0 0 0 0 0
0 0 0 0 0
0 0 0 0 0
0 0 0 0 0
0 0 0 0 0
0 0 0 0 0
0 0 0 0 0
0 0 0 0 0
0 0 0 0 0
0 0 0 0 0
0 0 0 0 0
0 0 0 0 0
0 0 0 0 0
0 0 0 0 0
0 0 0 0 0
0 0 0 0 0
0 0 0 0 0
0 0 0 0 0
0 0 0 0 0
0 0 0 0 0
0 0 0 0 0
0 0 0 0 0
0 0 0 0 0
0 0 0 0 0
0 0 0 0 0
0 0 0 0 0
0 0 0 0 0
0 0 0 0 0
0 0 0 0 0
0 0 0 0 0
0 0 0 0 0
0 0 0 0 0
0 0 0 0 0
0 0 0 0 0
0 0 0 0 0
0 0 0 0 0
0 0 0 0 0
0 0 0 0 0
0 0 0 0 0
0 0 0 0 0
0 0 0 0 0
0 0 0 0 0
0 0 0 0 0
0 0 0 0 0
0 0 0 0 0
0 0 0 0 0
0 0 0 0 0
0 0 0 0 0
0 0 0 0 0
0 0 0 0 0
0 0 0 0 0
0 0 0 0 0
0 0 0 0 0
0 0 0 0 0
0 0 0 0 0
0 0 0 0 0
0 0 0 0 0
0 0 0 0 0
0 0 0 0 0
0 0 0 0 0
0 0 0 0 0
0 0 0 0 0
0 0 0 0 0
0 0 0 0 0
0 0 0 0 0
0 0 0 0 0
0 0 0 0 0
0 0 0 0 0
0 0 0 0 0
0 0 0 0 0
0 0 0 0 0
0 0 0 0 0
0 0 0 0 0
0 0 0 0 0
0 0 0 0 0
0 0 0 0 0
0 0 0 0 0
0 0 0 0 0
0 0 0 0 0
0 0 0 0 0
0 0 0 0 0
0 0 0 0 0
0 0 0 0 0
0 0 0 0 0
0 0 0 0 0
0 0 0 0 0
0 0 0 0 0
0 0 0 0 0
0 0 0 0 0
0 0 0 0 0
0 0 0 0 0
0 0 0 0 0
0 0 0 0 0
0 0 0 0 0
0 0 0 0 0
0 0 0 0 0
0 0 0 0 0
0 0 0 0 0
0 0 0 0 0
0 0 0 0 0
0 0 0 0 0
0 0 0 0 0
0 0 0 0 0
0 0 0 0 0
0 0 0 0 0
0 0 0 0 0
0 0 0 0 0
0 0 0 0 0
0 0 0 0 0
0 0 0 0 0
0 0 0 0 0
0 0 0 0 0
0 0 0 0 0
0 0 0 0 0
0 0 0 0 0
0 0 0 0 0
0 0 0 0 0
0 0 0 0 0
0 0 0 0 0
0 0 0 0 0
0 0 0 0 0
0 0 0 0 0
0 0 0 0 0
0 0 0 0 0
0 0 0 0 0
0 0 0 0 0
0 0 0 0 0
0 0 0 0 0
0 0 0 0 0
0 0 0 0 0
0 0 0 0 0
0 0 0 0 0
0 0 0 0 0
0 0 0 0 0
0 0 0 0 0
0 0 0 0 0
0 0 0 0 0
0 0 0 0 0
0 0 0 0 0
0 0 0 0 0
0 0 0 0 0
0 0 0 0 0
0 0 0 0 0
0 0 0 0 0
0 0 0 0 0
0 0 0 0 0
0 0 0 0 0
0 0 0 0 0
0 0 0 0 0
0 0 0 0 0
0 0 0 0 0
0 0 0 0 0
0 0 0 0 0
0 0 0 0 0
0 0 0 0 0
0 0 0 0 0
0 0 0 0 0
0 0 0 0 0
0 0 0 0 0
0 0 0 0 0
0 0 0 0 0
0 0 0 0 0
0 0 0 0 0
0 0 0 0 0
0 0 0 0 0
0 0 0 0 0
0 0 0 0 0
0 0 0 0 0
0 0 0 0 0
0 0 0 0 0
0 0 0 0 0
0 0 0 0 0
0 0 0 0 0
0 0 0 0 0
0 0 0 0 0
0 0 0 0 0
0 0 0 0 0
0 0 0 0 0
0 0 0 0 0
0 0 0 0 0
0 0 0 0 0
0 0 0 0 0
0 0 0 0 0
0 0 0 0 0
0 0 0 0 0
0 0 0 0 0
0 0 0 0 0
0 0 0 0 0
0 0 0 0 0
0 0 0 0 0
0 0 0 0 0
0 0 0 0 0
0 0 0 0 0
0 0 0 0 0
0 0 0 0 0
0 0 0 0 0
0 0 0 0 0
0 0 0 0 0
0 0 0 0 0
0 0 0 0 0
0 0 0 0 0
0 0 0 0 0
0 0 0 0 0
0 0 0 0 0
0 0 0 0 0
0 0 0 0 0
0 0 0 0 0
0 0 0 0 0
0 0 0 0 0
0 0 0 0 0
0 0 0 0 0
0 0 0 0 0
0 0 0 0 0
0 0 0 0 0
0 0 0 0 0
0 0 0 0 0
0 0 0 0 0
0 0 0 0 0
0 0 0 0 0
0 0 0 0 0
0 0 0 0 0
0 0 0 0 0
0 0 0 0 0
0 0 0 0 0
0 0 0 0 0
0 0 0 0 0
0 0 0 0 0
0 0 0 0 0
0 0 0 0 0
0 0 0 0 0
0 0 0 0 0
0 0 0 0 0
0 0 0 0 0
0 0 0 0 0
0 0 0 0 0
0 0 0 0 0
0 0 0 0 0
0 0 0 0 0
0 0 0 0 0
0 0 0 0 0
0 0 0 0 0
0 0 0 0 0
0 0 0 0 0
0 0 0 0 0
0 0 0 0 0
0 0 0 0 0
0 0 0 0 0
0 0 0 0 0
0 0 0 0 0
0 0 0 0 0
0 0 0 0 0
0 0 0 0 0
0 0 0 0 0
0 0 0 0 0
0 0 0 0 0
0 0 0 0 0
0 0 0 0 0
0 0 0 0 0
0 0 0 0 0
0 0 0 0 0
0 0 0 0 0
0 0 0 0 0
0 0 0 0 0
0 0 0 0 0
0 0 0 0 0
0 0 0 0 0
0 0 0 0 0
0 0 0 0 0
0 0 0 0 0
0 0 0 0 0
0 0 0 0 0
0 0 0 0 0
0 0 0 0 0
0 0 0 0 0
0 0 0 0 0
0 0 0 0 0
0 0 0 0 0
0 0 0 0 0
0 0 0 0 0
0 0 0 0 0
0 0 0 0 0
0 0 0 0 0
0 0 0 0 0
0 0 0 0 0
0 0 0 0 0
0 0 0 0 0
0 0 0 0 0
0 0 0 0 0
0 0 0 0 0
0 0 0 0 0
0 0 0 0 0
0 0 0 0 0
0 0 0 0 0
0 0 0 0 0
0 0 0 0 0
0 0 0 0 0
0 0 0 0 0
0 0 0 0 0
0 0 0 0 0
0 0 0 0 0
0 0 0 0 0
0 0 0 0 0
0 0 0 0 0
0 0 0 0 0
0 0 0 0 0
0 0 0 0 0
0 0 0 0 0
0 0 0 0 0
0 0 0 0 0
0 0 0 0 0
0 0 0 0 0
0 0 0 0 0
0 0 0 0 0
0 0 0 0 0
0 0 0 0 0
0 0 0 0 0
0 0 0 0 0
0 0 0 0 0
0 0 0 0 0
0 0 0 0 0
0 0 0 0 0
0 0 0 0 0
0 0 0 0 0
0 0 0 0 0
0 0 0 0 0
0 0 0 0 0
0 0 0 0 0
0 0 0 0 0
0 0 0 0 0
0 0 0 0 0
0 0 0 0 0
0 0 0 0 0
0 0 0 0 0
0 0 0 0 0
0 0 0 0 0
0 0 0 0 0
0 0 0 0 0
0 0 0 0 0
0 0 0 0 0
0 0 0 0 0
0 0 0 0 0
0 0 0 0 0
0 0 0 0 0
0 0 0 0 0
0 0 0 0 0
0 0 0 0 0
0 0 0 0 0
0 0 0 0 0
0 0 0 0 0
0 0 0 0 0
0 0 0 0 0
0 0 0 0 0
0 0 0 0 0
0 0 0 0 0
0 0 0 0 0
0 0 0 0 0
0 0 0 0 0
0 0 0 0 0
0 0 0 0 0
0 0 0 0 0
0 0 0 0 0
0 0 0 0 0
0 0 0 0 0
0 0 0 0 0
0 0 0 0 0
0 0 0 0 0
0 0 0 0 0
0 0 0 0 0
0 0 0 0 0
0 0 0 0 0
0 0 0 0 0
0 0 0 0 0
0 0 0 0 0
0 0 0 0 0
0 0 0 0 0
0 0 0 0 0
0 0 0 0 0
0 0 0 0 0
0 0 0 0 0
0 0 0 0 0
0 0 0 0 0
0 0 0 0 0
0 0 0 0 0
0 0 0 0 0
0 0 0 0 0
0 0 0 0 0
0 0 0 0 0
0 0 0 0 0
0 0 0 0 0
0 0 0 0 0
0 0 0 0 0
0 0 0 0 0
0 0 0 0 0
0 0 0 0 0
0 0 0 0 0
0 0 0 0 0
0 0 0 0 0
0 0 0 0 0
0 0 0 0 0
0 0 0 0 0
0 0 0 0 0
0 0 0 0 0
0 0 0 0 0
0 0 0 0 0
0 0 0 0 0
0 0 0 0 0
0 0 0 0 0
0 0 0 0 0
0 0 0 0 0
0 0 0 0 0
0 0 0 0 0
0 0 0 0 0
0 0 0 0 0
0 0 0 0 0
0 0 0 0 0
0 0 0 0 0
0 0 0 0 0
0 0 0 0 0
0 0 0 0 0
0 0 0 0 0
0 0 0 0 0
0 0 0 0 0
0 0 0 0 0
0 0 0 0 0
0 0 0 0 0
0 0 0 0 0
0 0 0 0 0
0 0 0 0 0
0 0 0 0 0
0 0 0 0 0
0 0 0 0 0
0 0 0 0 0
0 0 0 0 0
0 0 0 0 0
0 0 0 0 0
0 0 0 0 0
0 0 0 0 0
0 0 0 0 0
0 0 0 0 0
0 0 0 0 0
0 0 0 0 0
0 0 0 0 0
0 0 0 0 0
0 0 0 0 0
0 0 0 0 0
0 0 0 0 0
0 0 0 0 0
0 0 0 0 0
0 0 0 0 0
0 0 0 0 0
0 0 0 0 0
0 0 0 0 0
0 0 0 0 0
0 0 0 0 0
0 0 0 0 0
0 0 0 0 0
0 0 0 0 0
0 0 0 0 0
0 0 0 0 0
0 0 0 0 0
0 0 0 0 0
0 0 0 0 0
0 0 0 0 0
0 0 0 0 0
0 0 0 0 0
0 0 0 0 0
0 0 0 0 0
0 0 0 0 0
0 0 0 0 0
0 0 0 0 0
0 0 0 0 0
0 0 0 0 0
0 0 0 0 0
0 0 0 0 0
0 0 0 0 0
0 0 0 0 0
0 0 0 0 0
0 0 0 0 0
0 0 0 0 0
0 0 0 0 0
0 0 0 0 0
0 0 0 0 0
0 0 0 0 0
0 0 0 0 0
0 0 0 0 0
0 0 0 0 0
0 0 0 0 0
0 0 0 0 0
0 0 0 0 0
0 0 0 0 0
0 0 0 0 0
0 0 0 0 0
0 0 0 0 0
0 0 0 0 0
0 0 0 0 0
0 0 0 0 0
0 0 0 0 0
0 0 0 0 0
0 0 0 0 0
0 0 0 0 0
0 0 0 0 0
0 0 0 0 0
0 0 0 0 0
0 0 0 0 0
0 0 0 0 0
0 0 0 0 0
0 0 0 0 0
0 0 0 0 0
0 0 0 0 0
0 0 0 0 0
0 0 0 0 0
0 0 0 0 0
0 0 0 0 0
0 0 0 0 0
0 0 0 0 0
0 0 0 0 0
0 0 0 0 0
0 0 0 0 0
0 0 0 0 0
0 0 0 0 0
0 0 0 0 0
0 0 0 0 0
0 0 0 0 0
0 0 0 0 0
0 0 0 0 0
0 0 0 0 0
0 0 0 0 0
0 0 0 0 0
0 0 0 0 0
0 0 0 0 0
0 0 0 0 0
0 0 0 0 0
0 0 0 0 0
0 0 0 0 0
0 0 0 0 0
0 0 0 0 0
0 0 0 0 0
0 0 0 0 0
0 0 0 0 0
0 0 0 0 0
0 0 0 0 0
0 0 0 0 0
0 0 0 0 0
0 0 0 0 0
0 0 0 0 0
0 0 0 0 0
0 0 0 0 0
0 0 0 0 0
0 0 0 0 0
0 0 0 0 0
0 0 0 0 0
0 0 0 0 0
0 0 0 0 0
0 0 0 0 0
0 0 0 0 0
0 0 0 0 0
0 0 0 0 0
0 0 0 0 0
0 0 0 0 0
0 0 0 0 0
0 0 0 0 0
0 0 0 0 0
0 0 0 0 0
0 0 0 0 0
0 0 0 0 0
0 0 0 0 0
0 0 0 0 0
0 0 0 0 0
0 0 0 0 0
0 0 0 0 0
0 0 0 0 0
0 0 0 0 0
0 0 0 0 0
0 0 0 0 0
0 0 0 0 0
0 0 0 0 0
0 0 0 0 0
0 0 0 0 0
0 0 0 0 0
0 0 0 0 0
0 0 0 0 0
0 0 0 0 0
0 0 0 0 0
0 0 0 0 0
0 0 0 0 0
0 0 0 0 0
0 0 0 0 0
0 0 0 0 0
0 0 0 0 0
0 0 0 0 0
0 0 0 0 0
0 0 0 0 0
0 0 0 0 0
0 0 0 0 0
0 0 0 0 0
0 0 0 0 0
0 0 0 0 0
0 0 0 0 0
0 0 0 0 0
0 0 0 0 0
0 0 0 0 0
0 0 0 0 0
0 0 0 0 0
0 0 0 0 0
0 0 0 0 0
