STA EM for 4He (S. Patore et al.)
2 4 STA_EM 900 5
1 0.002 0.004 0.006 0.008 0.01 0.012 0.014 0.016 0.018 0.02 0.022 0.024 0.026 0.028 0.03 0.032 0.034 0.036 0.038 0.04 0.042 0.044 0.046 0.048 0.05 0.052 0.054 0.056 0.058 0.06 0.062 0.064 0.066 0.068 0.07 0.072 0.074 0.076 0.078 0.08 0.082 0.084 0.086 0.088 0.09 0.092 0.094 0.096 0.098 0.1 0.102 0.104 0.106 0.108 0.11 0.112 0.114 0.116 0.118 0.12 0.122 0.124 0.126 0.128 0.13 0.132 0.134 0.136 0.138 0.14 0.142 0.144 0.146 0.148 0.15 0.152 0.154 0.156 0.158 0.16 0.162 0.164 0.166 0.168 0.17 0.172 0.174 0.176 0.178 0.18 0.182 0.184 0.186 0.188 0.19 0.192 0.194 0.196 0.198 0.2 0.202 0.204 0.206 0.208 0.21 0.212 0.214 0.216 0.218 0.22 0.222 0.224 0.226 0.228 0.23 0.232 0.234 0.236 0.238 0.24 0.242 0.244 0.246 0.248 0.25 0.252 0.254 0.256 0.258 0.26 0.262 0.264 0.266 0.268 0.27 0.272 0.274 0.276 0.278 0.28 0.282 0.284 0.286 0.288 0.29 0.292 0.294 0.296 0.298 0.3 0.302 0.304 0.306 0.308 0.31 0.312 0.314 0.316 0.318 0.32 0.322 0.324 0.326 0.328 0.33 0.332 0.334 0.336 0.338 0.34 0.342 0.344 0.346 0.348 0.35 0.352 0.354 0.356 0.358 0.36 0.362 0.364 0.366 0.368 0.37 0.372 0.374 0.376 0.378 0.38 0.382 0.384 0.386 0.388 0.39 0.392 0.394 0.396 0.398 0.4 0.402 0.404 0.406 0.408 0.41 0.412 0.414 0.416 0.418 0.42 0.422 0.424 0.426 0.428 0.43 0.432 0.434 0.436 0.438 0.44 0.442 0.444 0.446 0.448 0.45 0.452 0.454 0.456 0.458 0.46 0.462 0.464 0.466 0.468 0.47 0.472 0.474 0.476 0.478 0.48 0.482 0.484 0.486 0.488 0.49 0.492 0.494 0.496 0.498 0.5 0.502 0.504 0.506 0.508 0.51 0.512 0.514 0.516 0.518 0.52 0.522 0.524 0.526 0.528 0.53 0.532 0.534 0.536 0.538 0.54 0.542 0.544 0.546 0.548 0.55 0.552 0.554 0.556 0.558 0.56 0.562 0.564 0.566 0.568 0.57 0.572 0.574 0.576 0.578 0.58 0.582 0.584 0.586 0.588 0.59 0.592 0.594 0.596 0.598 0.6 0.602 0.604 0.606 0.608 0.61 0.612 0.614 0.616 0.618 0.62 0.622 0.624 0.626 0.628 0.63 0.632 0.634 0.636 0.638 0.64 0.642 0.644 0.646 0.648 0.65 0.652 0.654 0.656 0.658 0.66 0.662 0.664 0.666 0.668 0.67 0.672 0.674 0.676 0.678 0.68 0.682 0.684 0.686 0.688 0.69 0.692 0.694 0.696 0.698 0.7 0.702 0.704 0.706 0.708 0.71 0.712 0.714 0.716 0.718 0.72 0.722 0.724 0.726 0.728 0.73 0.732 0.734 0.736 0.738 0.74 0.742 0.744 0.746 0.748 0.75 0.752 0.754 0.756 0.758 0.76 0.762 0.764 0.766 0.768 0.77 0.772 0.774 0.776 0.778 0.78 0.782 0.784 0.786 0.788 0.79 0.792 0.794 0.796 0.798 0.8 0.802 0.804 0.806 0.808 0.81 0.812 0.814 0.816 0.818 0.82 0.822 0.824 0.826 0.828 0.83 0.832 0.834 0.836 0.838 0.84 0.842 0.844 0.846 0.848 0.85 0.852 0.854 0.856 0.858 0.86 0.862 0.864 0.866 0.868 0.87 0.872 0.874 0.876 0.878 0.88 0.882 0.884 0.886 0.888 0.89 0.892 0.894 0.896 0.898 0.9 0.902 0.904 0.906 0.908 0.91 0.912 0.914 0.916 0.918 0.92 0.922 0.924 0.926 0.928 0.93 0.932 0.934 0.936 0.938 0.94 0.942 0.944 0.946 0.948 0.95 0.952 0.954 0.956 0.958 0.96 0.962 0.964 0.966 0.968 0.97 0.972 0.974 0.976 0.978 0.98 0.982 0.984 0.986 0.988 0.99 0.992 0.994 0.996 0.998 1 1.002 1.004 1.006 1.008 1.01 1.012 1.014 1.016 1.018 1.02 1.022 1.024 1.026 1.028 1.03 1.032 1.034 1.036 1.038 1.04 1.042 1.044 1.046 1.048 1.05 1.052 1.054 1.056 1.058 1.06 1.062 1.064 1.066 1.068 1.07 1.072 1.074 1.076 1.078 1.08 1.082 1.084 1.086 1.088 1.09 1.092 1.094 1.096 1.098 1.1 1.102 1.104 1.106 1.108 1.11 1.112 1.114 1.116 1.118 1.12 1.122 1.124 1.126 1.128 1.13 1.132 1.134 1.136 1.138 1.14 1.142 1.144 1.146 1.148 1.15 1.152 1.154 1.156 1.158 1.16 1.162 1.164 1.166 1.168 1.17 1.172 1.174 1.176 1.178 1.18 1.182 1.184 1.186 1.188 1.19 1.192 1.194 1.196 1.198 1.2 1.202 1.204 1.206 1.208 1.21 1.212 1.214 1.216 1.218 1.22 1.222 1.224 1.226 1.228 1.23 1.232 1.234 1.236 1.238 1.24 1.242 1.244 1.246 1.248 1.25 1.252 1.254 1.256 1.258 1.26 1.262 1.264 1.266 1.268 1.27 1.272 1.274 1.276 1.278 1.28 1.282 1.284 1.286 1.288 1.29 1.292 1.294 1.296 1.298 1.3 1.302 1.304 1.306 1.308 1.31 1.312 1.314 1.316 1.318 1.32 1.322 1.324 1.326 1.328 1.33 1.332 1.334 1.336 1.338 1.34 1.342 1.344 1.346 1.348 1.35 1.352 1.354 1.356 1.358 1.36 1.362 1.364 1.366 1.368 1.37 1.372 1.374 1.376 1.378 1.38 1.382 1.384 1.386 1.388 1.39 1.392 1.394 1.396 1.398 1.4 1.402 1.404 1.406 1.408 1.41 1.412 1.414 1.416 1.418 1.42 1.422 1.424 1.426 1.428 1.43 1.432 1.434 1.436 1.438 1.44 1.442 1.444 1.446 1.448 1.45 1.452 1.454 1.456 1.458 1.46 1.462 1.464 1.466 1.468 1.47 1.472 1.474 1.476 1.478 1.48 1.482 1.484 1.486 1.488 1.49 1.492 1.494 1.496 1.498 1.5 1.502 1.504 1.506 1.508 1.51 1.512 1.514 1.516 1.518 1.52 1.522 1.524 1.526 1.528 1.53 1.532 1.534 1.536 1.538 1.54 1.542 1.544 1.546 1.548 1.55 1.552 1.554 1.556 1.558 1.56 1.562 1.564 1.566 1.568 1.57 1.572 1.574 1.576 1.578 1.58 1.582 1.584 1.586 1.588 1.59 1.592 1.594 1.596 1.598 1.6 1.602 1.604 1.606 1.608 1.61 1.612 1.614 1.616 1.618 1.62 1.622 1.624 1.626 1.628 1.63 1.632 1.634 1.636 1.638 1.64 1.642 1.644 1.646 1.648 1.65 1.652 1.654 1.656 1.658 1.66 1.662 1.664 1.666 1.668 1.67 1.672 1.674 1.676 1.678 1.68 1.682 1.684 1.686 1.688 1.69 1.692 1.694 1.696 1.698 1.7 1.702 1.704 1.706 1.708 1.71 1.712 1.714 1.716 1.718 1.72 1.722 1.724 1.726 1.728 1.73 1.732 1.734 1.736 1.738 1.74 1.742 1.744 1.746 1.748 1.75 1.752 1.754 1.756 1.758 1.76 1.762 1.764 1.766 1.768 1.77 1.772 1.774 1.776 1.778 1.78 1.782 1.784 1.786 1.788 1.79 1.792 1.794 1.796 1.798 1.8
1 0.3 0.4 0.5 0.6 0.7
0 0 0 0 0
0 0 0 0 0
0 0 0 0 0
0 0 0 0 0
0 0 0 0 0
-1.83176e-07 0 0.000572423 0 0
-3.46559e-05 0 6.14444e-05 0 0
1.81627e-06 0 -7.70194e-06 0 0
9.21462e-06 0 -1.34921e-05 0 0
2.51731e-06 0 1.44725e-06 0 0
-1.22311e-06 0 0.00175482 0 0
-9.71688e-05 0 0.000187797 0 0
5.62904e-06 0 -2.38204e-05 0 0
2.6173e-05 0 -4.18037e-05 0 0
7.76041e-06 0 4.43031e-06 0 0
-6.1662e-06 0 0.00402432 0 0
-0.000224807 0 0.000473694 0 0
7.13046e-06 0 -2.74433e-05 0 0
4.46227e-05 0 -7.97187e-05 0 0
1.55905e-05 0 9.75517e-06 0 0
-2.65001e-05 0 0.00807207 0 0
-0.00046446 0 0.00105685 0 0
8.74949e-07 0 8.28135e-06 0 0
5.87892e-05 0 -0.000121143 0 0
2.58469e-05 0 1.9299e-05 0 0
-9.96639e-05 0 0.0147742 0 0
-0.000861607 0 0.00210666 0 0
-1.77472e-05 0 0.000107204 0 0
6.73361e-05 0 -0.000163588 0 0
3.87397e-05 0 3.67596e-05 0 0
-0.000331168 0 0.0252326 0 0
-0.00146327 0 0.00383969 0 0
-5.34107e-05 0 0.000294165 0 0
7.25604e-05 0 -0.000207125 0 0
5.47431e-05 0 6.76431e-05 0 0
-0.000977992 0 0.0408546 0 0
-0.00232962 0 0.00655412 0 0
-0.000113992 0 0.000608828 0 0
7.64555e-05 0 -0.000249073 0 0
7.41099e-05 0 0.000118551 0 0
-0.00258074 0 0.0633724 0 0
-0.00353863 0 0.0106517 0 0
-0.000212552 0 0.00111395 0 0
7.92314e-05 0 -0.00028113 0 0
9.65794e-05 0 0.000196629 0 0
-0.00612049 0 0.0948052 0 0
-0.0051848 0 0.0166448 0 0
-0.000367875 0 0.00189718 0 0
7.94674e-05 0 -0.000287867 0 0
0.000121069 0 0.000309745 0 0
-0.0131286 0 0.137361 0 0
-0.00737441 0 0.0251505 0 0
-0.000603968 0 0.00306802 0 0
7.50483e-05 0 -0.00024634 0 0
0.00014537 0 0.000466998 0 0
-0.025645 0 0.193297 0 0
-0.0102229 0 0.0368808 0 0
-0.000949998 0 0.0047562 0 0
6.3147e-05 0 -0.000125663 0 0
0.000165935 0 0.000678397 0 0
-0.0459441 0 0.264739 0 0
-0.0138533 0 0.0526251 0 0
-0.00144007 0 0.00710904 0 0
4.02106e-05 0 0.000112002 0 0
0.000177835 0 0.000954011 0 0
-0.076036 0 0.353473 0 0
-0.0183945 0 0.0732232 0 0
-0.0021126 0 0.0102872 0 0
1.99336e-06 0 0.000508952 0 0
0.000174969 0 0.0013027 0 0
-0.117073 0 0.460714 0 0
-0.0239769 0 0.099526 0 0
-0.00300915 0 0.014458 0 0
-5.64035e-05 0 0.00110842 0 0
0.00015053 0 0.00173074 0 0
-0.168873 0 0.586888 0 0
-0.0307272 0 0.132349 0 0
-0.0041727 0 0.0197879 0 0
-0.000140289 0 0.00195011 0 0
9.77751e-05 0 0.0022402 0 0
-0.229761 0 0.731458 0 0
-0.0387617 0 0.17242 0 0
-0.00564598 0 0.0264351 0 0
-0.000255037 0 0.00306553 0 0
1.10153e-05 0 0.00282746 0 0
-0.29681 0 0.892819 0 0
-0.0481794 0 0.220333 0 0
-0.00746977 0 0.0345454 0 0
-0.000405854 0 0.00447443 0 0
-0.000113358 0 0.00348228 0 0
-0.366384 0 1.06829 0 0
-0.0590558 0 0.276504 0 0
-0.00968168 0 0.0442496 0 0
-0.000597679 0 0.00618314 0 0
-0.000275925 0 0.00418748 0 0
-0.434771 0 1.25421 0 0
-0.0714373 0 0.341138 0 0
-0.0123155 0 0.055666 0 0
-0.000835189 0 0.00818536 0 0
-0.000473562 0 0.00491954 0 0
-0.498686 0 1.44609 0 0
-0.0853353 0 0.414209 0 0
-0.0154008 0 0.0689044 0 0
-0.00112276 0 0.0104654 0 0
-0.000699217 0 0.00565031 0 0
-0.555556 0 1.63893 0 0
-0.100722 0 0.495447 0 0
-0.0189631 0 0.0840718 0 0
-0.00146459 0 0.0130032 0 0
-0.00094223 0 0.00634965 0 0
-0.603579 0 1.82744 0 0
-0.117529 0 0.584342 0 0
-0.0230243 0 0.101278 0 0
-0.00186487 0 0.015781 0 0
-0.00118917 0 0.00698864 0 0
-0.641665 0 2.00645 0 0
-0.135643 0 0.680149 0 0
-0.0276024 0 0.12064 0 0
-0.00232803 0 0.018789 0 0
-0.00142514 0 0.00754301 0 0
-0.669308 0 2.17114 0 0
-0.154911 0 0.781912 0 0
-0.0327119 0 0.142281 0 0
-0.00285885 0 0.02203 0 0
-0.00163538 0 0.0079962 0 0
-0.68648 0 2.31733 0 0
-0.175136 0 0.888481 0 0
-0.0383633 0 0.166329 0 0
-0.00346254 0 0.0255222 0 0
-0.00180691 0 0.00834177 0 0
-0.693547 0 2.44171 0 0
-0.196089 0 0.998546 0 0
-0.0445624 0 0.192911 0 0
-0.00414482 0 0.0292989 0 0
-0.00193004 0 0.00858454 0 0
-0.691212 0 2.54188 0 0
-0.217509 0 1.11067 0 0
-0.0513091 0 0.222141 0 0
-0.004912 0 0.0334064 0 0
-0.00199938 0 0.00874043 0 0
-0.680445 0 2.61646 0 0
-0.239111 0 1.22331 0 0
-0.0585961 0 0.254112 0 0
-0.00577114 0 0.0379005 0 0
-0.00201435 0 0.00883518 0 0
-0.66241 0 2.66506 0 0
-0.260594 0 1.33489 0 0
-0.066408 0 0.288887 0 0
-0.00672995 0 0.042842 0 0
-0.00197908 0 0.00890191 0 0
-0.638366 0 2.68815 0 0
-0.281649 0 1.44382 0 0
-0.07472 0 0.326484 0 0
-0.00779651 0 0.0482926 0 0
-0.00190186 0 0.00897816 0 0
-0.609584 0 2.68701 0 0
-0.301968 0 1.54854 0 0
-0.0834974 0 0.366876 0 0
-0.00897883 0 0.054312 0 0
-0.00179412 0 0.00910266 0 0
-0.577284 0 2.66353 0 0
-0.321249 0 1.64758 0 0
-0.0926953 0 0.409979 0 0
-0.0102845 0 0.0609563 0 0
-0.00166919 0 0.00931238 0 0
-0.54259 0 2.62007 0 0
-0.339211 0 1.73958 0 0
-0.102258 0 0.455652 0 0
-0.0117204 0 0.0682768 0 0
-0.001541 0 0.00963998 0 0
-0.506503 0 2.55928 0 0
-0.355592 0 1.82337 0 0
-0.112121 0 0.503698 0 0
-0.0132922 0 0.0763204 0 0
-0.00142295 0 0.0101121 0 0
-0.469891 0 2.48397 0 0
-0.370164 0 1.89793 0 0
-0.122208 0 0.553863 0 0
-0.0150045 0 0.0851307 0 0
-0.00132695 0 0.0107486 0 0
-0.433478 0 2.39699 0 0
-0.382733 0 1.9625 0 0
-0.132436 0 0.605839 0 0
-0.0168603 0 0.094748 0 0
-0.0012628 0 0.0115623 0 0
-0.397849 0 2.30109 0 0
-0.393144 0 2.01651 0 0
-0.142715 0 0.659272 0 0
-0.018861 0 0.10521 0 0
-0.00123788 0 0.01256 0 0
-0.363449 0 2.19884 0 0
-0.401284 0 2.05964 0 0
-0.152947 0 0.713768 0 0
-0.0210066 0 0.116551 0 0
-0.00125717 0 0.0137435 0 0
-0.330606 0 2.0926 0 0
-0.407086 0 2.09181 0 0
-0.163032 0 0.768899 0 0
-0.0232954 0 0.128804 0 0
-0.00132343 0 0.0151112 0 0
-0.299546 0 1.98444 0 0
-0.410523 0 2.11313 0 0
-0.172865 0 0.824215 0 0
-0.0257243 0 0.141993 0 0
-0.00143764 0 0.0166601 0 0
-0.270409 0 1.87614 0 0
-0.411614 0 2.12392 0 0
-0.182343 0 0.87925 0 0
-0.0282887 0 0.15614 0 0
-0.00159941 0 0.0183869 0 0
-0.24327 0 1.7692 0 0
-0.410416 0 2.12468 0 0
-0.191364 0 0.933541 0 0
-0.0309827 0 0.171257 0 0
-0.0018074 0 0.0202897 0 0
-0.218147 0 1.66483 0 0
-0.407022 0 2.11602 0 0
-0.199831 0 0.986626 0 0
-0.0337993 0 0.187347 0 0
-0.00205975 0 0.022369 0 0
-0.19501 0 1.56397 0 0
-0.401557 0 2.09871 0 0
-0.207654 0 1.03806 0 0
-0.0367303 0 0.204403 0 0
-0.00235433 0 0.0246277 0 0
-0.173793 0 1.46734 0 0
-0.394176 0 2.07355 0 0
-0.214751 0 1.08744 0 0
-0.0397665 0 0.222407 0 0
-0.00268899 0 0.027072 0 0
-0.154405 0 1.37542 0 0
-0.385051 0 2.04142 0 0
-0.22105 0 1.13438 0 0
-0.0428976 0 0.241332 0 0
-0.00306166 0 0.0297108 0 0
-0.136738 0 1.28854 0 0
-0.374375 0 2.00322 0 0
-0.226493 0 1.17854 0 0
-0.0461122 0 0.261139 0 0
-0.00347042 0 0.0325551 0 0
-0.120684 0 1.20687 0 0
-0.362348 0 1.95985 0 0
-0.231034 0 1.21963 0 0
-0.0493977 0 0.281779 0 0
-0.00391358 0 0.035618 0 0
-0.106137 0 1.13044 0 0
-0.349177 0 1.91218 0 0
-0.234641 0 1.2574 0 0
-0.0527405 0 0.303193 0 0
-0.00438971 0 0.0389136 0 0
-0.092991 0 1.05921 0 0
-0.335068 0 1.86106 0 0
-0.237295 0 1.29168 0 0
-0.0561254 0 0.325315 0 0
-0.00489762 0 0.0424567 0 0
-0.0811409 0 0.993053 0 0
-0.320223 0 1.80726 0 0
-0.238991 0 1.32231 0 0
-0.0595365 0 0.348073 0 0
-0.00543644 0 0.0462621 0 0
-0.0704805 0 0.931775 0 0
-0.304837 0 1.75151 0 0
-0.239737 0 1.34922 0 0
-0.0629564 0 0.371386 0 0
-0.0060056 0 0.0503442 0 0
-0.0609065 0 0.875161 0 0
-0.289093 0 1.69447 0 0
-0.239554 0 1.37236 0 0
-0.0663676 0 0.395171 0 0
-0.00660482 0 0.054717 0 0
-0.0523239 0 0.82296 0 0
-0.273162 0 1.63673 0 0
-0.238471 0 1.39174 0 0
-0.0697516 0 0.419337 0 0
-0.00723407 0 0.0593935 0 0
-0.0446508 0 0.774912 0 0
-0.257198 0 1.57881 0 0
-0.23653 0 1.40743 0 0
-0.0730895 0 0.443794 0 0
-0.00789348 0 0.0643855 0 0
-0.0378175 0 0.730746 0 0
-0.241339 0 1.52115 0 0
-0.233779 0 1.41949 0 0
-0.0763617 0 0.468446 0 0
-0.00858326 0 0.0697042 0 0
-0.0317622 0 0.690195 0 0
-0.225708 0 1.46414 0 0
-0.230274 0 1.42806 0 0
-0.0795486 0 0.493199 0 0
-0.0093036 0 0.0753592 0 0
-0.0264239 0 0.652992 0 0
-0.210407 0 1.40809 0 0
-0.226076 0 1.43328 0 0
-0.0826308 0 0.517956 0 0
-0.0100546 0 0.0813596 0 0
-0.0217365 0 0.618884 0 0
-0.195526 0 1.35328 0 0
-0.221253 0 1.43532 0 0
-0.0855895 0 0.542623 0 0
-0.0108364 0 0.0877127 0 0
-0.017629 0 0.587625 0 0
-0.181138 0 1.2999 0 0
-0.215872 0 1.43437 0 0
-0.0884068 0 0.567106 0 0
-0.0116487 0 0.0944253 0 0
-0.0140302 0 0.558984 0 0
-0.1673 0 1.24812 0 0
-0.210003 0 1.43061 0 0
-0.0910656 0 0.591314 0 0
-0.0124912 0 0.101502 0 0
-0.010877 0 0.532744 0 0
-0.154056 0 1.19808 0 0
-0.203716 0 1.42426 0 0
-0.0935501 0 0.615163 0 0
-0.0133633 0 0.108947 0 0
-0.00811942 0 0.508701 0 0
-0.141437 0 1.14984 0 0
-0.197079 0 1.41551 0 0
-0.0958457 0 0.638568 0 0
-0.0142644 0 0.116761 0 0
-0.00572099 0 0.486666 0 0
-0.129466 0 1.10347 0 0
-0.190157 0 1.40458 0 0
-0.0979395 0 0.661454 0 0
-0.0151932 0 0.124944 0 0
-0.00365268 0 0.466466 0 0
-0.118152 0 1.05901 0 0
-0.183011 0 1.39166 0 0
-0.0998199 0 0.683749 0 0
-0.0161485 0 0.133493 0 0
-0.00188502 0 0.447941 0 0
-0.107499 0 1.01646 0 0
-0.175699 0 1.37696 0 0
-0.101477 0 0.705388 0 0
-0.0171284 0 0.142402 0 0
-0.000383457 0 0.430943 0 0
-0.0975036 0 0.975806 0 0
-0.168273 0 1.36065 0 0
-0.102904 0 0.726311 0 0
-0.0181307 0 0.151665 0 0
0.000890592 0 0.415339 0 0
-0.0881551 0 0.937033 0 0
-0.160781 0 1.34293 0 0
-0.104095 0 0.746468 0 0
-0.0191525 0 0.16127 0 0
0.0019742 0 0.401007 0 0
-0.0794386 0 0.9001 0 0
-0.153267 0 1.32396 0 0
-0.105045 0 0.765811 0 0
-0.0201904 0 0.171204 0 0
0.00289677 0 0.387834 0 0
-0.0713354 0 0.864963 0 0
-0.145771 0 1.30391 0 0
-0.105754 0 0.784301 0 0
-0.0212401 0 0.181452 0 0
0.00367695 0 0.375719 0 0
-0.0638241 0 0.831565 0 0
-0.138329 0 1.28293 0 0
-0.10622 0 0.801904 0 0
-0.0222969 0 0.191998 0 0
0.00432391 0 0.364568 0 0
-0.0568806 0 0.799848 0 0
-0.130973 0 1.26116 0 0
-0.106447 0 0.818594 0 0
-0.0233556 0 0.202823 0 0
0.00484188 0 0.354298 0 0
-0.0504799 0 0.769748 0 0
-0.123732 0 1.23874 0 0
-0.106436 0 0.834347 0 0
-0.0244107 0 0.213909 0 0
0.00523517 0 0.34483 0 0
-0.0445952 0 0.741198 0 0
-0.116633 0 1.21579 0 0
-0.106194 0 0.849146 0 0
-0.0254566 0 0.225238 0 0
0.00551111 0 0.336093 0 0
-0.0391993 0 0.71413 0 0
-0.109698 0 1.19242 0 0
-0.105727 0 0.862979 0 0
-0.0264881 0 0.23679 0 0
0.00567985 0 0.328024 0 0
-0.0342649 0 0.688478 0 0
-0.102945 0 1.16874 0 0
-0.105043 0 0.875836 0 0
-0.0275002 0 0.248547 0 0
0.00575223 0 0.320562 0 0
-0.0297648 0 0.664175 0 0
-0.0963919 0 1.14483 0 0
-0.104151 0 0.887714 0 0
-0.0284886 0 0.260492 0 0
0.00573806 0 0.313655 0 0
-0.025672 0 0.641155 0 0
-0.0900503 0 1.12079 0 0
-0.10306 0 0.898612 0 0
-0.0294496 0 0.272607 0 0
0.00564673 0 0.307254 0 0
-0.0219601 0 0.619355 0 0
-0.0839302 0 1.0967 0 0
-0.101782 0 0.90853 0 0
-0.0303801 0 0.284876 0 0
0.00548951 0 0.301313 0 0
-0.0186033 0 0.598715 0 0
-0.0780384 0 1.07261 0 0
-0.100327 0 0.917475 0 0
-0.0312775 0 0.297281 0 0
0.00528098 0 0.295792 0 0
-0.0155766 0 0.579174 0 0
-0.0723796 0 1.04859 0 0
-0.0987062 0 0.925452 0 0
-0.0321397 0 0.309807 0 0
0.0050375 0 0.290653 0 0
-0.0128559 0 0.560675 0 0
-0.0669564 0 1.02471 0 0
-0.0969323 0 0.93247 0 0
-0.0329648 0 0.322435 0 0
0.00477296 0 0.285863 0 0
-0.0104184 0 0.543166 0 0
-0.06177 0 1.001 0 0
-0.095017 0 0.938543 0 0
-0.0337511 0 0.335149 0 0
0.00449509 0 0.281391 0 0
-0.00824242 0 0.526592 0 0
-0.0568203 0 0.977509 0 0
-0.0929721 0 0.943681 0 0
-0.034497 0 0.347932 0 0
0.00420547 0 0.277206 0 0
-0.00630762 0 0.510903 0 0
-0.0521062 0 0.954283 0 0
-0.0908096 0 0.947898 0 0
-0.0352009 0 0.360766 0 0
0.00390351 0 0.273285 0 0
-0.00459483 0 0.496052 0 0
-0.0476259 0 0.931351 0 0
-0.0885417 0 0.951212 0 0
-0.0358614 0 0.373631 0 0
0.00359107 0 0.269603 0 0
-0.00308612 0 0.481993 0 0
-0.0433769 0 0.908746 0 0
-0.0861801 0 0.953636 0 0
-0.0364768 0 0.38651 0 0
0.00327371 0 0.266138 0 0
-0.00176477 0 0.468681 0 0
-0.0393558 0 0.886493 0 0
-0.0837367 0 0.955189 0 0
-0.0370458 0 0.399381 0 0
0.00295745 0 0.26287 0 0
-0.000615182 0 0.456076 0 0
-0.0355582 0 0.864617 0 0
-0.0812229 0 0.95589 0 0
-0.037567 0 0.412226 0 0
0.00264399 0 0.259783 0 0
0.000377165 0 0.444136 0 0
-0.0319793 0 0.843137 0 0
-0.0786495 0 0.955757 0 0
-0.0380393 0 0.425022 0 0
0.00232844 0 0.256859 0 0
0.00122567 0 0.432826 0 0
-0.0286132 0 0.82207 0 0
-0.0760275 0 0.954812 0 0
-0.0384614 0 0.437748 0 0
0.00200181 0 0.254084 0 0
0.00194267 0 0.422108 0 0
-0.0254532 0 0.801432 0 0
-0.0733673 0 0.953076 0 0
-0.0388326 0 0.450383 0 0
0.00165638 0 0.251442 0 0
0.00253953 0 0.411949 0 0
-0.0224925 0 0.781232 0 0
-0.0706792 0 0.950572 0 0
-0.039152 0 0.462905 0 0
0.00129011 0 0.248921 0 0
0.00302686 0 0.402317 0 0
-0.0197235 0 0.761481 0 0
-0.0679729 0 0.947327 0 0
-0.0394191 0 0.475293 0 0
0.000907484 0 0.246509 0 0
0.00341454 0 0.393181 0 0
-0.0171386 0 0.742186 0 0
-0.0652576 0 0.943365 0 0
-0.0396335 0 0.487523 0 0
0.000516773 0 0.244194 0 0
0.00371187 0 0.384514 0 0
-0.0147302 0 0.723352 0 0
-0.0625417 0 0.938714 0 0
-0.0397952 0 0.499575 0 0
0.000126322 0 0.241965 0 0
0.00392755 0 0.376288 0 0
-0.0124907 0 0.704983 0 0
-0.0598332 0 0.933403 0 0
-0.039904 0 0.511427 0 0
-0.000257603 0 0.239813 0 0
0.00406972 0 0.36848 0 0
-0.0104128 0 0.687083 0 0
-0.0571398 0 0.927461 0 0
-0.0399602 0 0.523058 0 0
-0.000630447 0 0.237727 0 0
0.00414601 0 0.361065 0 0
-0.00848977 0 0.669651 0 0
-0.0544685 0 0.920919 0 0
-0.0399642 0 0.534446 0 0
-0.000987386 0 0.235699 0 0
0.00416352 0 0.354022 0 0
-0.00671497 0 0.65269 0 0
-0.0518258 0 0.913806 0 0
-0.0399164 0 0.545571 0 0
-0.00132175 0 0.233722 0 0
0.00412887 0 0.347329 0 0
-0.0050823 0 0.636199 0 0
-0.0492178 0 0.906154 0 0
-0.0398175 0 0.556413 0 0
-0.00162559 0 0.231788 0 0
0.00404819 0 0.340964 0 0
-0.00358598 0 0.620176 0 0
-0.0466497 0 0.897993 0 0
-0.0396685 0 0.566953 0 0
-0.00189268 0 0.229891 0 0
0.00392719 0 0.334909 0 0
-0.00222047 0 0.604621 0 0
-0.0441265 0 0.889355 0 0
-0.0394701 0 0.577173 0 0
-0.00212255 0 0.228027 0 0
0.00377117 0 0.329143 0 0
-0.000980393 0 0.589529 0 0
-0.0416523 0 0.880268 0 0
-0.0392237 0 0.587056 0 0
-0.00232278 0 0.22619 0 0
0.00358505 0 0.323648 0 0
0.000139658 0 0.574897 0 0
-0.0392308 0 0.870764 0 0
-0.0389304 0 0.596587 0 0
-0.00250769 0 0.224378 0 0
0.00337325 0 0.318404 0 0
0.00114527 0 0.560718 0 0
-0.0368654 0 0.860872 0 0
-0.0385915 0 0.605751 0 0
-0.00269352 0 0.22259 0 0
0.00313969 0 0.313396 0 0
0.0020423 0 0.546987 0 0
-0.034559 0 0.850622 0 0
-0.0382086 0 0.614535 0 0
-0.00289258 0 0.220822 0 0
0.00288779 0 0.308606 0 0
0.00283691 0 0.533696 0 0
-0.0323142 0 0.840043 0 0
-0.0377831 0 0.622927 0 0
-0.00310954 0 0.219075 0 0
0.00262061 0 0.304021 0 0
0.00353548 0 0.520838 0 0
-0.0301332 0 0.829165 0 0
-0.0373168 0 0.630915 0 0
-0.0033416 0 0.217348 0 0
0.00234093 0 0.299626 0 0
0.00414446 0 0.508404 0 0
-0.0280178 0 0.818018 0 0
-0.0368113 0 0.638488 0 0
-0.00358167 0 0.215641 0 0
0.0020513 0 0.295411 0 0
0.00467016 0 0.496386 0 0
-0.0259696 0 0.80663 0 0
-0.0362685 0 0.645636 0 0
-0.0038223 0 0.213952 0 0
0.00175405 0 0.291365 0 0
0.0051186 0 0.484775 0 0
-0.0239897 0 0.795032 0 0
-0.0356901 0 0.652352 0 0
-0.00405822 0 0.212283 0 0
0.00145129 0 0.287477 0 0
0.00549535 0 0.473561 0 0
-0.0220792 0 0.783251 0 0
-0.0350782 0 0.658626 0 0
-0.00428685 0 0.210631 0 0
0.00114498 0 0.283739 0 0
0.00580555 0 0.462737 0 0
-0.0202388 0 0.771317 0 0
-0.0344346 0 0.664452 0 0
-0.00450752 0 0.208995 0 0
0.00083698 0 0.280142 0 0
0.00605388 0 0.452292 0 0
-0.018469 0 0.759255 0 0
-0.0337614 0 0.669825 0 0
-0.00472034 0 0.207373 0 0
0.000529007 0 0.276677 0 0
0.00624468 0 0.442218 0 0
-0.0167703 0 0.747093 0 0
-0.0330604 0 0.674741 0 0
-0.00492556 0 0.205763 0 0
0.000222684 0 0.273337 0 0
0.00638217 0 0.432505 0 0
-0.0151426 0 0.734855 0 0
-0.0323338 0 0.679196 0 0
-0.00512335 0 0.204165 0 0
-8.05008e-05 0 0.270112 0 0
0.00647053 0 0.423144 0 0
-0.0135861 0 0.722566 0 0
-0.0315834 0 0.683188 0 0
-0.00531386 0 0.202575 0 0
-0.000379225 0 0.266995 0 0
0.00651403 0 0.414124 0 0
-0.0121004 0 0.710248 0 0
-0.0308114 0 0.686718 0 0
-0.00549723 0 0.200991 0 0
-0.000672358 0 0.263978 0 0
0.00651699 0 0.405437 0 0
-0.0106853 0 0.697925 0 0
-0.0300196 0 0.689786 0 0
-0.00567357 0 0.199414 0 0
-0.000958995 0 0.261053 0 0
0.0064837 0 0.397071 0 0
-0.00934038 0 0.685615 0 0
-0.0292101 0 0.692392 0 0
-0.00584294 0 0.197841 0 0
-0.00123847 0 0.258213 0 0
0.00641828 0 0.389017 0 0
-0.00806499 0 0.67334 0 0
-0.0283848 0 0.694539 0 0
-0.00600546 0 0.196271 0 0
-0.00151039 0 0.255451 0 0
0.00632441 0 0.381264 0 0
-0.00685848 0 0.661118 0 0
-0.0275455 0 0.696228 0 0
-0.00616129 0 0.194704 0 0
-0.00177457 0 0.25276 0 0
0.00620523 0 0.3738 0 0
-0.00572008 0 0.648966 0 0
-0.0266942 0 0.697464 0 0
-0.00631032 0 0.193138 0 0
-0.0020311 0 0.250136 0 0
0.00606321 0 0.366615 0 0
-0.00464892 0 0.636902 0 0
-0.0258326 0 0.698251 0 0
-0.00645132 0 0.191575 0 0
-0.0022802 0 0.247573 0 0
0.00590018 0 0.359697 0 0
-0.00364404 0 0.624939 0 0
-0.0249625 0 0.698592 0 0
-0.00658082 0 0.190012 0 0
-0.00252226 0 0.245067 0 0
0.00571742 0 0.353035 0 0
-0.00270435 0 0.613095 0 0
-0.0240857 0 0.698494 0 0
-0.0066926 0 0.18845 0 0
-0.00275775 0 0.242613 0 0
0.00551585 0 0.346617 0 0
-0.00182863 0 0.601381 0 0
-0.0232039 0 0.697964 0 0
-0.00677878 0 0.18689 0 0
-0.00298712 0 0.240207 0 0
0.00529625 0 0.340434 0 0
-0.00101553 0 0.58981 0 0
-0.0223186 0 0.69701 0 0
-0.00683287 0 0.18533 0 0
-0.00321083 0 0.237847 0 0
0.00505948 0 0.334475 0 0
-0.000263556 0 0.578394 0 0
-0.0214315 0 0.695641 0 0
-0.00685379 0 0.18377 0 0
-0.00342923 0 0.235528 0 0
0.00480665 0 0.328729 0 0
0.000428966 0 0.567141 0 0
-0.0205441 0 0.693866 0 0
-0.00684842 0 0.182212 0 0
-0.0036426 0 0.233248 0 0
0.00453921 0 0.323187 0 0
0.00106385 0 0.556062 0 0
-0.019658 0 0.691696 0 0
-0.00683053 0 0.180654 0 0
-0.00385108 0 0.231004 0 0
0.00425893 0 0.31784 0 0
0.00164304 0 0.545163 0 0
-0.0187744 0 0.689144 0 0
-0.00681631 0 0.179097 0 0
-0.00405475 0 0.228793 0 0
0.00396789 0 0.312678 0 0
0.00216864 0 0.53445 0 0
-0.0178949 0 0.686221 0 0
-0.00681843 0 0.177541 0 0
-0.00425361 0 0.226612 0 0
0.00366832 0 0.307692 0 0
0.00264283 0 0.523929 0 0
-0.0170207 0 0.682939 0 0
-0.00684208 0 0.175986 0 0
-0.00444753 0 0.224457 0 0
0.00336252 0 0.302874 0 0
0.00306785 0 0.513605 0 0
-0.0161531 0 0.679312 0 0
-0.00688479 0 0.174432 0 0
-0.00463623 0 0.222328 0 0
0.00305271 0 0.298216 0 0
0.003446 0 0.50348 0 0
-0.0152934 0 0.675352 0 0
-0.00693944 0 0.172879 0 0
-0.00481933 0 0.220221 0 0
0.00274093 0 0.29371 0 0
0.00377959 0 0.493559 0 0
-0.0144426 0 0.671073 0 0
-0.00699825 0 0.171326 0 0
-0.00499647 0 0.218135 0 0
0.00242902 0 0.289348 0 0
0.0040709 0 0.483842 0 0
-0.013602 0 0.666487 0 0
-0.00705559 0 0.169774 0 0
-0.00516734 0 0.216067 0 0
0.00211855 0 0.285124 0 0
0.00432219 0 0.474334 0 0
-0.0127727 0 0.661607 0 0
-0.00710859 0 0.168222 0 0
-0.00533174 0 0.214017 0 0
0.00181086 0 0.281029 0 0
0.00453564 0 0.465033 0 0
-0.0119556 0 0.656447 0 0
-0.00715642 0 0.166669 0 0
-0.00548944 0 0.211985 0 0
0.00150705 0 0.277058 0 0
0.00471339 0 0.455942 0 0
-0.0111518 0 0.651021 0 0
-0.00719913 0 0.165115 0 0
-0.00564019 0 0.209971 0 0
0.00120801 0 0.273204 0 0
0.00485749 0 0.447061 0 0
-0.0103622 0 0.645342 0 0
-0.00723692 0 0.163559 0 0
-0.00578369 0 0.207976 0 0
0.000914479 0 0.269461 0 0
0.00496994 0 0.438389 0 0
-0.00958781 0 0.639425 0 0
-0.0072699 0 0.162002 0 0
-0.00591963 0 0.206 0 0
0.000627038 0 0.265824 0 0
0.00505264 0 0.429926 0 0
-0.00882941 0 0.633285 0 0
-0.00729813 0 0.160442 0 0
-0.00604769 0 0.204046 0 0
0.000346158 0 0.262287 0 0
0.00510744 0 0.42167 0 0
-0.00808784 0 0.626936 0 0
-0.00732174 0 0.158882 0 0
-0.00616762 0 0.202115 0 0
7.22109e-05 0 0.258844 0 0
0.0051361 0 0.413621 0 0
-0.00736386 0 0.620393 0 0
-0.00734092 0 0.157322 0 0
-0.00627913 0 0.200207 0 0
-0.000194517 0 0.255492 0 0
0.00514036 0 0.405774 0 0
-0.00665818 0 0.613672 0 0
-0.0073559 0 0.155763 0 0
-0.00638199 0 0.198324 0 0
-0.000453809 0 0.252225 0 0
0.00512186 0 0.39813 0 0
-0.00597147 0 0.606787 0 0
0 0 0 0 0
-0.00647604 0 0.196465 0 0
-0.000705514 0 0.24904 0 0
0.00508219 0 0.390684 0 0
-0.00530435 0 0.599755 0 0
0 0 0 0 0
-0.00656118 0 0.19463 0 0
-0.00094954 0 0.245932 0 0
0.00502292 0 0.383433 0 0
-0.00465734 0 0.59259 0 0
0 0 0 0 0
-0.00663743 0 0.192818 0 0
-0.00118585 0 0.242897 0 0
0.00494554 0 0.376375 0 0
-0.00403097 0 0.585307 0 0
0 0 0 0 0
-0.00670496 0 0.191029 0 0
-0.00141447 0 0.239932 0 0
0.00485151 0 0.369505 0 0
-0.00342566 0 0.577921 0 0
0 0 0 0 0
-0.00676411 0 0.18926 0 0
-0.00163545 0 0.237033 0 0
0.00474224 0 0.36282 0 0
-0.00284179 0 0.570447 0 0
0 0 0 0 0
-0.00681536 0 0.187511 0 0
-0.00184886 0 0.234196 0 0
0.00461905 0 0.356315 0 0
-0.00227969 0 0.562897 0 0
0 0 0 0 0
-0.00685937 0 0.18578 0 0
-0.00205478 0 0.231417 0 0
0.0044832 0 0.349987 0 0
-0.00173964 0 0.555287 0 0
0 0 0 0 0
-0.00689694 0 0.184067 0 0
-0.00225332 0 0.228695 0 0
0.00433597 0 0.343831 0 0
-0.00122182 0 0.547628 0 0
0 0 0 0 0
-0.00692899 0 0.18237 0 0
-0.00244458 0 0.226024 0 0
0.00417864 0 0.337842 0 0
-0.000726401 0 0.539935 0 0
0 0 0 0 0
-0.0069565 0 0.180688 0 0
-0.00262866 0 0.223403 0 0
0.00401255 0 0.332016 0 0
-0.000253476 0 0.532218 0 0
0 0 0 0 0
-0.0069805 0 0.179022 0 0
-0.00280563 0 0.220828 0 0
0.003839 0 0.326349 0 0
0.000196914 0 0.52449 0 0
0 0 0 0 0
-0.00700194 0 0.17737 0 0
-0.00297546 0 0.218298 0 0
0.00365917 0 0.320836 0 0
0.000624781 0 0.516761 0 0
0 0 0 0 0
-0.00702173 0 0.175732 0 0
-0.00313803 0 0.215811 0 0
0.00347414 0 0.315472 0 0
0.00103019 0 0.509042 0 0
0 0 0 0 0
-0.00704064 0 0.174107 0 0
-0.00329306 0 0.213365 0 0
0.00328499 0 0.310252 0 0
0.00141327 0 0.501343 0 0
0 0 0 0 0
-0.0070593 0 0.172497 0 0
-0.00344017 0 0.210962 0 0
0.00309283 0 0.305172 0 0
0.00177418 0 0.493673 0 0
0 0 0 0 0
-0.00707817 0 0.170899 0 0
-0.0035788 0 0.2086 0 0
0.00289882 0 0.300227 0 0
0.00211316 0 0.486041 0 0
0 0 0 0 0
-0.00709753 0 0.169314 0 0
-0.00370829 0 0.206281 0 0
0.0027041 0 0.295413 0 0
0.00243048 0 0.478455 0 0
0 0 0 0 0
-0.00711749 0 0.167741 0 0
-0.00382796 0 0.204005 0 0
0.00250983 0 0.290725 0 0
0.00272645 0 0.470922 0 0
0 0 0 0 0
-0.00713806 0 0.16618 0 0
-0.00393716 0 0.201774 0 0
0.00231709 0 0.286157 0 0
0.00300146 0 0.46345 0 0
0 0 0 0 0
-0.00715909 0 0.16463 0 0
-0.00403545 0 0.199588 0 0
0.00212695 0 0.281706 0 0
0.00325589 0 0.456044 0 0
0 0 0 0 0
-0.00718039 0 0.163091 0 0
-0.00412269 0 0.197447 0 0
0.00194039 0 0.277367 0 0
0.00349021 0 0.44871 0 0
0 0 0 0 0
-0.0072017 0 0.161561 0 0
-0.00419923 0 0.195351 0 0
0.00175833 0 0.273134 0 0
0.0037049 0 0.441453 0 0
0 0 0 0 0
-0.00722275 0 0.16004 0 0
-0.00426589 0 0.193298 0 0
0.00158153 0 0.269003 0 0
0.00390045 0 0.434279 0 0
0 0 0 0 0
-0.00724327 0 0.158527 0 0
-0.00432404 0 0.191288 0 0
0.00141063 0 0.264969 0 0
0.00407741 0 0.427191 0 0
0 0 0 0 0
-0.00726301 0 0.15702 0 0
-0.0043755 0 0.189319 0 0
0.00124605 0 0.261027 0 0
0.00423634 0 0.420192 0 0
0 0 0 0 0
-0.00728178 0 0.155519 0 0
-0.0044224 0 0.18739 0 0
0.00108805 0 0.257174 0 0
0.00437782 0 0.413287 0 0
0 0 0 0 0
-0.00729941 0 0.154024 0 0
-0.00446698 0 0.185497 0 0
0.000936632 0 0.253405 0 0
0.00450244 0 0.406477 0 0
0 0 0 0 0
-0.00731577 0 0.152535 0 0
-0.00451134 0 0.183641 0 0
0.000791621 0 0.249718 0 0
0.00461081 0 0.399765 0 0
0 0 0 0 0
-0.00733079 0 0.151052 0 0
-0.00455729 0 0.181817 0 0
0.000652642 0 0.246109 0 0
0.00470356 0 0.393153 0 0
0 0 0 0 0
-0.00734443 0 0.149577 0 0
-0.00460614 0 0.180027 0 0
0.00051916 0 0.242577 0 0
0.00478131 0 0.386642 0 0
0 0 0 0 0
-0.00735668 0 0.148111 0 0
-0.00465867 0 0.178267 0 0
0.000390528 0 0.239122 0 0
0.00484469 0 0.380233 0 0
0 0 0 0 0
-0.00736755 0 0.146656 0 0
-0.0047151 0 0.176536 0 0
0.000266033 0 0.235741 0 0
0.00489434 0 0.373928 0 0
0 0 0 0 0
-0.00737706 0 0.145214 0 0
-0.0047752 0 0.174834 0 0
0.000144952 0 0.232434 0 0
0.00493088 0 0.367726 0 0
0 0 0 0 0
-0.00738528 0 0.143788 0 0
-0.00483836 0 0.17316 0 0
2.66002e-05 0 0.229202 0 0
0.00495494 0 0.361628 0 0
0 0 0 0 0
-0.00739224 0 0.14238 0 0
-0.00490377 0 0.171511 0 0
-8.96197e-05 0 0.226042 0 0
0.00496714 0 0.355635 0 0
0 0 0 0 0
-0.007398 0 0.140989 0 0
-0.00497054 0 0.169888 0 0
-0.000204188 0 0.222955 0 0
0.00496811 0 0.349745 0 0
0 0 0 0 0
-0.00740263 0 0.139618 0 0
-0.0050378 0 0.168289 0 0
-0.000317446 0 0.219939 0 0
0.00495844 0 0.343959 0 0
0 0 0 0 0
-0.00740618 0 0.138266 0 0
-0.00510477 0 0.166713 0 0
-0.000429592 0 0.216992 0 0
0.00493873 0 0.338276 0 0
0 0 0 0 0
-0.0074087 0 0.136932 0 0
-0.00517083 0 0.16516 0 0
-0.000540691 0 0.214112 0 0
0.00490956 0 0.332695 0 0
0 0 0 0 0
-0.00741025 0 0.135618 0 0
-0.00523545 0 0.163629 0 0
-0.000650688 0 0.211297 0 0
0.00487149 0 0.327215 0 0
0 0 0 0 0
-0.00741088 0 0.13432 0 0
-0.00529831 0 0.162118 0 0
-0.000759438 0 0.208543 0 0
0.00482508 0 0.321836 0 0
0 0 0 0 0
-0.00741062 0 0.13304 0 0
-0.00535912 0 0.160626 0 0
-0.00086673 0 0.205849 0 0
0.00477086 0 0.316557 0 0
0 0 0 0 0
-0.00740951 0 0.131775 0 0
-0.00541774 0 0.159154 0 0
-0.000972325 0 0.203212 0 0
0.00470935 0 0.311376 0 0
0 0 0 0 0
-0.0074076 0 0.130526 0 0
-0.00547406 0 0.1577 0 0
-0.00107598 0 0.20063 0 0
0.00464105 0 0.306292 0 0
0 0 0 0 0
-0.00740489 0 0.12929 0 0
-0.00552802 0 0.156263 0 0
-0.00117746 0 0.198102 0 0
0.00456642 0 0.301305 0 0
0 0 0 0 0
-0.00740141 0 0.128069 0 0
-0.00557959 0 0.154843 0 0
-0.00127658 0 0.195624 0 0
0.00448594 0 0.296412 0 0
0 0 0 0 0
-0.00739717 0 0.12686 0 0
-0.00562878 0 0.153438 0 0
-0.00137319 0 0.193196 0 0
0.00440003 0 0.291613 0 0
0 0 0 0 0
-0.00739219 0 0.125665 0 0
-0.00567558 0 0.152048 0 0
-0.0014672 0 0.190817 0 0
0.00430911 0 0.286906 0 0
0 0 0 0 0
-0.00738646 0 0.124483 0 0
-0.00572001 0 0.150671 0 0
-0.00155857 0 0.188485 0 0
0.00421358 0 0.282291 0 0
0 0 0 0 0
-0.00737998 0 0.123314 0 0
-0.00576212 0 0.149307 0 0
-0.0016473 0 0.1862 0 0
0.00411382 0 0.277765 0 0
0 0 0 0 0
0 0 0 0 0
-0.00580192 0 0.147954 0 0
-0.00173345 0 0.183959 0 0
0.00401018 0 0.273327 0 0
0 0 0 0 0
0 0 0 0 0
-0.00583948 0 0.146611 0 0
-0.00181709 0 0.181763 0 0
0.00390299 0 0.268977 0 0
0 0 0 0 0
0 0 0 0 0
-0.00587483 0 0.145277 0 0
-0.00189835 0 0.17961 0 0
0.00379259 0 0.264713 0 0
0 0 0 0 0
0 0 0 0 0
-0.00590803 0 0.143951 0 0
-0.00197737 0 0.1775 0 0
0.00367926 0 0.260533 0 0
0 0 0 0 0
0 0 0 0 0
-0.00593915 0 0.14263 0 0
-0.00205428 0 0.175432 0 0
0.00356329 0 0.256438 0 0
0 0 0 0 0
0 0 0 0 0
-0.00596825 0 0.141314 0 0
-0.00212926 0 0.173405 0 0
0.00344494 0 0.252424 0 0
0 0 0 0 0
0 0 0 0 0
-0.00599539 0 0.140003 0 0
-0.00220247 0 0.171418 0 0
0.00332447 0 0.248492 0 0
0 0 0 0 0
0 0 0 0 0
-0.00602065 0 0.138696 0 0
-0.00227407 0 0.16947 0 0
0.0032021 0 0.24464 0 0
0 0 0 0 0
0 0 0 0 0
-0.0060441 0 0.137394 0 0
-0.00234423 0 0.167562 0 0
0.00307805 0 0.240867 0 0
0 0 0 0 0
0 0 0 0 0
-0.00606583 0 0.136097 0 0
-0.00241309 0 0.165691 0 0
0.00295253 0 0.237173 0 0
0 0 0 0 0
0 0 0 0 0
-0.00608593 0 0.134807 0 0
-0.00248081 0 0.163858 0 0
0.0028257 0 0.233555 0 0
0 0 0 0 0
0 0 0 0 0
-0.00610448 0 0.133526 0 0
-0.00254753 0 0.162062 0 0
0.00269776 0 0.230013 0 0
0 0 0 0 0
0 0 0 0 0
-0.00612158 0 0.132256 0 0
-0.00261337 0 0.160301 0 0
0.00256885 0 0.226546 0 0
0 0 0 0 0
0 0 0 0 0
-0.00613734 0 0.130999 0 0
-0.00267845 0 0.158576 0 0
0.00243914 0 0.223152 0 0
0 0 0 0 0
0 0 0 0 0
-0.00615185 0 0.129756 0 0
-0.00274289 0 0.156885 0 0
0.00230875 0 0.219832 0 0
0 0 0 0 0
0 0 0 0 0
-0.00616522 0 0.12853 0 0
-0.00280676 0 0.155228 0 0
0.00217784 0 0.216584 0 0
0 0 0 0 0
0 0 0 0 0
-0.00617755 0 0.12732 0 0
-0.00287017 0 0.153604 0 0
0.00204651 0 0.213406 0 0
0 0 0 0 0
0 0 0 0 0
-0.00618894 0 0.126127 0 0
-0.00293317 0 0.152012 0 0
0.00191489 0 0.210299 0 0
0 0 0 0 0
0 0 0 0 0
-0.00619947 0 0.124951 0 0
-0.00299584 0 0.150452 0 0
0.0017831 0 0.207261 0 0
0 0 0 0 0
0 0 0 0 0
-0.00620926 0 0.123791 0 0
-0.00305823 0 0.148922 0 0
0.00165123 0 0.204291 0 0
0 0 0 0 0
0 0 0 0 0
-0.00621839 0 0.122647 0 0
-0.00312037 0 0.147423 0 0
0.0015194 0 0.201388 0 0
0 0 0 0 0
0 0 0 0 0
-0.00622694 0 0.121517 0 0
-0.00318231 0 0.145952 0 0
0.00138771 0 0.198551 0 0
0 0 0 0 0
0 0 0 0 0
-0.00623501 0 0.120402 0 0
-0.00324407 0 0.14451 0 0
0.00125625 0 0.195779 0 0
0 0 0 0 0
0 0 0 0 0
-0.00624267 0 0.119299 0 0
-0.00330567 0 0.143095 0 0
0.00112512 0 0.193072 0 0
0 0 0 0 0
0 0 0 0 0
-0.00625001 0 0.11821 0 0
-0.0033671 0 0.141706 0 0
0.000994409 0 0.190427 0 0
0 0 0 0 0
0 0 0 0 0
-0.0062571 0 0.117133 0 0
-0.00342838 0 0.140342 0 0
0.000864214 0 0.187845 0 0
0 0 0 0 0
0 0 0 0 0
-0.00626402 0 0.116068 0 0
-0.0034895 0 0.139002 0 0
0.000734618 0 0.185324 0 0
0 0 0 0 0
0 0 0 0 0
-0.00627083 0 0.115015 0 0
-0.00355043 0 0.137685 0 0
0.000605708 0 0.182863 0 0
0 0 0 0 0
0 0 0 0 0
-0.0062776 0 0.113974 0 0
-0.00361117 0 0.136389 0 0
0.000477563 0 0.180461 0 0
0 0 0 0 0
0 0 0 0 0
-0.00628437 0 0.112944 0 0
-0.00367168 0 0.135113 0 0
0.000350266 0 0.178117 0 0
0 0 0 0 0
0 0 0 0 0
-0.00629119 0 0.111927 0 0
-0.00373194 0 0.133854 0 0
0.000223892 0 0.175829 0 0
0 0 0 0 0
0 0 0 0 0
-0.00629809 0 0.110922 0 0
-0.00379192 0 0.132611 0 0
9.85182e-05 0 0.173598 0 0
0 0 0 0 0
0 0 0 0 0
-0.00630509 0 0.109928 0 0
-0.00385158 0 0.131383 0 0
-2.57805e-05 0 0.17142 0 0
0 0 0 0 0
0 0 0 0 0
-0.0063122 0 0.108946 0 0
-0.00391087 0 0.130168 0 0
-0.000148931 0 0.169297 0 0
0 0 0 0 0
0 0 0 0 0
-0.00631944 0 0.107977 0 0
-0.00396975 0 0.128967 0 0
-0.00027086 0 0.167226 0 0
0 0 0 0 0
0 0 0 0 0
-0.00632679 0 0.107019 0 0
-0.00402819 0 0.127778 0 0
-0.000391498 0 0.165206 0 0
0 0 0 0 0
0 0 0 0 0
-0.00633423 0 0.106074 0 0
-0.00408613 0 0.126603 0 0
-0.000510775 0 0.163236 0 0
0 0 0 0 0
0 0 0 0 0
-0.00634176 0 0.10514 0 0
-0.00414352 0 0.125442 0 0
-0.000628622 0 0.161314 0 0
0 0 0 0 0
0 0 0 0 0
-0.00634934 0 0.104218 0 0
-0.00420034 0 0.124296 0 0
-0.000744974 0 0.159441 0 0
0 0 0 0 0
0 0 0 0 0
-0.00635697 0 0.103309 0 0
-0.00425652 0 0.123168 0 0
-0.000859766 0 0.157614 0 0
0 0 0 0 0
0 0 0 0 0
-0.0063646 0 0.102411 0 0
-0.00431201 0 0.122058 0 0
-0.000972934 0 0.155831 0 0
0 0 0 0 0
0 0 0 0 0
-0.00637222 0 0.101525 0 0
-0.00436679 0 0.120968 0 0
-0.00108442 0 0.154093 0 0
0 0 0 0 0
0 0 0 0 0
-0.00637978 0 0.10065 0 0
-0.00442079 0 0.119898 0 0
-0.00119415 0 0.152397 0 0
0 0 0 0 0
0 0 0 0 0
-0.00638727 0 0.0997874 0 0
-0.00447398 0 0.118849 0 0
-0.00130209 0 0.150743 0 0
0 0 0 0 0
0 0 0 0 0
-0.00639463 0 0.0989358 0 0
-0.00452632 0 0.11782 0 0
-0.00140816 0 0.149128 0 0
0 0 0 0 0
0 0 0 0 0
-0.00640183 0 0.0980954 0 0
-0.00457776 0 0.116812 0 0
-0.00151232 0 0.147552 0 0
0 0 0 0 0
0 0 0 0 0
-0.00640883 0 0.097266 0 0
-0.00462827 0 0.115823 0 0
-0.00161452 0 0.146012 0 0
0 0 0 0 0
0 0 0 0 0
-0.00641557 0 0.0964475 0 0
-0.0046778 0 0.114851 0 0
-0.00171469 0 0.144507 0 0
0 0 0 0 0
0 0 0 0 0
-0.00642201 0 0.0956397 0 0
-0.00472633 0 0.113895 0 0
-0.00181279 0 0.143035 0 0
0 0 0 0 0
0 0 0 0 0
-0.00642809 0 0.0948422 0 0
-0.00477381 0 0.112955 0 0
-0.00190879 0 0.141594 0 0
0 0 0 0 0
0 0 0 0 0
0 0 0 0 0
-0.00482021 0 0.112028 0 0
-0.00200262 0 0.140181 0 0
0 0 0 0 0
0 0 0 0 0
0 0 0 0 0
-0.0048655 0 0.111115 0 0
-0.00209425 0 0.138795 0 0
0 0 0 0 0
0 0 0 0 0
0 0 0 0 0
-0.00490965 0 0.110213 0 0
-0.00218363 0 0.137434 0 0
0 0 0 0 0
0 0 0 0 0
0 0 0 0 0
-0.00495263 0 0.109323 0 0
-0.0022707 0 0.136095 0 0
0 0 0 0 0
0 0 0 0 0
0 0 0 0 0
-0.00499442 0 0.108443 0 0
-0.00235544 0 0.134776 0 0
0 0 0 0 0
0 0 0 0 0
0 0 0 0 0
-0.00503498 0 0.107574 0 0
-0.00243779 0 0.133476 0 0
0 0 0 0 0
0 0 0 0 0
0 0 0 0 0
-0.00507429 0 0.106715 0 0
-0.00251771 0 0.132195 0 0
0 0 0 0 0
0 0 0 0 0
0 0 0 0 0
-0.00511233 0 0.105865 0 0
-0.00259516 0 0.130932 0 0
0 0 0 0 0
0 0 0 0 0
0 0 0 0 0
-0.00514909 0 0.105025 0 0
-0.00267009 0 0.129688 0 0
0 0 0 0 0
0 0 0 0 0
0 0 0 0 0
-0.00518454 0 0.104194 0 0
-0.00274248 0 0.128463 0 0
0 0 0 0 0
0 0 0 0 0
0 0 0 0 0
-0.00521868 0 0.103372 0 0
-0.0028123 0 0.127258 0 0
0 0 0 0 0
0 0 0 0 0
0 0 0 0 0
-0.0052515 0 0.102558 0 0
-0.00287953 0 0.126074 0 0
0 0 0 0 0
0 0 0 0 0
0 0 0 0 0
-0.00528298 0 0.101754 0 0
-0.00294414 0 0.124911 0 0
0 0 0 0 0
0 0 0 0 0
0 0 0 0 0
-0.00531313 0 0.100958 0 0
-0.00300614 0 0.12377 0 0
0 0 0 0 0
0 0 0 0 0
0 0 0 0 0
-0.00534193 0 0.10017 0 0
-0.00306551 0 0.122651 0 0
0 0 0 0 0
0 0 0 0 0
0 0 0 0 0
-0.00536939 0 0.0993901 0 0
-0.00312226 0 0.121553 0 0
0 0 0 0 0
0 0 0 0 0
0 0 0 0 0
-0.00539549 0 0.0986185 0 0
-0.00317639 0 0.120474 0 0
0 0 0 0 0
0 0 0 0 0
0 0 0 0 0
-0.00542024 0 0.0978548 0 0
-0.00322792 0 0.119413 0 0
0 0 0 0 0
0 0 0 0 0
0 0 0 0 0
-0.00544364 0 0.0970989 0 0
-0.00327685 0 0.11837 0 0
0 0 0 0 0
0 0 0 0 0
0 0 0 0 0
-0.00546568 0 0.0963507 0 0
-0.00332321 0 0.11734 0 0
0 0 0 0 0
0 0 0 0 0
0 0 0 0 0
-0.00548636 0 0.0956101 0 0
-0.00336701 0 0.116324 0 0
0 0 0 0 0
0 0 0 0 0
0 0 0 0 0
-0.00550568 0 0.0948769 0 0
-0.00340828 0 0.115319 0 0
0 0 0 0 0
0 0 0 0 0
0 0 0 0 0
-0.00552363 0 0.0941511 0 0
-0.00344706 0 0.114325 0 0
0 0 0 0 0
0 0 0 0 0
0 0 0 0 0
-0.00554021 0 0.0934325 0 0
-0.00348337 0 0.113339 0 0
0 0 0 0 0
0 0 0 0 0
0 0 0 0 0
-0.00555542 0 0.0927209 0 0
-0.00351725 0 0.112362 0 0
0 0 0 0 0
0 0 0 0 0
0 0 0 0 0
-0.00556926 0 0.0920162 0 0
-0.00354875 0 0.111392 0 0
0 0 0 0 0
0 0 0 0 0
0 0 0 0 0
-0.00558173 0 0.0913182 0 0
-0.00357791 0 0.110428 0 0
0 0 0 0 0
0 0 0 0 0
0 0 0 0 0
-0.00559282 0 0.0906268 0 0
-0.00360479 0 0.10947 0 0
0 0 0 0 0
0 0 0 0 0
0 0 0 0 0
-0.00560254 0 0.0899417 0 0
-0.00362944 0 0.108518 0 0
0 0 0 0 0
0 0 0 0 0
0 0 0 0 0
-0.00561089 0 0.0892628 0 0
-0.00365193 0 0.107572 0 0
0 0 0 0 0
0 0 0 0 0
0 0 0 0 0
-0.00561787 0 0.0885899 0 0
-0.00367234 0 0.10663 0 0
0 0 0 0 0
0 0 0 0 0
0 0 0 0 0
-0.00562349 0 0.0879227 0 0
-0.00369072 0 0.105693 0 0
0 0 0 0 0
0 0 0 0 0
0 0 0 0 0
-0.00562775 0 0.0872611 0 0
-0.00370717 0 0.104761 0 0
0 0 0 0 0
0 0 0 0 0
0 0 0 0 0
-0.00563067 0 0.0866049 0 0
-0.00372178 0 0.103834 0 0
0 0 0 0 0
0 0 0 0 0
0 0 0 0 0
-0.00563224 0 0.0859537 0 0
-0.00373463 0 0.102911 0 0
0 0 0 0 0
0 0 0 0 0
0 0 0 0 0
-0.00563247 0 0.0853074 0 0
-0.00374583 0 0.101992 0 0
0 0 0 0 0
0 0 0 0 0
0 0 0 0 0
-0.00563139 0 0.0846659 0 0
-0.00375547 0 0.101078 0 0
0 0 0 0 0
0 0 0 0 0
0 0 0 0 0
-0.00562899 0 0.0840287 0 0
-0.00376366 0 0.100168 0 0
0 0 0 0 0
0 0 0 0 0
0 0 0 0 0
-0.00562529 0 0.0833958 0 0
-0.0037705 0 0.0992624 0 0
0 0 0 0 0
0 0 0 0 0
0 0 0 0 0
-0.00562031 0 0.0827669 0 0
-0.0037761 0 0.0983613 0 0
0 0 0 0 0
0 0 0 0 0
0 0 0 0 0
-0.00561406 0 0.0821418 0 0
-0.00378056 0 0.0974647 0 0
0 0 0 0 0
0 0 0 0 0
0 0 0 0 0
-0.00560656 0 0.0815204 0 0
-0.00378398 0 0.0965727 0 0
0 0 0 0 0
0 0 0 0 0
0 0 0 0 0
-0.00559783 0 0.0809025 0 0
-0.00378647 0 0.0956853 0 0
0 0 0 0 0
0 0 0 0 0
0 0 0 0 0
-0.00558788 0 0.0802879 0 0
-0.00378811 0 0.0948027 0 0
0 0 0 0 0
0 0 0 0 0
0 0 0 0 0
-0.00557675 0 0.0796765 0 0
-0.00378901 0 0.0939249 0 0
0 0 0 0 0
0 0 0 0 0
0 0 0 0 0
-0.00556446 0 0.0790682 0 0
-0.00378927 0 0.0930521 0 0
0 0 0 0 0
0 0 0 0 0
0 0 0 0 0
-0.00555103 0 0.0784628 0 0
-0.00378896 0 0.0921845 0 0
0 0 0 0 0
0 0 0 0 0
0 0 0 0 0
-0.00553649 0 0.0778604 0 0
-0.00378818 0 0.0913221 0 0
0 0 0 0 0
0 0 0 0 0
0 0 0 0 0
-0.00552089 0 0.0772608 0 0
-0.00378701 0 0.0904651 0 0
0 0 0 0 0
0 0 0 0 0
0 0 0 0 0
-0.00550424 0 0.076664 0 0
-0.00378554 0 0.0896138 0 0
0 0 0 0 0
0 0 0 0 0
0 0 0 0 0
0 0 0 0 0
-0.00378385 0 0.0887682 0 0
0 0 0 0 0
0 0 0 0 0
0 0 0 0 0
0 0 0 0 0
-0.00378201 0 0.0879285 0 0
0 0 0 0 0
0 0 0 0 0
0 0 0 0 0
0 0 0 0 0
-0.0037801 0 0.0870949 0 0
0 0 0 0 0
0 0 0 0 0
0 0 0 0 0
0 0 0 0 0
-0.00377818 0 0.0862677 0 0
0 0 0 0 0
0 0 0 0 0
0 0 0 0 0
0 0 0 0 0
-0.00377632 0 0.085447 0 0
0 0 0 0 0
0 0 0 0 0
0 0 0 0 0
0 0 0 0 0
-0.00377456 0 0.0846329 0 0
0 0 0 0 0
0 0 0 0 0
0 0 0 0 0
0 0 0 0 0
-0.00377296 0 0.0838258 0 0
0 0 0 0 0
0 0 0 0 0
0 0 0 0 0
0 0 0 0 0
-0.00377155 0 0.0830258 0 0
0 0 0 0 0
0 0 0 0 0
0 0 0 0 0
0 0 0 0 0
-0.00377036 0 0.0822331 0 0
0 0 0 0 0
0 0 0 0 0
0 0 0 0 0
0 0 0 0 0
-0.00376942 0 0.081448 0 0
0 0 0 0 0
0 0 0 0 0
0 0 0 0 0
0 0 0 0 0
-0.00376875 0 0.0806706 0 0
0 0 0 0 0
0 0 0 0 0
0 0 0 0 0
0 0 0 0 0
-0.00376838 0 0.0799012 0 0
0 0 0 0 0
0 0 0 0 0
0 0 0 0 0
0 0 0 0 0
-0.00376833 0 0.07914 0 0
0 0 0 0 0
0 0 0 0 0
0 0 0 0 0
0 0 0 0 0
-0.00376861 0 0.0783873 0 0
0 0 0 0 0
0 0 0 0 0
0 0 0 0 0
0 0 0 0 0
-0.00376925 0 0.0776432 0 0
0 0 0 0 0
0 0 0 0 0
0 0 0 0 0
0 0 0 0 0
-0.00377027 0 0.076908 0 0
0 0 0 0 0
0 0 0 0 0
0 0 0 0 0
0 0 0 0 0
-0.00377167 0 0.0761819 0 0
0 0 0 0 0
0 0 0 0 0
0 0 0 0 0
0 0 0 0 0
-0.00377347 0 0.0754651 0 0
0 0 0 0 0
0 0 0 0 0
0 0 0 0 0
0 0 0 0 0
-0.00377567 0 0.074758 0 0
0 0 0 0 0
0 0 0 0 0
0 0 0 0 0
0 0 0 0 0
-0.00377826 0 0.0740606 0 0
0 0 0 0 0
0 0 0 0 0
0 0 0 0 0
0 0 0 0 0
-0.00378123 0 0.0733733 0 0
0 0 0 0 0
0 0 0 0 0
0 0 0 0 0
0 0 0 0 0
-0.00378456 0 0.0726961 0 0
0 0 0 0 0
0 0 0 0 0
0 0 0 0 0
0 0 0 0 0
-0.00378824 0 0.0720294 0 0
0 0 0 0 0
0 0 0 0 0
0 0 0 0 0
0 0 0 0 0
-0.00379224 0 0.0713733 0 0
0 0 0 0 0
0 0 0 0 0
0 0 0 0 0
0 0 0 0 0
-0.00379653 0 0.0707281 0 0
0 0 0 0 0
0 0 0 0 0
0 0 0 0 0
0 0 0 0 0
-0.0038011 0 0.0700938 0 0
0 0 0 0 0
0 0 0 0 0
0 0 0 0 0
0 0 0 0 0
-0.00380591 0 0.0694706 0 0
0 0 0 0 0
0 0 0 0 0
0 0 0 0 0
0 0 0 0 0
-0.00381095 0 0.0688586 0 0
0 0 0 0 0
0 0 0 0 0
0 0 0 0 0
0 0 0 0 0
-0.0038162 0 0.0682579 0 0
0 0 0 0 0
0 0 0 0 0
0 0 0 0 0
0 0 0 0 0
-0.00382163 0 0.0676686 0 0
0 0 0 0 0
0 0 0 0 0
0 0 0 0 0
0 0 0 0 0
-0.00382724 0 0.0670907 0 0
0 0 0 0 0
0 0 0 0 0
0 0 0 0 0
0 0 0 0 0
-0.00383301 0 0.0665242 0 0
0 0 0 0 0
0 0 0 0 0
0 0 0 0 0
0 0 0 0 0
-0.00383893 0 0.0659691 0 0
0 0 0 0 0
0 0 0 0 0
0 0 0 0 0
0 0 0 0 0
-0.00384498 0 0.0654253 0 0
0 0 0 0 0
0 0 0 0 0
0 0 0 0 0
0 0 0 0 0
-0.00385116 0 0.0648928 0 0
0 0 0 0 0
0 0 0 0 0
0 0 0 0 0
0 0 0 0 0
-0.00385745 0 0.0643715 0 0
0 0 0 0 0
0 0 0 0 0
0 0 0 0 0
0 0 0 0 0
-0.00386383 0 0.0638613 0 0
0 0 0 0 0
0 0 0 0 0
0 0 0 0 0
0 0 0 0 0
-0.0038703 0 0.0633619 0 0
0 0 0 0 0
0 0 0 0 0
0 0 0 0 0
0 0 0 0 0
-0.00387685 0 0.0628732 0 0
0 0 0 0 0
0 0 0 0 0
0 0 0 0 0
0 0 0 0 0
-0.00388345 0 0.062395 0 0
0 0 0 0 0
0 0 0 0 0
0 0 0 0 0
0 0 0 0 0
-0.00389009 0 0.0619271 0 0
0 0 0 0 0
0 0 0 0 0
0 0 0 0 0
0 0 0 0 0
-0.00389676 0 0.0614693 0 0
0 0 0 0 0
0 0 0 0 0
0 0 0 0 0
0 0 0 0 0
-0.00390344 0 0.0610213 0 0
0 0 0 0 0
0 0 0 0 0
0 0 0 0 0
0 0 0 0 0
-0.00391011 0 0.0605828 0 0
0 0 0 0 0
0 0 0 0 0
0 0 0 0 0
0 0 0 0 0
-0.00391676 0 0.0601536 0 0
0 0 0 0 0
0 0 0 0 0
0 0 0 0 0
0 0 0 0 0
-0.00392335 0 0.0597335 0 0
0 0 0 0 0
0 0 0 0 0
0 0 0 0 0
0 0 0 0 0
-0.00392988 0 0.0593221 0 0
0 0 0 0 0
0 0 0 0 0
0 0 0 0 0
0 0 0 0 0
-0.00393632 0 0.0589191 0 0
0 0 0 0 0
0 0 0 0 0
0 0 0 0 0
0 0 0 0 0
-0.00394265 0 0.0585244 0 0
0 0 0 0 0
0 0 0 0 0
0 0 0 0 0
0 0 0 0 0
-0.00394885 0 0.0581376 0 0
0 0 0 0 0
0 0 0 0 0
0 0 0 0 0
0 0 0 0 0
0 0 0 0 0
0 0 0 0 0
0 0 0 0 0
0 0 0 0 0
0 0 0 0 0
0 0 0 0 0
0 0 0 0 0
0 0 0 0 0
0 0 0 0 0
0 0 0 0 0
0 0 0 0 0
0 0 0 0 0
0 0 0 0 0
0 0 0 0 0
0 0 0 0 0
0 0 0 0 0
0 0 0 0 0
0 0 0 0 0
0 0 0 0 0
0 0 0 0 0
0 0 0 0 0
0 0 0 0 0
0 0 0 0 0
0 0 0 0 0
0 0 0 0 0
0 0 0 0 0
0 0 0 0 0
0 0 0 0 0
0 0 0 0 0
0 0 0 0 0
0 0 0 0 0
0 0 0 0 0
0 0 0 0 0
0 0 0 0 0
0 0 0 0 0
0 0 0 0 0
0 0 0 0 0
0 0 0 0 0
0 0 0 0 0
0 0 0 0 0
0 0 0 0 0
0 0 0 0 0
0 0 0 0 0
0 0 0 0 0
0 0 0 0 0
0 0 0 0 0
0 0 0 0 0
0 0 0 0 0
0 0 0 0 0
0 0 0 0 0
0 0 0 0 0
0 0 0 0 0
0 0 0 0 0
0 0 0 0 0
0 0 0 0 0
0 0 0 0 0
0 0 0 0 0
0 0 0 0 0
0 0 0 0 0
0 0 0 0 0
0 0 0 0 0
0 0 0 0 0
0 0 0 0 0
0 0 0 0 0
0 0 0 0 0
0 0 0 0 0
0 0 0 0 0
0 0 0 0 0
0 0 0 0 0
0 0 0 0 0
0 0 0 0 0
0 0 0 0 0
0 0 0 0 0
0 0 0 0 0
0 0 0 0 0
0 0 0 0 0
0 0 0 0 0
0 0 0 0 0
0 0 0 0 0
0 0 0 0 0
0 0 0 0 0
0 0 0 0 0
0 0 0 0 0
0 0 0 0 0
0 0 0 0 0
0 0 0 0 0
0 0 0 0 0
0 0 0 0 0
0 0 0 0 0
0 0 0 0 0
0 0 0 0 0
0 0 0 0 0
0 0 0 0 0
0 0 0 0 0
0 0 0 0 0
0 0 0 0 0
0 0 0 0 0
0 0 0 0 0
0 0 0 0 0
0 0 0 0 0
0 0 0 0 0
0 0 0 0 0
0 0 0 0 0
0 0 0 0 0
0 0 0 0 0
0 0 0 0 0
0 0 0 0 0
0 0 0 0 0
0 0 0 0 0
0 0 0 0 0
0 0 0 0 0
0 0 0 0 0
0 0 0 0 0
0 0 0 0 0
0 0 0 0 0
0 0 0 0 0
0 0 0 0 0
0 0 0 0 0
0 0 0 0 0
0 0 0 0 0
0 0 0 0 0
0 0 0 0 0
0 0 0 0 0
0 0 0 0 0
0 0 0 0 0
0 0 0 0 0
0 0 0 0 0
0 0 0 0 0
0 0 0 0 0
0 0 0 0 0
0 0 0 0 0
0 0 0 0 0
0 0 0 0 0
0 0 0 0 0
0 0 0 0 0
0 0 0 0 0
0 0 0 0 0
0 0 0 0 0
0 0 0 0 0
0 0 0 0 0
0 0 0 0 0
0 0 0 0 0
0 0 0 0 0
0 0 0 0 0
0 0 0 0 0
0 0 0 0 0
0 0 0 0 0
0 0 0 0 0
0 0 0 0 0
0 0 0 0 0
0 0 0 0 0
0 0 0 0 0
0 0 0 0 0
0 0 0 0 0
0 0 0 0 0
0 0 0 0 0
0 0 0 0 0
0 0 0 0 0
0 0 0 0 0
0 0 0 0 0
0 0 0 0 0
0 0 0 0 0
0 0 0 0 0
0 0 0 0 0
0 0 0 0 0
0 0 0 0 0
0 0 0 0 0
0 0 0 0 0
0 0 0 0 0
0 0 0 0 0
0 0 0 0 0
0 0 0 0 0
0 0 0 0 0
0 0 0 0 0
0 0 0 0 0
0 0 0 0 0
0 0 0 0 0
0 0 0 0 0
0 0 0 0 0
0 0 0 0 0
0 0 0 0 0
0 0 0 0 0
0 0 0 0 0
0 0 0 0 0
0 0 0 0 0
0 0 0 0 0
0 0 0 0 0
0 0 0 0 0
0 0 0 0 0
0 0 0 0 0
0 0 0 0 0
0 0 0 0 0
0 0 0 0 0
0 0 0 0 0
0 0 0 0 0
0 0 0 0 0
0 0 0 0 0
0 0 0 0 0
0 0 0 0 0
0 0 0 0 0
0 0 0 0 0
0 0 0 0 0
0 0 0 0 0
0 0 0 0 0
0 0 0 0 0
0 0 0 0 0
0 0 0 0 0
0 0 0 0 0
0 0 0 0 0
0 0 0 0 0
0 0 0 0 0
0 0 0 0 0
0 0 0 0 0
0 0 0 0 0
0 0 0 0 0
0 0 0 0 0
0 0 0 0 0
0 0 0 0 0
0 0 0 0 0
0 0 0 0 0
0 0 0 0 0
0 0 0 0 0
0 0 0 0 0
0 0 0 0 0
0 0 0 0 0
0 0 0 0 0
0 0 0 0 0
0 0 0 0 0
0 0 0 0 0
0 0 0 0 0
0 0 0 0 0
0 0 0 0 0
0 0 0 0 0
0 0 0 0 0
0 0 0 0 0
0 0 0 0 0
0 0 0 0 0
0 0 0 0 0
0 0 0 0 0
0 0 0 0 0
0 0 0 0 0
0 0 0 0 0
0 0 0 0 0
0 0 0 0 0
0 0 0 0 0
0 0 0 0 0
0 0 0 0 0
0 0 0 0 0
0 0 0 0 0
0 0 0 0 0
0 0 0 0 0
0 0 0 0 0
0 0 0 0 0
0 0 0 0 0
0 0 0 0 0
0 0 0 0 0
0 0 0 0 0
0 0 0 0 0
0 0 0 0 0
0 0 0 0 0
0 0 0 0 0
0 0 0 0 0
0 0 0 0 0
0 0 0 0 0
0 0 0 0 0
0 0 0 0 0
0 0 0 0 0
0 0 0 0 0
0 0 0 0 0
0 0 0 0 0
0 0 0 0 0
0 0 0 0 0
0 0 0 0 0
0 0 0 0 0
0 0 0 0 0
0 0 0 0 0
0 0 0 0 0
0 0 0 0 0
0 0 0 0 0
0 0 0 0 0
0 0 0 0 0
0 0 0 0 0
0 0 0 0 0
0 0 0 0 0
0 0 0 0 0
0 0 0 0 0
0 0 0 0 0
0 0 0 0 0
0 0 0 0 0
0 0 0 0 0
0 0 0 0 0
0 0 0 0 0
0 0 0 0 0
0 0 0 0 0
0 0 0 0 0
0 0 0 0 0
0 0 0 0 0
0 0 0 0 0
0 0 0 0 0
0 0 0 0 0
0 0 0 0 0
0 0 0 0 0
0 0 0 0 0
0 0 0 0 0
0 0 0 0 0
0 0 0 0 0
0 0 0 0 0
0 0 0 0 0
0 0 0 0 0
0 0 0 0 0
0 0 0 0 0
0 0 0 0 0
0 0 0 0 0
0 0 0 0 0
0 0 0 0 0
0 0 0 0 0
0 0 0 0 0
0 0 0 0 0
0 0 0 0 0
0 0 0 0 0
0 0 0 0 0
0 0 0 0 0
0 0 0 0 0
0 0 0 0 0
0 0 0 0 0
0 0 0 0 0
0 0 0 0 0
0 0 0 0 0
0 0 0 0 0
0 0 0 0 0
0 0 0 0 0
0 0 0 0 0
0 0 0 0 0
0 0 0 0 0
0 0 0 0 0
0 0 0 0 0
0 0 0 0 0
0 0 0 0 0
0 0 0 0 0
0 0 0 0 0
0 0 0 0 0
0 0 0 0 0
0 0 0 0 0
0 0 0 0 0
0 0 0 0 0
0 0 0 0 0
0 0 0 0 0
0 0 0 0 0
0 0 0 0 0
0 0 0 0 0
0 0 0 0 0
0 0 0 0 0
0 0 0 0 0
0 0 0 0 0
0 0 0 0 0
0 0 0 0 0
0 0 0 0 0
0 0 0 0 0
0 0 0 0 0
0 0 0 0 0
0 0 0 0 0
0 0 0 0 0
0 0 0 0 0
0 0 0 0 0
0 0 0 0 0
0 0 0 0 0
0 0 0 0 0
0 0 0 0 0
0 0 0 0 0
0 0 0 0 0
0 0 0 0 0
0 0 0 0 0
0 0 0 0 0
0 0 0 0 0
0 0 0 0 0
0 0 0 0 0
0 0 0 0 0
0 0 0 0 0
0 0 0 0 0
0 0 0 0 0
0 0 0 0 0
0 0 0 0 0
0 0 0 0 0
0 0 0 0 0
0 0 0 0 0
0 0 0 0 0
0 0 0 0 0
0 0 0 0 0
0 0 0 0 0
0 0 0 0 0
0 0 0 0 0
0 0 0 0 0
0 0 0 0 0
0 0 0 0 0
0 0 0 0 0
0 0 0 0 0
0 0 0 0 0
0 0 0 0 0
0 0 0 0 0
0 0 0 0 0
0 0 0 0 0
0 0 0 0 0
0 0 0 0 0
0 0 0 0 0
0 0 0 0 0
0 0 0 0 0
0 0 0 0 0
0 0 0 0 0
0 0 0 0 0
0 0 0 0 0
0 0 0 0 0
0 0 0 0 0
0 0 0 0 0
0 0 0 0 0
0 0 0 0 0
0 0 0 0 0
0 0 0 0 0
0 0 0 0 0
0 0 0 0 0
0 0 0 0 0
0 0 0 0 0
0 0 0 0 0
0 0 0 0 0
0 0 0 0 0
0 0 0 0 0
0 0 0 0 0
0 0 0 0 0
0 0 0 0 0
0 0 0 0 0
0 0 0 0 0
0 0 0 0 0
0 0 0 0 0
0 0 0 0 0
0 0 0 0 0
0 0 0 0 0
0 0 0 0 0
0 0 0 0 0
0 0 0 0 0
0 0 0 0 0
0 0 0 0 0
0 0 0 0 0
0 0 0 0 0
0 0 0 0 0
0 0 0 0 0
0 0 0 0 0
0 0 0 0 0
0 0 0 0 0
0 0 0 0 0
0 0 0 0 0
0 0 0 0 0
0 0 0 0 0
0 0 0 0 0
0 0 0 0 0
0 0 0 0 0
0 0 0 0 0
0 0 0 0 0
0 0 0 0 0
0 0 0 0 0
0 0 0 0 0
0 0 0 0 0
0 0 0 0 0
0 0 0 0 0
0 0 0 0 0
0 0 0 0 0
0 0 0 0 0
0 0 0 0 0
0 0 0 0 0
0 0 0 0 0
0 0 0 0 0
0 0 0 0 0
0 0 0 0 0
0 0 0 0 0
0 0 0 0 0
0 0 0 0 0
0 0 0 0 0
0 0 0 0 0
0 0 0 0 0
0 0 0 0 0
0 0 0 0 0
0 0 0 0 0
0 0 0 0 0
0 0 0 0 0
0 0 0 0 0
0 0 0 0 0
0 0 0 0 0
0 0 0 0 0
0 0 0 0 0
0 0 0 0 0
0 0 0 0 0
0 0 0 0 0
0 0 0 0 0
0 0 0 0 0
0 0 0 0 0
0 0 0 0 0
0 0 0 0 0
0 0 0 0 0
0 0 0 0 0
0 0 0 0 0
0 0 0 0 0
0 0 0 0 0
0 0 0 0 0
0 0 0 0 0
0 0 0 0 0
0 0 0 0 0
0 0 0 0 0
0 0 0 0 0
0 0 0 0 0
0 0 0 0 0
0 0 0 0 0
0 0 0 0 0
0 0 0 0 0
0 0 0 0 0
0 0 0 0 0
0 0 0 0 0
0 0 0 0 0
0 0 0 0 0
0 0 0 0 0
0 0 0 0 0
0 0 0 0 0
0 0 0 0 0
0 0 0 0 0
0 0 0 0 0
0 0 0 0 0
0 0 0 0 0
0 0 0 0 0
0 0 0 0 0
0 0 0 0 0
0 0 0 0 0
0 0 0 0 0
0 0 0 0 0
0 0 0 0 0
0 0 0 0 0
0 0 0 0 0
0 0 0 0 0
0 0 0 0 0
0 0 0 0 0
0 0 0 0 0
0 0 0 0 0
0 0 0 0 0
0 0 0 0 0
0 0 0 0 0
0 0 0 0 0
0 0 0 0 0
0 0 0 0 0
0 0 0 0 0
0 0 0 0 0
0 0 0 0 0
0 0 0 0 0
0 0 0 0 0
0 0 0 0 0
0 0 0 0 0
0 0 0 0 0
0 0 0 0 0
0 0 0 0 0
0 0 0 0 0
0 0 0 0 0
0 0 0 0 0
0 0 0 0 0
0 0 0 0 0
0 0 0 0 0
0 0 0 0 0
0 0 0 0 0
0 0 0 0 0
0 0 0 0 0
0 0 0 0 0
0 0 0 0 0
0 0 0 0 0
0 0 0 0 0
0 0 0 0 0
0 0 0 0 0
0 0 0 0 0
0 0 0 0 0
0 0 0 0 0
0 0 0 0 0
0 0 0 0 0
0 0 0 0 0
0 0 0 0 0
0 0 0 0 0
0 0 0 0 0
0 0 0 0 0
0 0 0 0 0
0 0 0 0 0
0 0 0 0 0
0 0 0 0 0
0 0 0 0 0
0 0 0 0 0
0 0 0 0 0
0 0 0 0 0
0 0 0 0 0
0 0 0 0 0
0 0 0 0 0
0 0 0 0 0
0 0 0 0 0
0 0 0 0 0
0 0 0 0 0
0 0 0 0 0
0 0 0 0 0
0 0 0 0 0
0 0 0 0 0
0 0 0 0 0
0 0 0 0 0
0 0 0 0 0
0 0 0 0 0
0 0 0 0 0
0 0 0 0 0
0 0 0 0 0
0 0 0 0 0
0 0 0 0 0
0 0 0 0 0
0 0 0 0 0
0 0 0 0 0
0 0 0 0 0
0 0 0 0 0
0 0 0 0 0
0 0 0 0 0
0 0 0 0 0
0 0 0 0 0
0 0 0 0 0
0 0 0 0 0
0 0 0 0 0
0 0 0 0 0
0 0 0 0 0
0 0 0 0 0
0 0 0 0 0
0 0 0 0 0
0 0 0 0 0
0 0 0 0 0
0 0 0 0 0
0 0 0 0 0
0 0 0 0 0
0 0 0 0 0
0 0 0 0 0
0 0 0 0 0
0 0 0 0 0
0 0 0 0 0
0 0 0 0 0
0 0 0 0 0
0 0 0 0 0
0 0 0 0 0
0 0 0 0 0
0 0 0 0 0
0 0 0 0 0
0 0 0 0 0
0 0 0 0 0
0 0 0 0 0
0 0 0 0 0
0 0 0 0 0
0 0 0 0 0
0 0 0 0 0
0 0 0 0 0
0 0 0 0 0
0 0 0 0 0
0 0 0 0 0
0 0 0 0 0
0 0 0 0 0
0 0 0 0 0
0 0 0 0 0
0 0 0 0 0
0 0 0 0 0
0 0 0 0 0
0 0 0 0 0
0 0 0 0 0
0 0 0 0 0
0 0 0 0 0
0 0 0 0 0
0 0 0 0 0
0 0 0 0 0
0 0 0 0 0
0 0 0 0 0
0 0 0 0 0
0 0 0 0 0
0 0 0 0 0
0 0 0 0 0
0 0 0 0 0
0 0 0 0 0
0 0 0 0 0
0 0 0 0 0
0 0 0 0 0
0 0 0 0 0
0 0 0 0 0
0 0 0 0 0
0 0 0 0 0
0 0 0 0 0
0 0 0 0 0
0 0 0 0 0
0 0 0 0 0
0 0 0 0 0
0 0 0 0 0
0 0 0 0 0
0 0 0 0 0
0 0 0 0 0
0 0 0 0 0
0 0 0 0 0
0 0 0 0 0
0 0 0 0 0
0 0 0 0 0
0 0 0 0 0
0 0 0 0 0
0 0 0 0 0
0 0 0 0 0
0 0 0 0 0
0 0 0 0 0
0 0 0 0 0
0 0 0 0 0
0 0 0 0 0
0 0 0 0 0
0 0 0 0 0
0 0 0 0 0
0 0 0 0 0
0 0 0 0 0
0 0 0 0 0
0 0 0 0 0
0 0 0 0 0
0 0 0 0 0
0 0 0 0 0
0 0 0 0 0
0 0 0 0 0
0 0 0 0 0
0 0 0 0 0
0 0 0 0 0
0 0 0 0 0
0 0 0 0 0
0 0 0 0 0
0 0 0 0 0
0 0 0 0 0
0 0 0 0 0
0 0 0 0 0
0 0 0 0 0
0 0 0 0 0
0 0 0 0 0
0 0 0 0 0
0 0 0 0 0
0 0 0 0 0
0 0 0 0 0
0 0 0 0 0
0 0 0 0 0
0 0 0 0 0
0 0 0 0 0
0 0 0 0 0
0 0 0 0 0
0 0 0 0 0
0 0 0 0 0
0 0 0 0 0
0 0 0 0 0
0 0 0 0 0
0 0 0 0 0
0 0 0 0 0
0 0 0 0 0
0 0 0 0 0
0 0 0 0 0
0 0 0 0 0
0 0 0 0 0
0 0 0 0 0
0 0 0 0 0
0 0 0 0 0
0 0 0 0 0
0 0 0 0 0
0 0 0 0 0
0 0 0 0 0
0 0 0 0 0
0 0 0 0 0
0 0 0 0 0
0 0 0 0 0
0 0 0 0 0
0 0 0 0 0
0 0 0 0 0
0 0 0 0 0
0 0 0 0 0
0 0 0 0 0
0 0 0 0 0
0 0 0 0 0
0 0 0 0 0
0 0 0 0 0
0 0 0 0 0
0 0 0 0 0
0 0 0 0 0
0 0 0 0 0
0 0 0 0 0
0 0 0 0 0
0 0 0 0 0
0 0 0 0 0
0 0 0 0 0
0 0 0 0 0
0 0 0 0 0
0 0 0 0 0
0 0 0 0 0
0 0 0 0 0
0 0 0 0 0
0 0 0 0 0
0 0 0 0 0
0 0 0 0 0
0 0 0 0 0
0 0 0 0 0
0 0 0 0 0
0 0 0 0 0
0 0 0 0 0
0 0 0 0 0
0 0 0 0 0
0 0 0 0 0
0 0 0 0 0
0 0 0 0 0
0 0 0 0 0
0 0 0 0 0
0 0 0 0 0
0 0 0 0 0
0 0 0 0 0
0 0 0 0 0
0 0 0 0 0
0 0 0 0 0
0 0 0 0 0
0 0 0 0 0
0 0 0 0 0
0 0 0 0 0
0 0 0 0 0
0 0 0 0 0
0 0 0 0 0
0 0 0 0 0
0 0 0 0 0
0 0 0 0 0
0 0 0 0 0
0 0 0 0 0
0 0 0 0 0
0 0 0 0 0
0 0 0 0 0
0 0 0 0 0
0 0 0 0 0
0 0 0 0 0
0 0 0 0 0
0 0 0 0 0
0 0 0 0 0
0 0 0 0 0
0 0 0 0 0
0 0 0 0 0
0 0 0 0 0
0 0 0 0 0
0 0 0 0 0
0 0 0 0 0
0 0 0 0 0
0 0 0 0 0
0 0 0 0 0
0 0 0 0 0
0 0 0 0 0
0 0 0 0 0
0 0 0 0 0
0 0 0 0 0
0 0 0 0 0
0 0 0 0 0
0 0 0 0 0
0 0 0 0 0
0 0 0 0 0
0 0 0 0 0
0 0 0 0 0
0 0 0 0 0
0 0 0 0 0
0 0 0 0 0
0 0 0 0 0
0 0 0 0 0
0 0 0 0 0
0 0 0 0 0
0 0 0 0 0
0 0 0 0 0
0 0 0 0 0
0 0 0 0 0
0 0 0 0 0
0 0 0 0 0
0 0 0 0 0
0 0 0 0 0
0 0 0 0 0
0 0 0 0 0
0 0 0 0 0
0 0 0 0 0
0 0 0 0 0
0 0 0 0 0
0 0 0 0 0
0 0 0 0 0
0 0 0 0 0
0 0 0 0 0
0 0 0 0 0
0 0 0 0 0
0 0 0 0 0
0 0 0 0 0
0 0 0 0 0
0 0 0 0 0
0 0 0 0 0
0 0 0 0 0
0 0 0 0 0
0 0 0 0 0
0 0 0 0 0
0 0 0 0 0
0 0 0 0 0
0 0 0 0 0
0 0 0 0 0
0 0 0 0 0
0 0 0 0 0
0 0 0 0 0
0 0 0 0 0
0 0 0 0 0
0 0 0 0 0
0 0 0 0 0
0 0 0 0 0
0 0 0 0 0
0 0 0 0 0
0 0 0 0 0
0 0 0 0 0
0 0 0 0 0
0 0 0 0 0
0 0 0 0 0
0 0 0 0 0
0 0 0 0 0
0 0 0 0 0
0 0 0 0 0
0 0 0 0 0
0 0 0 0 0
0 0 0 0 0
0 0 0 0 0
0 0 0 0 0
0 0 0 0 0
0 0 0 0 0
0 0 0 0 0
0 0 0 0 0
0 0 0 0 0
0 0 0 0 0
0 0 0 0 0
0 0 0 0 0
0 0 0 0 0
0 0 0 0 0
0 0 0 0 0
0 0 0 0 0
0 0 0 0 0
0 0 0 0 0
0 0 0 0 0
0 0 0 0 0
0 0 0 0 0
0 0 0 0 0
0 0 0 0 0
0 0 0 0 0
0 0 0 0 0
0 0 0 0 0
0 0 0 0 0
0 0 0 0 0
0 0 0 0 0
0 0 0 0 0
0 0 0 0 0
0 0 0 0 0
0 0 0 0 0
0 0 0 0 0
0 0 0 0 0
0 0 0 0 0
0 0 0 0 0
0 0 0 0 0
0 0 0 0 0
0 0 0 0 0
0 0 0 0 0
0 0 0 0 0
0 0 0 0 0
0 0 0 0 0
0 0 0 0 0
0 0 0 0 0
0 0 0 0 0
0 0 0 0 0
0 0 0 0 0
0 0 0 0 0
0 0 0 0 0
0 0 0 0 0
0 0 0 0 0
0 0 0 0 0
0 0 0 0 0
0 0 0 0 0
0 0 0 0 0
0 0 0 0 0
0 0 0 0 0
0 0 0 0 0
0 0 0 0 0
0 0 0 0 0
0 0 0 0 0
0 0 0 0 0
0 0 0 0 0
0 0 0 0 0
0 0 0 0 0
0 0 0 0 0
0 0 0 0 0
0 0 0 0 0
0 0 0 0 0
0 0 0 0 0
0 0 0 0 0
0 0 0 0 0
0 0 0 0 0
0 0 0 0 0
0 0 0 0 0
0 0 0 0 0
0 0 0 0 0
0 0 0 0 0
0 0 0 0 0
0 0 0 0 0
0 0 0 0 0
0 0 0 0 0
0 0 0 0 0
0 0 0 0 0
0 0 0 0 0
0 0 0 0 0
0 0 0 0 0
0 0 0 0 0
0 0 0 0 0
0 0 0 0 0
0 0 0 0 0
0 0 0 0 0
0 0 0 0 0
0 0 0 0 0
0 0 0 0 0
0 0 0 0 0
0 0 0 0 0
0 0 0 0 0
0 0 0 0 0
0 0 0 0 0
0 0 0 0 0
0 0 0 0 0
0 0 0 0 0
0 0 0 0 0
0 0 0 0 0
0 0 0 0 0
0 0 0 0 0
0 0 0 0 0
0 0 0 0 0
0 0 0 0 0
0 0 0 0 0
0 0 0 0 0
0 0 0 0 0
0 0 0 0 0
0 0 0 0 0
0 0 0 0 0
0 0 0 0 0
0 0 0 0 0
0 0 0 0 0
0 0 0 0 0
0 0 0 0 0
0 0 0 0 0
0 0 0 0 0
0 0 0 0 0
0 0 0 0 0
0 0 0 0 0
0 0 0 0 0
0 0 0 0 0
0 0 0 0 0
0 0 0 0 0
0 0 0 0 0
0 0 0 0 0
0 0 0 0 0
0 0 0 0 0
0 0 0 0 0
0 0 0 0 0
0 0 0 0 0
0 0 0 0 0
0 0 0 0 0
0 0 0 0 0
0 0 0 0 0
0 0 0 0 0
0 0 0 0 0
0 0 0 0 0
0 0 0 0 0
0 0 0 0 0
0 0 0 0 0
0 0 0 0 0
0 0 0 0 0
0 0 0 0 0
0 0 0 0 0
0 0 0 0 0
0 0 0 0 0
0 0 0 0 0
0 0 0 0 0
0 0 0 0 0
0 0 0 0 0
0 0 0 0 0
0 0 0 0 0
0 0 0 0 0
0 0 0 0 0
0 0 0 0 0
0 0 0 0 0
0 0 0 0 0
0 0 0 0 0
0 0 0 0 0
0 0 0 0 0
0 0 0 0 0
0 0 0 0 0
0 0 0 0 0
0 0 0 0 0
0 0 0 0 0
0 0 0 0 0
0 0 0 0 0
0 0 0 0 0
0 0 0 0 0
0 0 0 0 0
0 0 0 0 0
0 0 0 0 0
0 0 0 0 0
0 0 0 0 0
0 0 0 0 0
0 0 0 0 0
0 0 0 0 0
0 0 0 0 0
0 0 0 0 0
0 0 0 0 0
0 0 0 0 0
0 0 0 0 0
0 0 0 0 0
0 0 0 0 0
0 0 0 0 0
0 0 0 0 0
0 0 0 0 0
0 0 0 0 0
0 0 0 0 0
0 0 0 0 0
0 0 0 0 0
0 0 0 0 0
0 0 0 0 0
0 0 0 0 0
0 0 0 0 0
0 0 0 0 0
0 0 0 0 0
0 0 0 0 0
0 0 0 0 0
0 0 0 0 0
0 0 0 0 0
0 0 0 0 0
0 0 0 0 0
0 0 0 0 0
0 0 0 0 0
0 0 0 0 0
0 0 0 0 0
0 0 0 0 0
0 0 0 0 0
0 0 0 0 0
0 0 0 0 0
0 0 0 0 0
0 0 0 0 0
0 0 0 0 0
0 0 0 0 0
0 0 0 0 0
0 0 0 0 0
0 0 0 0 0
0 0 0 0 0
0 0 0 0 0
0 0 0 0 0
0 0 0 0 0
0 0 0 0 0
0 0 0 0 0
0 0 0 0 0
0 0 0 0 0
0 0 0 0 0
0 0 0 0 0
0 0 0 0 0
0 0 0 0 0
0 0 0 0 0
0 0 0 0 0
0 0 0 0 0
0 0 0 0 0
0 0 0 0 0
0 0 0 0 0
0 0 0 0 0
0 0 0 0 0
0 0 0 0 0
0 0 0 0 0
0 0 0 0 0
0 0 0 0 0
0 0 0 0 0
0 0 0 0 0
0 0 0 0 0
0 0 0 0 0
0 0 0 0 0
0 0 0 0 0
0 0 0 0 0
0 0 0 0 0
0 0 0 0 0
0 0 0 0 0
0 0 0 0 0
0 0 0 0 0
0 0 0 0 0
0 0 0 0 0
0 0 0 0 0
0 0 0 0 0
0 0 0 0 0
0 0 0 0 0
0 0 0 0 0
0 0 0 0 0
0 0 0 0 0
0 0 0 0 0
0 0 0 0 0
0 0 0 0 0
0 0 0 0 0
0 0 0 0 0
0 0 0 0 0
0 0 0 0 0
0 0 0 0 0
0 0 0 0 0
0 0 0 0 0
0 0 0 0 0
0 0 0 0 0
0 0 0 0 0
0 0 0 0 0
0 0 0 0 0
0 0 0 0 0
0 0 0 0 0
0 0 0 0 0
0 0 0 0 0
0 0 0 0 0
0 0 0 0 0
0 0 0 0 0
0 0 0 0 0
0 0 0 0 0
0 0 0 0 0
0 0 0 0 0
0 0 0 0 0
0 0 0 0 0
0 0 0 0 0
0 0 0 0 0
0 0 0 0 0
0 0 0 0 0
0 0 0 0 0
0 0 0 0 0
0 0 0 0 0
0 0 0 0 0
0 0 0 0 0
0 0 0 0 0
0 0 0 0 0
0 0 0 0 0
0 0 0 0 0
0 0 0 0 0
0 0 0 0 0
0 0 0 0 0
0 0 0 0 0
0 0 0 0 0
0 0 0 0 0
0 0 0 0 0
0 0 0 0 0
0 0 0 0 0
0 0 0 0 0
0 0 0 0 0
0 0 0 0 0
0 0 0 0 0
0 0 0 0 0
0 0 0 0 0
0 0 0 0 0
0 0 0 0 0
0 0 0 0 0
0 0 0 0 0
0 0 0 0 0
0 0 0 0 0
0 0 0 0 0
0 0 0 0 0
0 0 0 0 0
0 0 0 0 0
0 0 0 0 0
0 0 0 0 0
0 0 0 0 0
0 0 0 0 0
0 0 0 0 0
0 0 0 0 0
0 0 0 0 0
0 0 0 0 0
0 0 0 0 0
0 0 0 0 0
0 0 0 0 0
0 0 0 0 0
0 0 0 0 0
0 0 0 0 0
0 0 0 0 0
0 0 0 0 0
0 0 0 0 0
0 0 0 0 0
0 0 0 0 0
0 0 0 0 0
0 0 0 0 0
0 0 0 0 0
0 0 0 0 0
0 0 0 0 0
0 0 0 0 0
0 0 0 0 0
0 0 0 0 0
0 0 0 0 0
0 0 0 0 0
0 0 0 0 0
0 0 0 0 0
0 0 0 0 0
0 0 0 0 0
0 0 0 0 0
0 0 0 0 0
0 0 0 0 0
0 0 0 0 0
0 0 0 0 0
0 0 0 0 0
0 0 0 0 0
0 0 0 0 0
0 0 0 0 0
0 0 0 0 0
0 0 0 0 0
0 0 0 0 0
0 0 0 0 0
0 0 0 0 0
0 0 0 0 0
0 0 0 0 0
0 0 0 0 0
0 0 0 0 0
0 0 0 0 0
0 0 0 0 0
0 0 0 0 0
0 0 0 0 0
0 0 0 0 0
0 0 0 0 0
0 0 0 0 0
0 0 0 0 0
0 0 0 0 0
0 0 0 0 0
0 0 0 0 0
0 0 0 0 0
0 0 0 0 0
0 0 0 0 0
0 0 0 0 0
0 0 0 0 0
0 0 0 0 0
0 0 0 0 0
0 0 0 0 0
0 0 0 0 0
0 0 0 0 0
0 0 0 0 0
0 0 0 0 0
0 0 0 0 0
0 0 0 0 0
0 0 0 0 0
0 0 0 0 0
0 0 0 0 0
0 0 0 0 0
0 0 0 0 0
0 0 0 0 0
0 0 0 0 0
0 0 0 0 0
0 0 0 0 0
0 0 0 0 0
0 0 0 0 0
0 0 0 0 0
0 0 0 0 0
0 0 0 0 0
0 0 0 0 0
0 0 0 0 0
0 0 0 0 0
0 0 0 0 0
0 0 0 0 0
0 0 0 0 0
0 0 0 0 0
0 0 0 0 0
0 0 0 0 0
0 0 0 0 0
0 0 0 0 0
0 0 0 0 0
0 0 0 0 0
0 0 0 0 0
0 0 0 0 0
0 0 0 0 0
0 0 0 0 0
0 0 0 0 0
0 0 0 0 0
0 0 0 0 0
0 0 0 0 0
0 0 0 0 0
0 0 0 0 0
0 0 0 0 0
0 0 0 0 0
0 0 0 0 0
0 0 0 0 0
0 0 0 0 0
0 0 0 0 0
0 0 0 0 0
0 0 0 0 0
0 0 0 0 0
0 0 0 0 0
0 0 0 0 0
0 0 0 0 0
0 0 0 0 0
0 0 0 0 0
0 0 0 0 0
0 0 0 0 0
0 0 0 0 0
0 0 0 0 0
0 0 0 0 0
0 0 0 0 0
0 0 0 0 0
0 0 0 0 0
0 0 0 0 0
0 0 0 0 0
0 0 0 0 0
0 0 0 0 0
0 0 0 0 0
0 0 0 0 0
0 0 0 0 0
0 0 0 0 0
0 0 0 0 0
0 0 0 0 0
0 0 0 0 0
0 0 0 0 0
0 0 0 0 0
0 0 0 0 0
0 0 0 0 0
0 0 0 0 0
0 0 0 0 0
0 0 0 0 0
0 0 0 0 0
0 0 0 0 0
0 0 0 0 0
0 0 0 0 0
0 0 0 0 0
0 0 0 0 0
0 0 0 0 0
0 0 0 0 0
0 0 0 0 0
0 0 0 0 0
0 0 0 0 0
0 0 0 0 0
0 0 0 0 0
0 0 0 0 0
0 0 0 0 0
0 0 0 0 0
0 0 0 0 0
0 0 0 0 0
0 0 0 0 0
0 0 0 0 0
0 0 0 0 0
0 0 0 0 0
0 0 0 0 0
0 0 0 0 0
0 0 0 0 0
0 0 0 0 0
0 0 0 0 0
0 0 0 0 0
0 0 0 0 0
0 0 0 0 0
0 0 0 0 0
0 0 0 0 0
0 0 0 0 0
0 0 0 0 0
0 0 0 0 0
0 0 0 0 0
0 0 0 0 0
0 0 0 0 0
0 0 0 0 0
0 0 0 0 0
0 0 0 0 0
0 0 0 0 0
0 0 0 0 0
0 0 0 0 0
0 0 0 0 0
0 0 0 0 0
0 0 0 0 0
0 0 0 0 0
0 0 0 0 0
0 0 0 0 0
0 0 0 0 0
0 0 0 0 0
0 0 0 0 0
0 0 0 0 0
0 0 0 0 0
0 0 0 0 0
0 0 0 0 0
0 0 0 0 0
0 0 0 0 0
0 0 0 0 0
0 0 0 0 0
0 0 0 0 0
0 0 0 0 0
0 0 0 0 0
0 0 0 0 0
0 0 0 0 0
0 0 0 0 0
0 0 0 0 0
0 0 0 0 0
0 0 0 0 0
0 0 0 0 0
0 0 0 0 0
0 0 0 0 0
0 0 0 0 0
0 0 0 0 0
0 0 0 0 0
0 0 0 0 0
0 0 0 0 0
0 0 0 0 0
0 0 0 0 0
0 0 0 0 0
0 0 0 0 0
0 0 0 0 0
0 0 0 0 0
0 0 0 0 0
0 0 0 0 0
0 0 0 0 0
0 0 0 0 0
0 0 0 0 0
0 0 0 0 0
0 0 0 0 0
0 0 0 0 0
0 0 0 0 0
0 0 0 0 0
0 0 0 0 0
0 0 0 0 0
0 0 0 0 0
0 0 0 0 0
0 0 0 0 0
0 0 0 0 0
0 0 0 0 0
0 0 0 0 0
0 0 0 0 0
0 0 0 0 0
0 0 0 0 0
0 0 0 0 0
0 0 0 0 0
0 0 0 0 0
0 0 0 0 0
0 0 0 0 0
0 0 0 0 0
0 0 0 0 0
0 0 0 0 0
0 0 0 0 0
0 0 0 0 0
0 0 0 0 0
0 0 0 0 0
0 0 0 0 0
0 0 0 0 0
0 0 0 0 0
0 0 0 0 0
0 0 0 0 0
0 0 0 0 0
0 0 0 0 0
0 0 0 0 0
0 0 0 0 0
0 0 0 0 0
0 0 0 0 0
0 0 0 0 0
0 0 0 0 0
0 0 0 0 0
0 0 0 0 0
0 0 0 0 0
0 0 0 0 0
0 0 0 0 0
0 0 0 0 0
0 0 0 0 0
0 0 0 0 0
0 0 0 0 0
0 0 0 0 0
0 0 0 0 0
0 0 0 0 0
0 0 0 0 0
0 0 0 0 0
0 0 0 0 0
0 0 0 0 0
0 0 0 0 0
0 0 0 0 0
0 0 0 0 0
0 0 0 0 0
0 0 0 0 0
0 0 0 0 0
0 0 0 0 0
0 0 0 0 0
0 0 0 0 0
0 0 0 0 0
0 0 0 0 0
0 0 0 0 0
0 0 0 0 0
0 0 0 0 0
0 0 0 0 0
0 0 0 0 0
0 0 0 0 0
0 0 0 0 0
0 0 0 0 0
0 0 0 0 0
0 0 0 0 0
0 0 0 0 0
0 0 0 0 0
0 0 0 0 0
0 0 0 0 0
0 0 0 0 0
0 0 0 0 0
0 0 0 0 0
0 0 0 0 0
0 0 0 0 0
0 0 0 0 0
0 0 0 0 0
0 0 0 0 0
0 0 0 0 0
0 0 0 0 0
0 0 0 0 0
0 0 0 0 0
0 0 0 0 0
0 0 0 0 0
0 0 0 0 0
0 0 0 0 0
0 0 0 0 0
0 0 0 0 0
0 0 0 0 0
0 0 0 0 0
0 0 0 0 0
0 0 0 0 0
0 0 0 0 0
0 0 0 0 0
0 0 0 0 0
0 0 0 0 0
0 0 0 0 0
0 0 0 0 0
0 0 0 0 0
0 0 0 0 0
0 0 0 0 0
0 0 0 0 0
0 0 0 0 0
0 0 0 0 0
0 0 0 0 0
0 0 0 0 0
0 0 0 0 0
0 0 0 0 0
0 0 0 0 0
0 0 0 0 0
0 0 0 0 0
0 0 0 0 0
0 0 0 0 0
0 0 0 0 0
0 0 0 0 0
0 0 0 0 0
0 0 0 0 0
0 0 0 0 0
0 0 0 0 0
0 0 0 0 0
0 0 0 0 0
0 0 0 0 0
0 0 0 0 0
0 0 0 0 0
0 0 0 0 0
0 0 0 0 0
0 0 0 0 0
0 0 0 0 0
0 0 0 0 0
0 0 0 0 0
0 0 0 0 0
0 0 0 0 0
0 0 0 0 0
0 0 0 0 0
0 0 0 0 0
0 0 0 0 0
0 0 0 0 0
0 0 0 0 0
0 0 0 0 0
0 0 0 0 0
0 0 0 0 0
0 0 0 0 0
0 0 0 0 0
0 0 0 0 0
0 0 0 0 0
0 0 0 0 0
0 0 0 0 0
0 0 0 0 0
0 0 0 0 0
0 0 0 0 0
0 0 0 0 0
0 0 0 0 0
0 0 0 0 0
0 0 0 0 0
0 0 0 0 0
0 0 0 0 0
0 0 0 0 0
0 0 0 0 0
0 0 0 0 0
0 0 0 0 0
0 0 0 0 0
0 0 0 0 0
0 0 0 0 0
0 0 0 0 0
0 0 0 0 0
0 0 0 0 0
0 0 0 0 0
0 0 0 0 0
0 0 0 0 0
0 0 0 0 0
0 0 0 0 0
0 0 0 0 0
0 0 0 0 0
0 0 0 0 0
0 0 0 0 0
0 0 0 0 0
0 0 0 0 0
0 0 0 0 0
0 0 0 0 0
0 0 0 0 0
0 0 0 0 0
0 0 0 0 0
0 0 0 0 0
0 0 0 0 0
0 0 0 0 0
0 0 0 0 0
0 0 0 0 0
0 0 0 0 0
0 0 0 0 0
0 0 0 0 0
0 0 0 0 0
0 0 0 0 0
0 0 0 0 0
0 0 0 0 0
0 0 0 0 0
0 0 0 0 0
0 0 0 0 0
0 0 0 0 0
0 0 0 0 0
0 0 0 0 0
0 0 0 0 0
0 0 0 0 0
0 0 0 0 0
0 0 0 0 0
0 0 0 0 0
0 0 0 0 0
0 0 0 0 0
0 0 0 0 0
0 0 0 0 0
0 0 0 0 0
0 0 0 0 0
0 0 0 0 0
0 0 0 0 0
0 0 0 0 0
0 0 0 0 0
0 0 0 0 0
0 0 0 0 0
0 0 0 0 0
0 0 0 0 0
0 0 0 0 0
0 0 0 0 0
0 0 0 0 0
0 0 0 0 0
0 0 0 0 0
0 0 0 0 0
0 0 0 0 0
0 0 0 0 0
0 0 0 0 0
0 0 0 0 0
0 0 0 0 0
0 0 0 0 0
0 0 0 0 0
0 0 0 0 0
0 0 0 0 0
0 0 0 0 0
0 0 0 0 0
0 0 0 0 0
0 0 0 0 0
0 0 0 0 0
0 0 0 0 0
0 0 0 0 0
0 0 0 0 0
0 0 0 0 0
0 0 0 0 0
0 0 0 0 0
0 0 0 0 0
0 0 0 0 0
0 0 0 0 0
0 0 0 0 0
0 0 0 0 0
0 0 0 0 0
0 0 0 0 0
0 0 0 0 0
0 0 0 0 0
0 0 0 0 0
0 0 0 0 0
0 0 0 0 0
0 0 0 0 0
0 0 0 0 0
0 0 0 0 0
0 0 0 0 0
0 0 0 0 0
0 0 0 0 0
0 0 0 0 0
0 0 0 0 0
0 0 0 0 0
0 0 0 0 0
0 0 0 0 0
0 0 0 0 0
0 0 0 0 0
0 0 0 0 0
0 0 0 0 0
0 0 0 0 0
0 0 0 0 0
0 0 0 0 0
0 0 0 0 0
0 0 0 0 0
0 0 0 0 0
0 0 0 0 0
0 0 0 0 0
0 0 0 0 0
0 0 0 0 0
0 0 0 0 0
0 0 0 0 0
0 0 0 0 0
0 0 0 0 0
0 0 0 0 0
0 0 0 0 0
0 0 0 0 0
0 0 0 0 0
0 0 0 0 0
0 0 0 0 0
0 0 0 0 0
0 0 0 0 0
0 0 0 0 0
0 0 0 0 0
0 0 0 0 0
0 0 0 0 0
0 0 0 0 0
0 0 0 0 0
0 0 0 0 0
0 0 0 0 0
0 0 0 0 0
0 0 0 0 0
0 0 0 0 0
0 0 0 0 0
0 0 0 0 0
0 0 0 0 0
0 0 0 0 0
0 0 0 0 0
0 0 0 0 0
0 0 0 0 0
0 0 0 0 0
0 0 0 0 0
0 0 0 0 0
0 0 0 0 0
0 0 0 0 0
0 0 0 0 0
0 0 0 0 0
0 0 0 0 0
0 0 0 0 0
0 0 0 0 0
0 0 0 0 0
0 0 0 0 0
0 0 0 0 0
0 0 0 0 0
0 0 0 0 0
0 0 0 0 0
0 0 0 0 0
0 0 0 0 0
0 0 0 0 0
0 0 0 0 0
0 0 0 0 0
0 0 0 0 0
0 0 0 0 0
0 0 0 0 0
0 0 0 0 0
0 0 0 0 0
0 0 0 0 0
0 0 0 0 0
0 0 0 0 0
0 0 0 0 0
0 0 0 0 0
0 0 0 0 0
0 0 0 0 0
0 0 0 0 0
0 0 0 0 0
0 0 0 0 0
0 0 0 0 0
0 0 0 0 0
0 0 0 0 0
0 0 0 0 0
0 0 0 0 0
0 0 0 0 0
0 0 0 0 0
0 0 0 0 0
0 0 0 0 0
0 0 0 0 0
0 0 0 0 0
0 0 0 0 0
0 0 0 0 0
0 0 0 0 0
0 0 0 0 0
0 0 0 0 0
0 0 0 0 0
0 0 0 0 0
0 0 0 0 0
0 0 0 0 0
0 0 0 0 0
0 0 0 0 0
0 0 0 0 0
0 0 0 0 0
0 0 0 0 0
0 0 0 0 0
0 0 0 0 0
0 0 0 0 0
0 0 0 0 0
0 0 0 0 0
0 0 0 0 0
0 0 0 0 0
0 0 0 0 0
0 0 0 0 0
0 0 0 0 0
0 0 0 0 0
0 0 0 0 0
0 0 0 0 0
0 0 0 0 0
0 0 0 0 0
0 0 0 0 0
0 0 0 0 0
0 0 0 0 0
0 0 0 0 0
0 0 0 0 0
0 0 0 0 0
0 0 0 0 0
0 0 0 0 0
0 0 0 0 0
0 0 0 0 0
0 0 0 0 0
0 0 0 0 0
0 0 0 0 0
0 0 0 0 0
0 0 0 0 0
0 0 0 0 0
0 0 0 0 0
0 0 0 0 0
0 0 0 0 0
0 0 0 0 0
0 0 0 0 0
0 0 0 0 0
0 0 0 0 0
0 0 0 0 0
0 0 0 0 0
0 0 0 0 0
0 0 0 0 0
0 0 0 0 0
0 0 0 0 0
0 0 0 0 0
0 0 0 0 0
0 0 0 0 0
0 0 0 0 0
0 0 0 0 0
0 0 0 0 0
0 0 0 0 0
0 0 0 0 0
0 0 0 0 0
0 0 0 0 0
0 0 0 0 0
0 0 0 0 0
0 0 0 0 0
0 0 0 0 0
0 0 0 0 0
0 0 0 0 0
0 0 0 0 0
0 0 0 0 0
0 0 0 0 0
0 0 0 0 0
0 0 0 0 0
0 0 0 0 0
0 0 0 0 0
0 0 0 0 0
0 0 0 0 0
0 0 0 0 0
0 0 0 0 0
0 0 0 0 0
0 0 0 0 0
0 0 0 0 0
0 0 0 0 0
0 0 0 0 0
0 0 0 0 0
0 0 0 0 0
0 0 0 0 0
0 0 0 0 0
0 0 0 0 0
0 0 0 0 0
0 0 0 0 0
0 0 0 0 0
0 0 0 0 0
0 0 0 0 0
0 0 0 0 0
0 0 0 0 0
0 0 0 0 0
0 0 0 0 0
0 0 0 0 0
0 0 0 0 0
0 0 0 0 0
0 0 0 0 0
0 0 0 0 0
0 0 0 0 0
0 0 0 0 0
0 0 0 0 0
0 0 0 0 0
0 0 0 0 0
0 0 0 0 0
0 0 0 0 0
0 0 0 0 0
0 0 0 0 0
0 0 0 0 0
0 0 0 0 0
0 0 0 0 0
0 0 0 0 0
0 0 0 0 0
0 0 0 0 0
0 0 0 0 0
0 0 0 0 0
0 0 0 0 0
0 0 0 0 0
0 0 0 0 0
0 0 0 0 0
0 0 0 0 0
0 0 0 0 0
0 0 0 0 0
0 0 0 0 0
0 0 0 0 0
0 0 0 0 0
0 0 0 0 0
0 0 0 0 0
0 0 0 0 0
0 0 0 0 0
0 0 0 0 0
0 0 0 0 0
0 0 0 0 0
0 0 0 0 0
0 0 0 0 0
0 0 0 0 0
0 0 0 0 0
0 0 0 0 0
0 0 0 0 0
0 0 0 0 0
0 0 0 0 0
0 0 0 0 0
0 0 0 0 0
0 0 0 0 0
0 0 0 0 0
0 0 0 0 0
0 0 0 0 0
0 0 0 0 0
0 0 0 0 0
0 0 0 0 0
0 0 0 0 0
0 0 0 0 0
0 0 0 0 0
0 0 0 0 0
0 0 0 0 0
0 0 0 0 0
0 0 0 0 0
0 0 0 0 0
0 0 0 0 0
0 0 0 0 0
0 0 0 0 0
0 0 0 0 0
0 0 0 0 0
0 0 0 0 0
0 0 0 0 0
0 0 0 0 0
0 0 0 0 0
0 0 0 0 0
0 0 0 0 0
0 0 0 0 0
0 0 0 0 0
0 0 0 0 0
0 0 0 0 0
0 0 0 0 0
0 0 0 0 0
0 0 0 0 0
0 0 0 0 0
0 0 0 0 0
0 0 0 0 0
0 0 0 0 0
0 0 0 0 0
0 0 0 0 0
0 0 0 0 0
0 0 0 0 0
0 0 0 0 0
0 0 0 0 0
0 0 0 0 0
0 0 0 0 0
0 0 0 0 0
0 0 0 0 0
0 0 0 0 0
0 0 0 0 0
0 0 0 0 0
0 0 0 0 0
0 0 0 0 0
0 0 0 0 0
0 0 0 0 0
0 0 0 0 0
0 0 0 0 0
0 0 0 0 0
0 0 0 0 0
0 0 0 0 0
0 0 0 0 0
0 0 0 0 0
0 0 0 0 0
0 0 0 0 0
0 0 0 0 0
0 0 0 0 0
0 0 0 0 0
0 0 0 0 0
0 0 0 0 0
0 0 0 0 0
0 0 0 0 0
0 0 0 0 0
0 0 0 0 0
0 0 0 0 0
0 0 0 0 0
0 0 0 0 0
0 0 0 0 0
0 0 0 0 0
0 0 0 0 0
0 0 0 0 0
0 0 0 0 0
0 0 0 0 0
0 0 0 0 0
0 0 0 0 0
0 0 0 0 0
0 0 0 0 0
0 0 0 0 0
0 0 0 0 0
0 0 0 0 0
0 0 0 0 0
0 0 0 0 0
0 0 0 0 0
0 0 0 0 0
0 0 0 0 0
0 0 0 0 0
0 0 0 0 0
0 0 0 0 0
0 0 0 0 0
0 0 0 0 0
0 0 0 0 0
0 0 0 0 0
0 0 0 0 0
0 0 0 0 0
0 0 0 0 0
0 0 0 0 0
0 0 0 0 0
0 0 0 0 0
0 0 0 0 0
0 0 0 0 0
0 0 0 0 0
0 0 0 0 0
0 0 0 0 0
0 0 0 0 0
0 0 0 0 0
0 0 0 0 0
0 0 0 0 0
0 0 0 0 0
0 0 0 0 0
0 0 0 0 0
0 0 0 0 0
0 0 0 0 0
0 0 0 0 0
0 0 0 0 0
0 0 0 0 0
0 0 0 0 0
0 0 0 0 0
0 0 0 0 0
0 0 0 0 0
0 0 0 0 0
0 0 0 0 0
0 0 0 0 0
0 0 0 0 0
0 0 0 0 0
0 0 0 0 0
0 0 0 0 0
0 0 0 0 0
0 0 0 0 0
0 0 0 0 0
0 0 0 0 0
0 0 0 0 0
0 0 0 0 0
0 0 0 0 0
0 0 0 0 0
0 0 0 0 0
0 0 0 0 0
0 0 0 0 0
0 0 0 0 0
0 0 0 0 0
0 0 0 0 0
0 0 0 0 0
0 0 0 0 0
0 0 0 0 0
0 0 0 0 0
0 0 0 0 0
0 0 0 0 0
0 0 0 0 0
0 0 0 0 0
0 0 0 0 0
0 0 0 0 0
0 0 0 0 0
0 0 0 0 0
0 0 0 0 0
0 0 0 0 0
0 0 0 0 0
0 0 0 0 0
0 0 0 0 0
0 0 0 0 0
0 0 0 0 0
0 0 0 0 0
0 0 0 0 0
0 0 0 0 0
0 0 0 0 0
0 0 0 0 0
0 0 0 0 0
0 0 0 0 0
0 0 0 0 0
0 0 0 0 0
0 0 0 0 0
0 0 0 0 0
0 0 0 0 0
0 0 0 0 0
0 0 0 0 0
0 0 0 0 0
0 0 0 0 0
0 0 0 0 0
0 0 0 0 0
0 0 0 0 0
0 0 0 0 0
0 0 0 0 0
0 0 0 0 0
0 0 0 0 0
0 0 0 0 0
0 0 0 0 0
0 0 0 0 0
0 0 0 0 0
0 0 0 0 0
0 0 0 0 0
0 0 0 0 0
0 0 0 0 0
0 0 0 0 0
0 0 0 0 0
0 0 0 0 0
0 0 0 0 0
0 0 0 0 0
0 0 0 0 0
0 0 0 0 0
0 0 0 0 0
0 0 0 0 0
0 0 0 0 0
0 0 0 0 0
0 0 0 0 0
0 0 0 0 0
0 0 0 0 0
0 0 0 0 0
0 0 0 0 0
0 0 0 0 0
0 0 0 0 0
0 0 0 0 0
0 0 0 0 0
0 0 0 0 0
0 0 0 0 0
0 0 0 0 0
0 0 0 0 0
0 0 0 0 0
0 0 0 0 0
0 0 0 0 0
0 0 0 0 0
0 0 0 0 0
0 0 0 0 0
0 0 0 0 0
0 0 0 0 0
0 0 0 0 0
0 0 0 0 0
0 0 0 0 0
0 0 0 0 0
0 0 0 0 0
0 0 0 0 0
0 0 0 0 0
0 0 0 0 0
0 0 0 0 0
0 0 0 0 0
0 0 0 0 0
0 0 0 0 0
0 0 0 0 0
0 0 0 0 0
0 0 0 0 0
0 0 0 0 0
0 0 0 0 0
0 0 0 0 0
0 0 0 0 0
0 0 0 0 0
0 0 0 0 0
0 0 0 0 0
0 0 0 0 0
0 0 0 0 0
0 0 0 0 0
0 0 0 0 0
0 0 0 0 0
0 0 0 0 0
0 0 0 0 0
0 0 0 0 0
0 0 0 0 0
0 0 0 0 0
0 0 0 0 0
0 0 0 0 0
0 0 0 0 0
0 0 0 0 0
0 0 0 0 0
0 0 0 0 0
0 0 0 0 0
0 0 0 0 0
0 0 0 0 0
0 0 0 0 0
0 0 0 0 0
0 0 0 0 0
0 0 0 0 0
0 0 0 0 0
0 0 0 0 0
0 0 0 0 0
0 0 0 0 0
0 0 0 0 0
0 0 0 0 0
0 0 0 0 0
0 0 0 0 0
0 0 0 0 0
0 0 0 0 0
0 0 0 0 0
0 0 0 0 0
0 0 0 0 0
0 0 0 0 0
0 0 0 0 0
0 0 0 0 0
0 0 0 0 0
0 0 0 0 0
0 0 0 0 0
0 0 0 0 0
0 0 0 0 0
0 0 0 0 0
0 0 0 0 0
0 0 0 0 0
0 0 0 0 0
0 0 0 0 0
0 0 0 0 0
0 0 0 0 0
0 0 0 0 0
0 0 0 0 0
0 0 0 0 0
0 0 0 0 0
0 0 0 0 0
0 0 0 0 0
0 0 0 0 0
0 0 0 0 0
0 0 0 0 0
0 0 0 0 0
0 0 0 0 0
0 0 0 0 0
0 0 0 0 0
0 0 0 0 0
0 0 0 0 0
0 0 0 0 0
0 0 0 0 0
0 0 0 0 0
0 0 0 0 0
0 0 0 0 0
0 0 0 0 0
0 0 0 0 0
0 0 0 0 0
0 0 0 0 0
0 0 0 0 0
0 0 0 0 0
0 0 0 0 0
0 0 0 0 0
0 0 0 0 0
0 0 0 0 0
0 0 0 0 0
0 0 0 0 0
0 0 0 0 0
0 0 0 0 0
0 0 0 0 0
0 0 0 0 0
0 0 0 0 0
0 0 0 0 0
0 0 0 0 0
0 0 0 0 0
0 0 0 0 0
0 0 0 0 0
0 0 0 0 0
0 0 0 0 0
0 0 0 0 0
0 0 0 0 0
0 0 0 0 0
0 0 0 0 0
0 0 0 0 0
0 0 0 0 0
0 0 0 0 0
0 0 0 0 0
0 0 0 0 0
0 0 0 0 0
0 0 0 0 0
0 0 0 0 0
0 0 0 0 0
0 0 0 0 0
0 0 0 0 0
0 0 0 0 0
0 0 0 0 0
0 0 0 0 0
0 0 0 0 0
0 0 0 0 0
0 0 0 0 0
0 0 0 0 0
0 0 0 0 0
0 0 0 0 0
0 0 0 0 0
0 0 0 0 0
0 0 0 0 0
0 0 0 0 0
0 0 0 0 0
0 0 0 0 0
0 0 0 0 0
0 0 0 0 0
0 0 0 0 0
0 0 0 0 0
0 0 0 0 0
0 0 0 0 0
0 0 0 0 0
0 0 0 0 0
0 0 0 0 0
0 0 0 0 0
0 0 0 0 0
0 0 0 0 0
0 0 0 0 0
0 0 0 0 0
0 0 0 0 0
0 0 0 0 0
0 0 0 0 0
0 0 0 0 0
0 0 0 0 0
0 0 0 0 0
0 0 0 0 0
0 0 0 0 0
0 0 0 0 0
0 0 0 0 0
0 0 0 0 0
0 0 0 0 0
0 0 0 0 0
0 0 0 0 0
0 0 0 0 0
0 0 0 0 0
0 0 0 0 0
0 0 0 0 0
0 0 0 0 0
0 0 0 0 0
0 0 0 0 0
0 0 0 0 0
0 0 0 0 0
0 0 0 0 0
0 0 0 0 0
0 0 0 0 0
0 0 0 0 0
0 0 0 0 0
0 0 0 0 0
0 0 0 0 0
0 0 0 0 0
0 0 0 0 0
0 0 0 0 0
0 0 0 0 0
0 0 0 0 0
0 0 0 0 0
0 0 0 0 0
0 0 0 0 0
0 0 0 0 0
0 0 0 0 0
0 0 0 0 0
0 0 0 0 0
0 0 0 0 0
0 0 0 0 0
0 0 0 0 0
0 0 0 0 0
0 0 0 0 0
0 0 0 0 0
0 0 0 0 0
0 0 0 0 0
0 0 0 0 0
0 0 0 0 0
0 0 0 0 0
0 0 0 0 0
0 0 0 0 0
0 0 0 0 0
0 0 0 0 0
0 0 0 0 0
0 0 0 0 0
0 0 0 0 0
0 0 0 0 0
0 0 0 0 0
0 0 0 0 0
0 0 0 0 0
0 0 0 0 0
0 0 0 0 0
0 0 0 0 0
0 0 0 0 0
0 0 0 0 0
0 0 0 0 0
0 0 0 0 0
0 0 0 0 0
0 0 0 0 0
0 0 0 0 0
0 0 0 0 0
0 0 0 0 0
0 0 0 0 0
0 0 0 0 0
0 0 0 0 0
0 0 0 0 0
0 0 0 0 0
0 0 0 0 0
0 0 0 0 0
0 0 0 0 0
0 0 0 0 0
0 0 0 0 0
0 0 0 0 0
0 0 0 0 0
0 0 0 0 0
0 0 0 0 0
0 0 0 0 0
0 0 0 0 0
0 0 0 0 0
0 0 0 0 0
0 0 0 0 0
0 0 0 0 0
0 0 0 0 0
0 0 0 0 0
0 0 0 0 0
0 0 0 0 0
0 0 0 0 0
0 0 0 0 0
0 0 0 0 0
0 0 0 0 0
0 0 0 0 0
0 0 0 0 0
0 0 0 0 0
0 0 0 0 0
0 0 0 0 0
0 0 0 0 0
0 0 0 0 0
0 0 0 0 0
0 0 0 0 0
0 0 0 0 0
0 0 0 0 0
0 0 0 0 0
0 0 0 0 0
0 0 0 0 0
0 0 0 0 0
0 0 0 0 0
0 0 0 0 0
0 0 0 0 0
0 0 0 0 0
0 0 0 0 0
0 0 0 0 0
0 0 0 0 0
0 0 0 0 0
0 0 0 0 0
0 0 0 0 0
0 0 0 0 0
0 0 0 0 0
0 0 0 0 0
0 0 0 0 0
0 0 0 0 0
0 0 0 0 0
0 0 0 0 0
0 0 0 0 0
0 0 0 0 0
0 0 0 0 0
0 0 0 0 0
0 0 0 0 0
0 0 0 0 0
0 0 0 0 0
0 0 0 0 0
0 0 0 0 0
0 0 0 0 0
0 0 0 0 0
0 0 0 0 0
0 0 0 0 0
0 0 0 0 0
0 0 0 0 0
0 0 0 0 0
0 0 0 0 0
0 0 0 0 0
0 0 0 0 0
0 0 0 0 0
0 0 0 0 0
0 0 0 0 0
0 0 0 0 0
0 0 0 0 0
0 0 0 0 0
0 0 0 0 0
0 0 0 0 0
0 0 0 0 0
0 0 0 0 0
0 0 0 0 0
0 0 0 0 0
0 0 0 0 0
0 0 0 0 0
0 0 0 0 0
0 0 0 0 0
0 0 0 0 0
0 0 0 0 0
0 0 0 0 0
0 0 0 0 0
0 0 0 0 0
0 0 0 0 0
0 0 0 0 0
0 0 0 0 0
0 0 0 0 0
0 0 0 0 0
0 0 0 0 0
0 0 0 0 0
0 0 0 0 0
0 0 0 0 0
0 0 0 0 0
0 0 0 0 0
0 0 0 0 0
0 0 0 0 0
0 0 0 0 0
0 0 0 0 0
0 0 0 0 0
0 0 0 0 0
0 0 0 0 0
0 0 0 0 0
0 0 0 0 0
0 0 0 0 0
0 0 0 0 0
0 0 0 0 0
0 0 0 0 0
0 0 0 0 0
0 0 0 0 0
0 0 0 0 0
0 0 0 0 0
0 0 0 0 0
0 0 0 0 0
0 0 0 0 0
0 0 0 0 0
0 0 0 0 0
0 0 0 0 0
0 0 0 0 0
0 0 0 0 0
0 0 0 0 0
0 0 0 0 0
0 0 0 0 0
0 0 0 0 0
0 0 0 0 0
0 0 0 0 0
0 0 0 0 0
0 0 0 0 0
0 0 0 0 0
0 0 0 0 0
0 0 0 0 0
0 0 0 0 0
0 0 0 0 0
0 0 0 0 0
0 0 0 0 0
0 0 0 0 0
0 0 0 0 0
0 0 0 0 0
0 0 0 0 0
0 0 0 0 0
0 0 0 0 0
0 0 0 0 0
0 0 0 0 0
0 0 0 0 0
0 0 0 0 0
0 0 0 0 0
0 0 0 0 0
0 0 0 0 0
0 0 0 0 0
0 0 0 0 0
0 0 0 0 0
0 0 0 0 0
0 0 0 0 0
0 0 0 0 0
0 0 0 0 0
0 0 0 0 0
0 0 0 0 0
0 0 0 0 0
0 0 0 0 0
0 0 0 0 0
0 0 0 0 0
0 0 0 0 0
0 0 0 0 0
0 0 0 0 0
0 0 0 0 0
0 0 0 0 0
0 0 0 0 0
0 0 0 0 0
0 0 0 0 0
0 0 0 0 0
0 0 0 0 0
0 0 0 0 0
0 0 0 0 0
0 0 0 0 0
0 0 0 0 0
0 0 0 0 0
0 0 0 0 0
0 0 0 0 0
0 0 0 0 0
0 0 0 0 0
0 0 0 0 0
0 0 0 0 0
0 0 0 0 0
0 0 0 0 0
0 0 0 0 0
0 0 0 0 0
0 0 0 0 0
0 0 0 0 0
0 0 0 0 0
0 0 0 0 0
0 0 0 0 0
0 0 0 0 0
0 0 0 0 0
0 0 0 0 0
0 0 0 0 0
0 0 0 0 0
0 0 0 0 0
0 0 0 0 0
0 0 0 0 0
0 0 0 0 0
0 0 0 0 0
0 0 0 0 0
0 0 0 0 0
0 0 0 0 0
0 0 0 0 0
0 0 0 0 0
0 0 0 0 0
0 0 0 0 0
0 0 0 0 0
0 0 0 0 0
0 0 0 0 0
0 0 0 0 0
0 0 0 0 0
0 0 0 0 0
0 0 0 0 0
0 0 0 0 0
0 0 0 0 0
0 0 0 0 0
0 0 0 0 0
0 0 0 0 0
0 0 0 0 0
0 0 0 0 0
0 0 0 0 0
0 0 0 0 0
0 0 0 0 0
0 0 0 0 0
0 0 0 0 0
0 0 0 0 0
0 0 0 0 0
0 0 0 0 0
0 0 0 0 0
0 0 0 0 0
0 0 0 0 0
0 0 0 0 0
0 0 0 0 0
0 0 0 0 0
0 0 0 0 0
0 0 0 0 0
0 0 0 0 0
0 0 0 0 0
0 0 0 0 0
0 0 0 0 0
0 0 0 0 0
0 0 0 0 0
0 0 0 0 0
0 0 0 0 0
0 0 0 0 0
