STA EM for 4He (S. Patore et al.)
2 4 STA_EM 900 6
1 0.002 0.004 0.006 0.008 0.01 0.012 0.014 0.016 0.018 0.02 0.022 0.024 0.026 0.028 0.03 0.032 0.034 0.036 0.038 0.04 0.042 0.044 0.046 0.048 0.05 0.052 0.054 0.056 0.058 0.06 0.062 0.064 0.066 0.068 0.07 0.072 0.074 0.076 0.078 0.08 0.082 0.084 0.086 0.088 0.09 0.092 0.094 0.096 0.098 0.1 0.102 0.104 0.106 0.108 0.11 0.112 0.114 0.116 0.118 0.12 0.122 0.124 0.126 0.128 0.13 0.132 0.134 0.136 0.138 0.14 0.142 0.144 0.146 0.148 0.15 0.152 0.154 0.156 0.158 0.16 0.162 0.164 0.166 0.168 0.17 0.172 0.174 0.176 0.178 0.18 0.182 0.184 0.186 0.188 0.19 0.192 0.194 0.196 0.198 0.2 0.202 0.204 0.206 0.208 0.21 0.212 0.214 0.216 0.218 0.22 0.222 0.224 0.226 0.228 0.23 0.232 0.234 0.236 0.238 0.24 0.242 0.244 0.246 0.248 0.25 0.252 0.254 0.256 0.258 0.26 0.262 0.264 0.266 0.268 0.27 0.272 0.274 0.276 0.278 0.28 0.282 0.284 0.286 0.288 0.29 0.292 0.294 0.296 0.298 0.3 0.302 0.304 0.306 0.308 0.31 0.312 0.314 0.316 0.318 0.32 0.322 0.324 0.326 0.328 0.33 0.332 0.334 0.336 0.338 0.34 0.342 0.344 0.346 0.348 0.35 0.352 0.354 0.356 0.358 0.36 0.362 0.364 0.366 0.368 0.37 0.372 0.374 0.376 0.378 0.38 0.382 0.384 0.386 0.388 0.39 0.392 0.394 0.396 0.398 0.4 0.402 0.404 0.406 0.408 0.41 0.412 0.414 0.416 0.418 0.42 0.422 0.424 0.426 0.428 0.43 0.432 0.434 0.436 0.438 0.44 0.442 0.444 0.446 0.448 0.45 0.452 0.454 0.456 0.458 0.46 0.462 0.464 0.466 0.468 0.47 0.472 0.474 0.476 0.478 0.48 0.482 0.484 0.486 0.488 0.49 0.492 0.494 0.496 0.498 0.5 0.502 0.504 0.506 0.508 0.51 0.512 0.514 0.516 0.518 0.52 0.522 0.524 0.526 0.528 0.53 0.532 0.534 0.536 0.538 0.54 0.542 0.544 0.546 0.548 0.55 0.552 0.554 0.556 0.558 0.56 0.562 0.564 0.566 0.568 0.57 0.572 0.574 0.576 0.578 0.58 0.582 0.584 0.586 0.588 0.59 0.592 0.594 0.596 0.598 0.6 0.602 0.604 0.606 0.608 0.61 0.612 0.614 0.616 0.618 0.62 0.622 0.624 0.626 0.628 0.63 0.632 0.634 0.636 0.638 0.64 0.642 0.644 0.646 0.648 0.65 0.652 0.654 0.656 0.658 0.66 0.662 0.664 0.666 0.668 0.67 0.672 0.674 0.676 0.678 0.68 0.682 0.684 0.686 0.688 0.69 0.692 0.694 0.696 0.698 0.7 0.702 0.704 0.706 0.708 0.71 0.712 0.714 0.716 0.718 0.72 0.722 0.724 0.726 0.728 0.73 0.732 0.734 0.736 0.738 0.74 0.742 0.744 0.746 0.748 0.75 0.752 0.754 0.756 0.758 0.76 0.762 0.764 0.766 0.768 0.77 0.772 0.774 0.776 0.778 0.78 0.782 0.784 0.786 0.788 0.79 0.792 0.794 0.796 0.798 0.8 0.802 0.804 0.806 0.808 0.81 0.812 0.814 0.816 0.818 0.82 0.822 0.824 0.826 0.828 0.83 0.832 0.834 0.836 0.838 0.84 0.842 0.844 0.846 0.848 0.85 0.852 0.854 0.856 0.858 0.86 0.862 0.864 0.866 0.868 0.87 0.872 0.874 0.876 0.878 0.88 0.882 0.884 0.886 0.888 0.89 0.892 0.894 0.896 0.898 0.9 0.902 0.904 0.906 0.908 0.91 0.912 0.914 0.916 0.918 0.92 0.922 0.924 0.926 0.928 0.93 0.932 0.934 0.936 0.938 0.94 0.942 0.944 0.946 0.948 0.95 0.952 0.954 0.956 0.958 0.96 0.962 0.964 0.966 0.968 0.97 0.972 0.974 0.976 0.978 0.98 0.982 0.984 0.986 0.988 0.99 0.992 0.994 0.996 0.998 1 1.002 1.004 1.006 1.008 1.01 1.012 1.014 1.016 1.018 1.02 1.022 1.024 1.026 1.028 1.03 1.032 1.034 1.036 1.038 1.04 1.042 1.044 1.046 1.048 1.05 1.052 1.054 1.056 1.058 1.06 1.062 1.064 1.066 1.068 1.07 1.072 1.074 1.076 1.078 1.08 1.082 1.084 1.086 1.088 1.09 1.092 1.094 1.096 1.098 1.1 1.102 1.104 1.106 1.108 1.11 1.112 1.114 1.116 1.118 1.12 1.122 1.124 1.126 1.128 1.13 1.132 1.134 1.136 1.138 1.14 1.142 1.144 1.146 1.148 1.15 1.152 1.154 1.156 1.158 1.16 1.162 1.164 1.166 1.168 1.17 1.172 1.174 1.176 1.178 1.18 1.182 1.184 1.186 1.188 1.19 1.192 1.194 1.196 1.198 1.2 1.202 1.204 1.206 1.208 1.21 1.212 1.214 1.216 1.218 1.22 1.222 1.224 1.226 1.228 1.23 1.232 1.234 1.236 1.238 1.24 1.242 1.244 1.246 1.248 1.25 1.252 1.254 1.256 1.258 1.26 1.262 1.264 1.266 1.268 1.27 1.272 1.274 1.276 1.278 1.28 1.282 1.284 1.286 1.288 1.29 1.292 1.294 1.296 1.298 1.3 1.302 1.304 1.306 1.308 1.31 1.312 1.314 1.316 1.318 1.32 1.322 1.324 1.326 1.328 1.33 1.332 1.334 1.336 1.338 1.34 1.342 1.344 1.346 1.348 1.35 1.352 1.354 1.356 1.358 1.36 1.362 1.364 1.366 1.368 1.37 1.372 1.374 1.376 1.378 1.38 1.382 1.384 1.386 1.388 1.39 1.392 1.394 1.396 1.398 1.4 1.402 1.404 1.406 1.408 1.41 1.412 1.414 1.416 1.418 1.42 1.422 1.424 1.426 1.428 1.43 1.432 1.434 1.436 1.438 1.44 1.442 1.444 1.446 1.448 1.45 1.452 1.454 1.456 1.458 1.46 1.462 1.464 1.466 1.468 1.47 1.472 1.474 1.476 1.478 1.48 1.482 1.484 1.486 1.488 1.49 1.492 1.494 1.496 1.498 1.5 1.502 1.504 1.506 1.508 1.51 1.512 1.514 1.516 1.518 1.52 1.522 1.524 1.526 1.528 1.53 1.532 1.534 1.536 1.538 1.54 1.542 1.544 1.546 1.548 1.55 1.552 1.554 1.556 1.558 1.56 1.562 1.564 1.566 1.568 1.57 1.572 1.574 1.576 1.578 1.58 1.582 1.584 1.586 1.588 1.59 1.592 1.594 1.596 1.598 1.6 1.602 1.604 1.606 1.608 1.61 1.612 1.614 1.616 1.618 1.62 1.622 1.624 1.626 1.628 1.63 1.632 1.634 1.636 1.638 1.64 1.642 1.644 1.646 1.648 1.65 1.652 1.654 1.656 1.658 1.66 1.662 1.664 1.666 1.668 1.67 1.672 1.674 1.676 1.678 1.68 1.682 1.684 1.686 1.688 1.69 1.692 1.694 1.696 1.698 1.7 1.702 1.704 1.706 1.708 1.71 1.712 1.714 1.716 1.718 1.72 1.722 1.724 1.726 1.728 1.73 1.732 1.734 1.736 1.738 1.74 1.742 1.744 1.746 1.748 1.75 1.752 1.754 1.756 1.758 1.76 1.762 1.764 1.766 1.768 1.77 1.772 1.774 1.776 1.778 1.78 1.782 1.784 1.786 1.788 1.79 1.792 1.794 1.796 1.798 1.8
1 0.3 0.4 0.5 0.6 0.7 0.8
0 0 0 0 0
0 0 0 0 0
0 0 0 0 0
0 0 0 0 0
0 0 0 0 0
0 0 0 0 0
3.65005e-06 0 1.25601e-08 0 0
0.00014739 0 0.000149359 0 0
1.80647e-05 0 0 0 0
0 0 0 0 0
5.7446e-05 0 0 0 0
0 0 0 0 0
2.44884e-05 0 1.23174e-07 0 0
0.000419727 0 0.00042191 0 0
4.44907e-05 0 0 0 0
0 0 0 0 0
0.000161605 0 0 0 0
0 0 0 0 0
0.000125104 0 9.44041e-07 0 0
0.00122859 0 0.00143789 0 0
0.000275728 0 0 0 0
0 0 0 0 0
0.000333841 0 0 0 0
0 0 0 0 0
0.000544669 0 6.21892e-06 0 0
0.00311748 0 0.00396149 0 0
0.000888631 0 0 0 0
0 0 0 0 0
0.000596372 0 0 0 0
0 0 0 0 0
0.00207496 0 3.5683e-05 0 0
0.00665977 0 0.0086988 0 0
0.00193339 0 0 0 0
2.7007e-05 0 0 0 0
0.000965452 0 0 0 0
0 0 0 0 0
0.00698951 0 0.000178823 0 0
0.0124958 0 0.016359 0 0
0.00337353 0 0 0 0
8.55201e-05 0 0 0 0
0.00144764 0 0 0 0
0 0 0 0 0
0.0209501 0 0.000783805 0 0
0.0214559 0 0.0278804 0 0
0.0052151 0 0 0 0
0.000183291 0 0 0 0
0.00203634 0 0 0 0
0 0 0 0 0
0.0561859 0 0.00300923 0 0
0.0346161 0 0.0445275 0 0
0.00756275 0 0 0 0
0.000327746 0 0 0 0
0.00270734 0 0 0 0
0 0 0 0 0
0.135604 0 0.0101374 0 0
0.0533039 0 0.067881 0 0
0.0105963 0 3.94345e-05 0 0
0.00052656 0 0 0 0
0.00342109 0 0.000472134 0 0
0 0 0 0 0
0.296364 0 0.0300276 0 0
0.0790732 0 0.0997687 0 0
0.014511 0 0.00777648 0 0
0.000791633 0 0 0 0
0.00412984 0 0.00300686 0 0
0 0 0 0 0
0.590447 0 0.0784226 0 0
0.113694 0 0.14224 0 0
0.0195073 0 0.0191106 0 0
0.0011409 0 0 0 0
0.00478281 0 0.00587775 0 0
0 0 0 0 0
1.0798 0 0.181332 0 0
0.159143 0 0.197554 0 0
0.0258074 0 0.0346001 0 0
0.00159674 0 0 0 0
0.00533257 0 0.00889827 0 0
5.43593e-06 0 0 0 0
1.82536 0 0.373525 0 0
0.21758 0 0.268155 0 0
0.0336798 0 0.0548006 0 0
0.00218289 0 0 0 0
0.00574208 0 0.0118695 0 0
0.000162449 0 0 0 0
2.87222 0 0.691437 0 0
0.291301 0 0.356623 0 0
0.043445 0 0.0802662 0 0
0.00292343 0 0 0 0
0.00599167 0 0.0146073 0 0
0.000377915 0 0 0 0
4.23542 0 1.16285 0 0
0.382674 0 0.465589 0 0
0.0554753 0 0.111547 0 0
0.00384194 0 0 0 0
0.0060812 0 0.0169576 0 0
0.000657346 0 0 0 0
5.89193 0 1.79872 0 0
0.494057 0 0.59764 0 0
0.0701904 0 0.149189 0 0
0.00496084 0 0 0 0
0.00602897 0 0.0188053 0 0
0.00100298 0 0 0 0
7.78183 0 2.59064 0 0
0.627699 0 0.755213 0 0
0.0880489 0 0.193731 0 0
0.00630038 0 0.00166561 0 0
0.00587111 0 0.0200887 0 0
0.00141259 0 0 0 0
9.81818 0 3.51265 0 0
0.785647 0 0.940486 0 0
0.109528 0 0.245703 0 0
0.00787854 0 0.00507234 0 0
0.00565688 0 0.0208028 0 0
0.00187847 0 0 0 0
11.9017 0 4.52505 0 0
0.969641 0 1.15528 0 0
0.135098 0 0.305601 0 0
0.00971133 0 0.00955183 0 0
0.0054414 0 0.0209932 0 0
0.00238689 0 0 0 0
13.9346 0 5.58178 0 0
1.18101 0 1.40094 0 0
0.165202 0 0.373886 0 0
0.0118129 0 0.0152391 0 0
0.00527812 0 0.0207482 0 0
0.00291804 0 0 0 0
15.8316 0 6.63871 0 0
1.42058 0 1.67826 0 0
0.200229 0 0.450962 0 0
0.0141961 0 0.0222619 0 0
0.00521187 0 0.0201857 0 0
0.00344627 0 0.000411035 0 0
17.524 0 7.65642 0 0
1.68858 0 1.98741 0 0
0.240492 0 0.537159 0 0
0.0168737 0 0.0307384 0 0
0.005273 0 0.0194387 0 0
0.00394093 0 0.00271457 0 0
18.9615 0 8.60066 0 0
1.9846 0 2.32786 0 0
0.286212 0 0.632718 0 0
0.0198592 0 0.0407769 0 0
0.0054732 0 0.0186422 0 0
0.00436794 0 0.00526707 0 0
20.1109 0 9.44503 0 0
2.30753 0 2.69835 0 0
0.337521 0 0.737797 0 0
0.0231677 0 0.0524754 0 0
0.00580493 0 0.0179221 0 0
0.00469232 0 0.00797651 0 0
20.9542 0 10.1701 0 0
2.65553 0 3.09691 0 0
0.394459 0 0.852475 0 0
0.0268169 0 0.065923 0 0
0.00624402 0 0.0173891 0 0
0.00488107 0 0.0107352 0 0
21.4881 0 10.7603 0 0
3.02609 0 3.52084 0 0
0.456988 0 0.976759 0 0
0.0308282 0 0.0812018 0 0
0.00675407 0 0.0171355 0 0
0.00490617 0 0.0134276 0 0
21.7223 0 11.2058 0 0
3.41597 0 3.96678 0 0
0.525011 0 1.1106 0 0
0.0352275 0 0.0983887 0 0
0.00729332 0 0.0172362 0 0
0.00474715 0 0.015939 0 0
21.6776 0 11.5046 0 0
3.82137 0 4.43077 0 0
0.598385 0 1.25391 0 0
0.0400461 0 0.117559 0 0
0.00782218 0 0.0177518 0 0
0.00439312 0 0.0181649 0 0
21.3841 0 11.6627 0 0
4.23792 0 4.90831 0 0
0.676941 0 1.40658 0 0
0.0453217 0 0.138787 0 0
0.00830941 0 0.0187306 0 0
0.00384434 0 0.0200202 0 0
20.8774 0 11.6926 0 0
4.66083 0 5.39451 0 0
0.760493 0 1.56847 0 0
0.0510994 0 0.162155 0 0
0.00873706 0 0.020213 0 0
0.00311289 0 0.0214454 0 0
20.1956 0 11.6136 0 0
5.08498 0 5.88413 0 0
0.848851 0 1.73943 0 0
0.0574332 0 0.187752 0 0
0.00910349 0 0.0222346 0 0
0.0022225 0 0.0224117 0 0
19.3772 0 11.4434 0 0
5.50509 0 6.37177 0 0
0.94182 0 1.9193 0 0
0.0643869 0 0.215677 0 0
0.00942342 0 0.0248261 0 0
0.00120743 0 0.0229233 0 0
18.4588 0 11.1918 0 0
5.91581 0 6.85196 0 0
1.0392 0 2.10787 0 0
0.0720352 0 0.24605 0 0
0.009726 0 0.0280136 0 0
0.000110681 0 0.0230171 0 0
17.4737 0 10.8747 0 0
6.31189 0 7.31932 0 0
1.14077 0 2.30491 0 0
0.0804642 0 0.279006 0 0
0.0100515 0 0.0318197 0 0
0 0 0.022761 0 0
16.4514 0 10.5099 0 0
6.68829 0 7.76863 0 0
1.24632 0 2.51015 0 0
0.0897718 0 0.314705 0 0
0.0104473 0 0.0362633 0 0
0 0 0.0222486 0 0
15.4168 0 10.1091 0 0
7.04033 0 8.19498 0 0
1.35559 0 2.72324 0 0
0.100067 0 0.353332 0 0
0.0109637 0 0.0413589 0 0
0 0 0.0215934 0 0
14.3902 0 9.68236 0 0
7.3638 0 8.59389 0 0
1.4683 0 2.94376 0 0
0.111468 0 0.395093 0 0
0.0116492 0 0.0471188 0 0
0 0 0.0209211 0 0
13.3877 0 9.2396 0 0
7.65503 0 8.96136 0 0
1.58413 0 3.17124 0 0
0.124104 0 0.440219 0 0
0.0125485 0 0.0535547 0 0
0 0 0.020362 0 0
12.4214 0 8.79034 0 0
7.91097 0 9.29397 0 0
1.70274 0 3.4051 0 0
0.138104 0 0.488956 0 0
0.0137 0 0.0606801 0 0
0 0 0.0200437 0 0
11.5001 0 8.34223 0 0
8.12929 0 9.58894 0 0
1.82373 0 3.64467 0 0
0.153603 0 0.541563 0 0
0.015134 0 0.0685117 0 0
0 0 0.0200842 0 0
10.6295 0 7.90087 0 0
8.30835 0 9.84412 0 0
1.94666 0 3.88923 0 0
0.17073 0 0.598306 0 0
0.0168732 0 0.0770736 0 0
0 0 0.0205863 0 0
9.81307 0 7.47034 0 0
8.44723 0 10.0581 0 0
2.07104 0 4.13795 0 0
0.189605 0 0.659446 0 0
0.0189327 0 0.0863986 0 0
0 0 0.0216337 0 0
9.05222 0 7.05379 0 0
8.54573 0 10.23 0 0
2.19636 0 4.3899 0 0
0.210335 0 0.725231 0 0
0.0213217 0 0.0965295 0 0
0 0 0.0232876 0 0
8.34698 0 6.65375 0 0
8.6043 0 10.3598 0 0
2.32204 0 4.64411 0 0
0.23301 0 0.795892 0 0
0.0240444 0 0.107521 0 0
0 0 0.0255859 0 0
7.69622 0 6.2721 0 0
8.62403 0 10.4479 0 0
2.44749 0 4.89951 0 0
0.257697 0 0.871627 0 0
0.0271021 0 0.119441 0 0
0 0 0.0285426 0 0
7.09802 0 5.91006 0 0
8.60654 0 10.4954 0 0
2.57207 0 5.15499 0 0
0.284438 0 0.952601 0 0
0.030495 0 0.132364 0 0
0 0 0.0321495 0 0
6.54986 0 5.5682 0 0
8.55392 0 10.5037 0 0
2.69514 0 5.40936 0 0
0.313251 0 1.03894 0 0
0.0342237 0 0.146379 0 0
0 0 0.0363778 0 0
6.04888 0 5.24668 0 0
8.46866 0 10.475 0 0
2.81603 0 5.66143 0 0
0.344128 0 1.13071 0 0
0.03829 0 0.161577 0 0
0.00162546 0 0.0411809 0 0
5.59198 0 4.94529 0 0
8.35355 0 10.4114 0 0
2.93408 0 5.90995 0 0
0.377034 0 1.22796 0 0
0.0426975 0 0.178052 0 0
0.00350308 0 0.0464974 0 0
5.17601 0 4.66359 0 0
8.21159 0 10.3156 0 0
3.04863 0 6.15369 0 0
0.411914 0 1.33066 0 0
0.0474518 0 0.195898 0 0
0.00550929 0 0.0522546 0 0
4.7978 0 4.40097 0 0
8.0459 0 10.1903 0 0
3.15904 0 6.39142 0 0
0.448689 0 1.43875 0 0
0.0525593 0 0.215199 0 0
0.00761409 0 0.0583721 0 0
4.45431 0 4.15667 0 0
7.85966 0 10.0386 0 0
3.26471 0 6.6219 0 0
0.487267 0 1.55213 0 0
0.0580265 0 0.236033 0 0
0.00978907 0 0.0647644 0 0
4.1426 0 3.92982 0 0
7.65603 0 9.86345 0 0
3.36505 0 6.84399 0 0
0.527541 0 1.67067 0 0
0.0638586 0 0.258459 0 0
0.0120082 0 0.0713451 0 0
3.85992 0 3.71951 0 0
7.4381 0 9.66781 0 0
3.45953 0 7.05655 0 0
0.569395 0 1.79419 0 0
0.0700578 0 0.282525 0 0
0.0142482 0 0.0780289 0 0
3.60365 0 3.52476 0 0
7.20883 0 9.45468 0 0
3.54768 0 7.25851 0 0
0.612707 0 1.92249 0 0
0.0766224 0 0.308255 0 0
0.0164884 0 0.084735 0 0
3.37135 0 3.34458 0 0
6.97098 0 9.22694 0 0
3.62907 0 7.4489 0 0
0.657353 0 2.05534 0 0
0.0835457 0 0.335661 0 0
0.0187105 0 0.0913885 0 0
3.16075 0 3.17799 0 0
6.72715 0 8.98732 0 0
3.70334 0 7.62681 0 0
0.703211 0 2.1925 0 0
0.0908156 0 0.364733 0 0
0.0208991 0 0.0979232 0 0
2.96974 0 3.024 0 0
6.4797 0 8.73842 0 0
3.77019 0 7.79142 0 0
0.750159 0 2.33372 0 0
0.0984146 0 0.395449 0 0
0.0230411 0 0.104283 0 0
2.79641 0 2.88168 0 0
6.23075 0 8.48265 0 0
3.82938 0 7.94204 0 0
0.798076 0 2.47871 0 0
0.106321 0 0.427772 0 0
0.0251256 0 0.110422 0 0
2.639 0 2.75014 0 0
5.9822 0 8.22223 0 0
3.88075 0 8.07806 0 0
0.846847 0 2.62719 0 0
0.114509 0 0.46166 0 0
0.0271442 0 0.116309 0 0
2.49594 0 2.62855 0 0
5.73568 0 7.95916 0 0
3.92418 0 8.19898 0 0
0.896357 0 2.77886 0 0
0.122952 0 0.497064 0 0
0.0290897 0 0.121922 0 0
2.36578 0 2.51613 0 0
5.49263 0 7.69525 0 0
3.95963 0 8.30443 0 0
0.946498 0 2.93342 0 0
0.131623 0 0.533937 0 0
0.0309564 0 0.127256 0 0
2.24724 0 2.41216 0 0
5.25423 0 7.43211 0 0
3.98711 0 8.39414 0 0
0.99716 0 3.09055 0 0
0.140499 0 0.572237 0 0
0.0327398 0 0.132315 0 0
2.13912 0 2.31595 0 0
5.02148 0 7.17114 0 0
4.00669 0 8.46795 0 0
1.04824 0 3.2499 0 0
0.149559 0 0.611929 0 0
0.0344369 0 0.137117 0 0
2.04035 0 2.22689 0 0
4.79518 0 6.91356 0 0
4.01848 0 8.52582 0 0
1.09962 0 3.41114 0 0
0.158791 0 0.652992 0 0
0.0360459 0 0.141694 0 0
1.94999 0 2.1444 0 0
4.57596 0 6.6604 0 0
4.02265 0 8.56781 0 0
1.15121 0 3.5739 0 0
0.168189 0 0.695419 0 0
0.0375668 0 0.146086 0 0
1.8672 0 2.06793 0 0
4.36429 0 6.41253 0 0
4.01941 0 8.59409 0 0
1.20288 0 3.73782 0 0
0.177756 0 0.739222 0 0
0.039001 0 0.150345 0 0
1.79122 0 1.99698 0 0
4.16051 0 6.17066 0 0
4.009 0 8.60493 0 0
1.25454 0 3.9025 0 0
0.187503 0 0.784429 0 0
0.0403515 0 0.154533 0 0
1.72138 0 1.93111 0 0
3.96483 0 5.93539 0 0
3.99171 0 8.60069 0 0
1.30607 0 4.06754 0 0
0.19745 0 0.831086 0 0
0.0416232 0 0.158717 0 0
1.65709 0 1.86989 0 0
3.77735 0 5.70715 0 0
3.96785 0 8.5818 0 0
1.35734 0 4.23253 0 0
0.207625 0 0.879258 0 0
0.042823 0 0.162974 0 0
1.59778 0 1.81293 0 0
3.59812 0 5.48628 0 0
3.93776 0 8.5488 0 0
1.40826 0 4.39704 0 0
0.218062 0 0.929024 0 0
0.0439597 0 0.167384 0 0
1.54294 0 1.75985 0 0
3.42707 0 5.27302 0 0
3.90179 0 8.50228 0 0
1.45868 0 4.56062 0 0
0.228801 0 0.980477 0 0
0.0450445 0 0.172032 0 0
1.49211 0 1.71031 0 0
3.2641 0 5.06754 0 0
3.86032 0 8.44289 0 0
1.5085 0 4.72284 0 0
0.239884 0 1.03372 0 0
0.0460906 0 0.177008 0 0
1.44488 0 1.664 0 0
3.10905 0 4.86989 0 0
3.81373 0 8.37135 0 0
1.55758 0 4.88322 0 0
0.251357 0 1.08886 0 0
0.047113 0 0.1824 0 0
1.40086 0 1.62064 0 0
2.96171 0 4.68011 0 0
3.76241 0 8.28839 0 0
1.60581 0 5.04132 0 0
0.263264 0 1.146 0 0
0.0481289 0 0.188298 0 0
1.35974 0 1.58 0 0
2.82187 0 4.49814 0 0
3.70678 0 8.19481 0 0
1.65305 0 5.19668 0 0
0.275651 0 1.20527 0 0
0.0491567 0 0.194792 0 0
1.32123 0 1.5419 0 0
2.68927 0 4.32389 0 0
3.64721 0 8.09142 0 0
1.69919 0 5.34881 0 0
0.288558 0 1.26677 0 0
0.0502164 0 0.20197 0 0
1.28505 0 1.50614 0 0
2.56364 0 4.15725 0 0
3.58411 0 7.97903 0 0
1.7441 0 5.49728 0 0
0.302023 0 1.33061 0 0
0.0513287 0 0.209915 0 0
1.251 0 1.47254 0 0
2.44471 0 3.99805 0 0
3.51788 0 7.85848 0 0
1.78765 0 5.64162 0 0
0.31608 0 1.39687 0 0
0.0525153 0 0.21871 0 0
1.21888 0 1.44089 0 0
2.33219 0 3.84611 0 0
3.44889 0 7.7306 0 0
1.82974 0 5.78141 0 0
0.330755 0 1.46564 0 0
0.0537981 0 0.22843 0 0
1.18854 0 1.41101 0 0
2.22581 0 3.70122 0 0
3.37752 0 7.5962 0 0
1.87024 0 5.91619 0 0
0.346069 0 1.53699 0 0
0.0551993 0 0.239146 0 0
1.15987 0 1.3827 0 0
2.12527 0 3.56317 0 0
3.30414 0 7.45609 0 0
1.90904 0 6.04557 0 0
0.362039 0 1.61098 0 0
0.0567405 0 0.250924 0 0
1.13275 0 1.3558 0 0
2.0303 0 3.43172 0 0
3.22909 0 7.31106 0 0
1.94603 0 6.16915 0 0
0.378671 0 1.68764 0 0
0.0584427 0 0.263822 0 0
1.10706 0 1.33019 0 0
1.94063 0 3.30665 0 0
3.15271 0 7.16186 0 0
1.9811 0 6.28656 0 0
0.395969 0 1.767 0 0
0.0603257 0 0.277892 0 0
1.08267 0 1.30577 0 0
1.85598 0 3.18771 0 0
3.07531 0 7.00924 0 0
2.01417 0 6.39742 0 0
0.413928 0 1.84905 0 0
0.062408 0 0.293179 0 0
1.05946 0 1.28246 0 0
1.77611 0 3.07465 0 0
2.99721 0 6.85388 0 0
2.04513 0 6.50144 0 0
0.43254 0 1.93379 0 0
0.0647061 0 0.309722 0 0
1.03731 0 1.26019 0 0
1.70074 0 2.96724 0 0
2.91868 0 6.69644 0 0
2.0739 0 6.59829 0 0
0.451792 0 2.02118 0 0
0.0672344 0 0.327552 0 0
1.01611 0 1.2389 0 0
1.62965 0 2.86523 0 0
2.83999 0 6.53755 0 0
2.10039 0 6.68771 0 0
0.471665 0 2.11117 0 0
0.0700053 0 0.346693 0 0
0.995787 0 1.21854 0 0
1.56261 0 2.76838 0 0
2.76137 0 6.3778 0 0
2.12454 0 6.76946 0 0
0.492137 0 2.20368 0 0
0.073029 0 0.367163 0 0
0.976244 0 1.19905 0 0
1.49938 0 2.67647 0 0
2.68306 0 6.21772 0 0
2.14628 0 6.84332 0 0
0.513184 0 2.29863 0 0
0.0763133 0 0.388974 0 0
0.957407 0 1.18035 0 0
1.43976 0 2.58925 0 0
2.60525 0 6.05782 0 0
2.16554 0 6.90914 0 0
0.534776 0 2.3959 0 0
0.0798634 0 0.412134 0 0
0.939203 0 1.16239 0 0
1.38353 0 2.5065 0 0
2.52813 0 5.89856 0 0
2.18228 0 6.96675 0 0
0.556883 0 2.49538 0 0
0.0836821 0 0.436644 0 0
0.921571 0 1.14509 0 0
1.33052 0 2.42801 0 0
2.45187 0 5.74035 0 0
2.19647 0 7.01605 0 0
0.579469 0 2.59691 0 0
0.0877696 0 0.4625 0 0
0.904469 0 1.1284 0 0
1.28052 0 2.35356 0 0
2.3766 0 5.58359 0 0
2.20807 0 7.05698 0 0
0.602499 0 2.70035 0 0
0.0921242 0 0.489697 0 0
0.887864 0 1.11224 0 0
1.23337 0 2.28295 0 0
2.30247 0 5.42862 0 0
2.21705 0 7.08951 0 0
0.625933 0 2.80552 0 0
0.0967425 0 0.518226 0 0
0.871737 0 1.09659 0 0
1.18889 0 2.21597 0 0
2.2296 0 5.27574 0 0
2.22342 0 7.11362 0 0
0.649729 0 2.91223 0 0
0.101619 0 0.548075 0 0
0.856065 0 1.08141 0 0
1.14693 0 2.15244 0 0
2.15808 0 5.12522 0 0
2.22717 0 7.12936 0 0
0.673846 0 3.02029 0 0
0.106749 0 0.579231 0 0
0.840822 0 1.06667 0 0
1.10733 0 2.09216 0 0
2.08801 0 4.97732 0 0
2.22832 0 7.13681 0 0
0.698239 0 3.12948 0 0
0.112123 0 0.61168 0 0
0.825979 0 1.05237 0 0
1.06996 0 2.03496 0 0
2.01947 0 4.83224 0 0
2.22689 0 7.13606 0 0
0.722862 0 3.23958 0 0
0.117736 0 0.645408 0 0
0.811504 0 1.03846 0 0
1.03466 0 1.98067 0 0
1.95252 0 4.69017 0 0
2.22291 0 7.12727 0 0
0.747668 0 3.35036 0 0
0.123578 0 0.680401 0 0
0.797368 0 1.02492 0 0
1.00132 0 1.92912 0 0
1.88724 0 4.55125 0 0
2.21643 0 7.11059 0 0
0.772609 0 3.46159 0 0
0.129642 0 0.716644 0 0
0.783549 0 1.0117 0 0
0.969806 0 1.88015 0 0
1.82366 0 4.41563 0 0
2.20749 0 7.08624 0 0
0.797637 0 3.57301 0 0
0.135919 0 0.754127 0 0
0.770032 0 0.99877 0 0
0.940006 0 1.8336 0 0
1.76183 0 4.28342 0 0
2.19618 0 7.05444 0 0
0.8227 0 3.68439 0 0
0.1424 0 0.792839 0 0
0.756799 0 0.986087 0 0
0.911808 0 1.78934 0 0
1.70178 0 4.15469 0 0
2.18256 0 7.01545 0 0
0.847748 0 3.79546 0 0
0.14908 0 0.832771 0 0
0.743833 0 0.973626 0 0
0.885106 0 1.74722 0 0
1.64353 0 4.02952 0 0
2.1667 0 6.96955 0 0
0.872728 0 3.90596 0 0
0.155949 0 0.873917 0 0
0.731115 0 0.961376 0 0
0.859799 0 1.70712 0 0
1.58709 0 3.90796 0 0
2.14871 0 6.91703 0 0
0.897584 0 4.01565 0 0
0.163004 0 0.916273 0 0
0.718631 0 0.94934 0 0
0.835795 0 1.66889 0 0
1.53247 0 3.79003 0 0
2.12867 0 6.85822 0 0
0.922262 0 4.12426 0 0
0.170238 0 0.959837 0 0
0.706373 0 0.937533 0 0
0.813003 0 1.63242 0 0
1.47967 0 3.67576 0 0
2.10669 0 6.79344 0 0
0.946705 0 4.23152 0 0
0.177647 0 1.00461 0 0
0.694346 0 0.925978 0 0
0.791338 0 1.5976 0 0
1.42866 0 3.56513 0 0
2.08288 0 6.72305 0 0
0.970856 0 4.33718 0 0
0.185229 0 1.05059 0 0
0.682557 0 0.914698 0 0
0.770721 0 1.56432 0 0
1.37944 0 3.45815 0 0
2.05735 0 6.6474 0 0
0.994657 0 4.44099 0 0
0.19298 0 1.09779 0 0
0.671014 0 0.903701 0 0
0.751074 0 1.53248 0 0
1.33197 0 3.35478 0 0
2.03022 0 6.56686 0 0
1.01805 0 4.54269 0 0
0.200899 0 1.1462 0 0
0.659716 0 0.892988 0 0
0.732329 0 1.50197 0 0
1.28624 0 3.25498 0 0
2.00161 0 6.4818 0 0
1.04097 0 4.64203 0 0
0.208985 0 1.19584 0 0
0.648653 0 0.882548 0 0
0.714417 0 1.47271 0 0
1.24221 0 3.15872 0 0
1.97163 0 6.3926 0 0
1.06337 0 4.73877 0 0
0.217239 0 1.24671 0 0
0.637814 0 0.872365 0 0
0.697277 0 1.44462 0 0
1.19984 0 3.06592 0 0
1.94041 0 6.29962 0 0
1.08517 0 4.83266 0 0
0.225662 0 1.29882 0 0
0.627184 0 0.862426 0 0
0.680851 0 1.4176 0 0
1.15911 0 2.97652 0 0
1.90807 0 6.20324 0 0
1.10634 0 4.92346 0 0
0.234256 0 1.35217 0 0
0.616767 0 0.852713 0 0
0.665084 0 1.3916 0 0
1.11996 0 2.89045 0 0
1.87474 0 6.10384 0 0
1.12679 0 5.01096 0 0
0.243024 0 1.40677 0 0
0.606573 0 0.843212 0 0
0.649926 0 1.36654 0 0
1.08236 0 2.80763 0 0
1.84054 0 6.00177 0 0
1.14649 0 5.09494 0 0
0.251968 0 1.46262 0 0
0.596624 0 0.833904 0 0
0.635332 0 1.34236 0 0
1.04627 0 2.72797 0 0
1.80557 0 5.89739 0 0
1.16537 0 5.17517 0 0
0.261092 0 1.51972 0 0
0.586941 0 0.824776 0 0
0.621259 0 1.31899 0 0
1.01164 0 2.6514 0 0
1.76998 0 5.79105 0 0
1.18338 0 5.25146 0 0
0.270398 0 1.57807 0 0
0.577534 0 0.815817 0 0
0.607667 0 1.29639 0 0
0.978427 0 2.5778 0 0
1.73385 0 5.68309 0 0
1.20048 0 5.32363 0 0
0.279889 0 1.63766 0 0
0.568396 0 0.807019 0 0
0.594521 0 1.2745 0 0
0.946592 0 2.5071 0 0
1.69731 0 5.57383 0 0
1.2166 0 5.39148 0 0
0.289566 0 1.69847 0 0
0.559504 0 0.798376 0 0
0.581787 0 1.25329 0 0
0.916087 0 2.43919 0 0
1.66046 0 5.46359 0 0
1.2317 0 5.45487 0 0
0.299433 0 1.7605 0 0
0.550828 0 0.789875 0 0
0.569437 0 1.2327 0 0
0.886867 0 2.37399 0 0
1.6234 0 5.35265 0 0
1.24575 0 5.51363 0 0
0.30949 0 1.82371 0 0
0.542337 0 0.7815 0 0
0.557443 0 1.2127 0 0
0.858883 0 2.31139 0 0
1.58623 0 5.24131 0 0
1.2587 0 5.56764 0 0
0.319738 0 1.88808 0 0
0.534013 0 0.773241 0 0
0.545783 0 1.19327 0 0
0.832091 0 2.2513 0 0
1.54904 0 5.12982 0 0
1.27052 0 5.61678 0 0
0.330176 0 1.95358 0 0
0.525852 0 0.765098 0 0
0.534435 0 1.17436 0 0
0.806443 0 2.19362 0 0
1.51191 0 5.01844 0 0
1.28117 0 5.66093 0 0
0.340803 0 2.02015 0 0
0.517865 0 0.757079 0 0
0.523381 0 1.15596 0 0
0.781891 0 2.13825 0 0
1.47492 0 4.9074 0 0
1.29063 0 5.70001 0 0
0.351617 0 2.08776 0 0
0.510071 0 0.7492 0 0
0.512603 0 1.13804 0 0
0.75839 0 2.08511 0 0
1.43814 0 4.79691 0 0
1.29886 0 5.73395 0 0
0.362613 0 2.15635 0 0
0.50249 0 0.741467 0 0
0.50209 0 1.12058 0 0
0.735892 0 2.03408 0 0
1.40165 0 4.68719 0 0
1.30586 0 5.76268 0 0
0.373787 0 2.22586 0 0
0.495132 0 0.733876 0 0
0.491828 0 1.10355 0 0
0.714351 0 1.98508 0 0
1.36551 0 4.5784 0 0
1.31161 0 5.78618 0 0
0.385132 0 2.29621 0 0
0.487986 0 0.726412 0 0
0.481808 0 1.08696 0 0
0.693721 0 1.93802 0 0
1.32977 0 4.47073 0 0
1.31609 0 5.80442 0 0
0.39664 0 2.36734 0 0
0.481024 0 0.719061 0 0
0.472023 0 1.07077 0 0
0.673956 0 1.8928 0 0
1.29448 0 4.36432 0 0
1.3193 0 5.81739 0 0
0.408304 0 2.43916 0 0
0.474204 0 0.711811 0 0
0.462468 0 1.05499 0 0
0.655013 0 1.84934 0 0
1.2597 0 4.25932 0 0
1.32124 0 5.8251 0 0
0.420112 0 2.51158 0 0
0.467487 0 0.704653 0 0
0.453136 0 1.03959 0 0
0.636849 0 1.80756 0 0
1.22546 0 4.15584 0 0
1.32191 0 5.82759 0 0
0.432053 0 2.58453 0 0
0.460844 0 0.697581 0 0
0.444026 0 1.02456 0 0
0.619422 0 1.76737 0 0
1.19181 0 4.05399 0 0
1.32133 0 5.82489 0 0
0.444112 0 2.65788 0 0
0.454263 0 0.690588 0 0
0.435135 0 1.00991 0 0
0.602693 0 1.72869 0 0
1.15877 0 3.95387 0 0
1.3195 0 5.81708 0 0
0.456275 0 2.73155 0 0
0.447743 0 0.683661 0 0
0.426462 0 0.995611 0 0
0.586624 0 1.69145 0 0
1.12637 0 3.85557 0 0
1.31643 0 5.80422 0 0
0.468525 0 2.80543 0 0
0.441286 0 0.676797 0 0
0.418006 0 0.981666 0 0
0.57118 0 1.65559 0 0
1.09463 0 3.75915 0 0
1.31216 0 5.78643 0 0
0.480842 0 2.8794 0 0
0.434892 0 0.669995 0 0
0.409766 0 0.968065 0 0
0.556327 0 1.62102 0 0
1.06358 0 3.66468 0 0
1.30671 0 5.76381 0 0
0.493209 0 2.95334 0 0
0.428558 0 0.663263 0 0
0.401742 0 0.954804 0 0
0.542033 0 1.58769 0 0
1.03323 0 3.57221 0 0
1.30009 0 5.73649 0 0
0.505603 0 3.02714 0 0
0.422282 0 0.656604 0 0
0.393934 0 0.941876 0 0
0.528267 0 1.55553 0 0
1.0036 0 3.48177 0 0
1.29236 0 5.70461 0 0
0.518002 0 3.10068 0 0
0.416067 0 0.650012 0 0
0.386342 0 0.929276 0 0
0.515001 0 1.52448 0 0
0.974686 0 3.3934 0 0
1.28355 0 5.66832 0 0
0.530384 0 3.17382 0 0
0.409921 0 0.643472 0 0
0.378964 0 0.916999 0 0
0.502209 0 1.49447 0 0
0.946503 0 3.30712 0 0
1.27369 0 5.62779 0 0
0.542724 0 3.24644 0 0
0.403851 0 0.636957 0 0
0.3718 0 0.905041 0 0
0.489863 0 1.46546 0 0
0.919052 0 3.22296 0 0
1.26283 0 5.58319 0 0
0.554997 0 3.31842 0 0
0.397861 0 0.630445 0 0
0.364849 0 0.893395 0 0
0.47794 0 1.43738 0 0
0.892334 0 3.1409 0 0
1.25102 0 5.5347 0 0
0.567177 0 3.38961 0 0
0.391948 0 0.623926 0 0
0.358109 0 0.882058 0 0
0.466417 0 1.4102 0 0
0.866346 0 3.06096 0 0
1.23831 0 5.48252 0 0
0.579238 0 3.45989 0 0
0.386104 0 0.617409 0 0
0.351578 0 0.871022 0 0
0.455271 0 1.38386 0 0
0.841085 0 2.98314 0 0
1.22474 0 5.42684 0 0
0.591155 0 3.52912 0 0
0.380318 0 0.610921 0 0
0.345254 0 0.860283 0 0
0.444483 0 1.35831 0 0
0.816544 0 2.90742 0 0
1.21036 0 5.36788 0 0
0.602901 0 3.59717 0 0
0.374581 0 0.604495 0 0
0.339133 0 0.849831 0 0
0.434034 0 1.33352 0 0
0.792717 0 2.83378 0 0
1.19524 0 5.30584 0 0
0.614452 0 3.6639 0 0
0 0 0 0 0
0.333213 0 0.839662 0 0
0.423905 0 1.30945 0 0
0.769595 0 2.76221 0 0
1.17941 0 5.24093 0 0
0.625779 0 3.72919 0 0
0 0 0 0 0
0.327488 0 0.829764 0 0
0.414081 0 1.28607 0 0
0.747167 0 2.69268 0 0
1.16294 0 5.17338 0 0
0.63686 0 3.7929 0 0
0 0 0 0 0
0.321953 0 0.82013 0 0
0.404547 0 1.26334 0 0
0.725423 0 2.62516 0 0
1.14588 0 5.10342 0 0
0.647667 0 3.85491 0 0
0 0 0 0 0
0.316603 0 0.810749 0 0
0.395289 0 1.24123 0 0
0.70435 0 2.55963 0 0
1.12829 0 5.03126 0 0
0.658176 0 3.91509 0 0
0 0 0 0 0
0.311432 0 0.80161 0 0
0.386292 0 1.21972 0 0
0.683937 0 2.49603 0 0
1.11022 0 4.95714 0 0
0.668365 0 3.97331 0 0
0 0 0 0 0
0.306434 0 0.792702 0 0
0.377546 0 1.19879 0 0
0.664169 0 2.43435 0 0
1.09174 0 4.88127 0 0
0.678207 0 4.02945 0 0
0 0 0 0 0
0.301599 0 0.784014 0 0
0.369038 0 1.17841 0 0
0.645034 0 2.37454 0 0
1.07288 0 4.80389 0 0
0.687682 0 4.08341 0 0
0 0 0 0 0
0.296922 0 0.775531 0 0
0.36076 0 1.15857 0 0
0.626516 0 2.31655 0 0
1.05372 0 4.7252 0 0
0.696767 0 4.13507 0 0
0 0 0 0 0
0.292394 0 0.767245 0 0
0.3527 0 1.13924 0 0
0.608602 0 2.26035 0 0
1.0343 0 4.64543 0 0
0.705441 0 4.18433 0 0
0 0 0 0 0
0.288007 0 0.759141 0 0
0.344852 0 1.1204 0 0
0.591276 0 2.20588 0 0
1.01468 0 4.56478 0 0
0.713684 0 4.23108 0 0
0 0 0 0 0
0.283752 0 0.751208 0 0
0.337207 0 1.10205 0 0
0.574523 0 2.15311 0 0
0.994899 0 4.48345 0 0
0.721477 0 4.27524 0 0
0 0 0 0 0
0.27962 0 0.743436 0 0
0.329759 0 1.08417 0 0
0.558329 0 2.10199 0 0
0.975012 0 4.40165 0 0
0.728805 0 4.31671 0 0
0 0 0 0 0
0.275603 0 0.735812 0 0
0.322504 0 1.06673 0 0
0.542678 0 2.05247 0 0
0.955063 0 4.31956 0 0
0.735649 0 4.35541 0 0
0 0 0 0 0
0.271693 0 0.728328 0 0
0.315435 0 1.04974 0 0
0.527553 0 2.00451 0 0
0.935095 0 4.23734 0 0
0.741997 0 4.39128 0 0
0 0 0 0 0
0.267881 0 0.720973 0 0
0.308551 0 1.03317 0 0
0.512939 0 1.95805 0 0
0.91515 0 4.15519 0 0
0.747834 0 4.42425 0 0
0 0 0 0 0
0.26416 0 0.713738 0 0
0.301849 0 1.01701 0 0
0.498821 0 1.91305 0 0
0.895267 0 4.07324 0 0
0.75315 0 4.45425 0 0
0 0 0 0 0
0.26052 0 0.706613 0 0
0.295327 0 1.00126 0 0
0.485182 0 1.86947 0 0
0.875483 0 3.99166 0 0
0.757935 0 4.48126 0 0
0 0 0 0 0
0.256955 0 0.699591 0 0
0.288985 0 0.985913 0 0
0.472007 0 1.82726 0 0
0.855833 0 3.91057 0 0
0.76218 0 4.50521 0 0
0 0 0 0 0
0.253456 0 0.692666 0 0
0.282822 0 0.97095 0 0
0.459282 0 1.78636 0 0
0.836348 0 3.83011 0 0
0.765879 0 4.52609 0 0
0 0 0 0 0
0.250018 0 0.685827 0 0
0.276838 0 0.956372 0 0
0.446989 0 1.74675 0 0
0.817059 0 3.7504 0 0
0.769027 0 4.54387 0 0
0 0 0 0 0
0.246634 0 0.67907 0 0
0.271033 0 0.942172 0 0
0.435115 0 1.70836 0 0
0.797994 0 3.67155 0 0
0.771621 0 4.55854 0 0
0 0 0 0 0
0.243297 0 0.672388 0 0
0.265408 0 0.928346 0 0
0.423645 0 1.67117 0 0
0.779176 0 3.59365 0 0
0.773659 0 4.5701 0 0
0 0 0 0 0
0.240004 0 0.665775 0 0
0.259962 0 0.914892 0 0
0.412563 0 1.63512 0 0
0.760629 0 3.51679 0 0
0.775141 0 4.57855 0 0
0 0 0 0 0
0.23675 0 0.659226 0 0
0.254693 0 0.901803 0 0
0.401856 0 1.60018 0 0
0.742372 0 3.44106 0 0
0.776069 0 4.58391 0 0
0 0 0 0 0
0.23353 0 0.652735 0 0
0.2496 0 0.889076 0 0
0.391509 0 1.5663 0 0
0.724424 0 3.36651 0 0
0.776446 0 4.5862 0 0
0 0 0 0 0
0.230341 0 0.646299 0 0
0.244679 0 0.876704 0 0
0.381507 0 1.53345 0 0
0.7068 0 3.29321 0 0
0.776279 0 4.58545 0 0
0 0 0 0 0
0.227181 0 0.639913 0 0
0.239926 0 0.86468 0 0
0.371838 0 1.50159 0 0
0.689513 0 3.22122 0 0
0.775572 0 4.58171 0 0
0 0 0 0 0
0.224048 0 0.633576 0 0
0.235336 0 0.852994 0 0
0.362487 0 1.47068 0 0
0.672575 0 3.15057 0 0
0.774337 0 4.57502 0 0
0 0 0 0 0
0.22094 0 0.627284 0 0
0.230901 0 0.841636 0 0
0.353441 0 1.4407 0 0
0.655994 0 3.0813 0 0
0.772581 0 4.56544 0 0
0 0 0 0 0
0.217857 0 0.621037 0 0
0.226614 0 0.830596 0 0
0.344688 0 1.4116 0 0
0.639778 0 3.01345 0 0
0.770317 0 4.55303 0 0
0 0 0 0 0
0.214798 0 0.614833 0 0
0.222467 0 0.819862 0 0
0.336216 0 1.38337 0 0
0.623934 0 2.94703 0 0
0.767557 0 4.53787 0 0
0 0 0 0 0
0.211763 0 0.608674 0 0
0.21845 0 0.809419 0 0
0.328013 0 1.35597 0 0
0.608465 0 2.88206 0 0
0.764316 0 4.52003 0 0
0 0 0 0 0
0.208751 0 0.602558 0 0
0.214554 0 0.799255 0 0
0.320068 0 1.32937 0 0
0.593374 0 2.81855 0 0
0.760608 0 4.49959 0 0
0 0 0 0 0
0.205764 0 0.596487 0 0
0.210769 0 0.789355 0 0
0.312372 0 1.30354 0 0
0.578663 0 2.75651 0 0
0.75645 0 4.47664 0 0
0 0 0 0 0
0.202801 0 0.590463 0 0
0.207087 0 0.779706 0 0
0.304914 0 1.27847 0 0
0.564331 0 2.69593 0 0
0.751858 0 4.45127 0 0
0 0 0 0 0
0.199863 0 0.584487 0 0
0.203501 0 0.770293 0 0
0.297686 0 1.25412 0 0
0.550377 0 2.63682 0 0
0.74685 0 4.42359 0 0
0 0 0 0 0
0.196951 0 0.578561 0 0
0.200004 0 0.761102 0 0
0.290679 0 1.23048 0 0
0.536799 0 2.57916 0 0
0.741444 0 4.39369 0 0
0 0 0 0 0
0.194065 0 0.572687 0 0
0.196591 0 0.752121 0 0
0.283888 0 1.20752 0 0
0.523593 0 2.52294 0 0
0.735659 0 4.36167 0 0
0 0 0 0 0
0.191205 0 0.566866 0 0
0.193258 0 0.743335 0 0
0.277304 0 1.18522 0 0
0.510753 0 2.46814 0 0
0.729513 0 4.32764 0 0
0 0 0 0 0
0.188373 0 0.561101 0 0
0.190002 0 0.734735 0 0
0.270921 0 1.16356 0 0
0.498273 0 2.41474 0 0
0.723025 0 4.29171 0 0
0 0 0 0 0
0.18557 0 0.555393 0 0
0.186821 0 0.726308 0 0
0.264733 0 1.14253 0 0
0.486145 0 2.36273 0 0
0.716217 0 4.25398 0 0
0 0 0 0 0
0.182796 0 0.549743 0 0
0.183713 0 0.718046 0 0
0.258735 0 1.12211 0 0
0.47436 0 2.31207 0 0
0.709107 0 4.21458 0 0
0 0 0 0 0
0.180052 0 0.544154 0 0
0.180678 0 0.709942 0 0
0.25292 0 1.10227 0 0
0.462908 0 2.26274 0 0
0.701715 0 4.17359 0 0
0 0 0 0 0
0.177339 0 0.538626 0 0
0.177713 0 0.701988 0 0
0.247284 0 1.08301 0 0
0.451778 0 2.21471 0 0
0.694062 0 4.13114 0 0
0 0 0 0 0
0.174658 0 0.533161 0 0
0.174817 0 0.694179 0 0
0.24182 0 1.0643 0 0
0.440961 0 2.16794 0 0
0.686166 0 4.08734 0 0
0 0 0 0 0
0.172011 0 0.52776 0 0
0.171988 0 0.686509 0 0
0.236523 0 1.04614 0 0
0.430445 0 2.12241 0 0
0.678048 0 4.04228 0 0
0 0 0 0 0
0.169397 0 0.522424 0 0
0.169224 0 0.678974 0 0
0.231389 0 1.0285 0 0
0.42022 0 2.07807 0 0
0.669727 0 3.99608 0 0
0 0 0 0 0
0.166818 0 0.517155 0 0
0.166521 0 0.671571 0 0
0.226413 0 1.01138 0 0
0.410276 0 2.0349 0 0
0.661222 0 3.94884 0 0
0 0 0 0 0
0.164274 0 0.511954 0 0
0.163877 0 0.664293 0 0
0.22159 0 0.994746 0 0
0.400604 0 1.99286 0 0
0.652553 0 3.90066 0 0
0 0 0 0 0
0.161766 0 0.506822 0 0
0.161289 0 0.657135 0 0
0.216915 0 0.978601 0 0
0.391195 0 1.9519 0 0
0.643736 0 3.85163 0 0
0 0 0 0 0
0 0 0 0 0
0.158753 0 0.650093 0 0
0.212383 0 0.962927 0 0
0.38204 0 1.912 0 0
0.63479 0 3.80185 0 0
0 0 0 0 0
0 0 0 0 0
0.156267 0 0.643161 0 0
0.207992 0 0.947709 0 0
0.37313 0 1.87312 0 0
0.625733 0 3.75142 0 0
0 0 0 0 0
0 0 0 0 0
0.153828 0 0.636334 0 0
0.203738 0 0.932935 0 0
0.364459 0 1.83522 0 0
0.61658 0 3.70043 0 0
0 0 0 0 0
0 0 0 0 0
0.151435 0 0.629605 0 0
0.199616 0 0.918591 0 0
0.356017 0 1.79828 0 0
0.607347 0 3.64895 0 0
0 0 0 0 0
0 0 0 0 0
0.149085 0 0.622971 0 0
0.195624 0 0.904667 0 0
0.347797 0 1.76224 0 0
0.598049 0 3.59707 0 0
0 0 0 0 0
0 0 0 0 0
0.146776 0 0.616428 0 0
0.191758 0 0.891149 0 0
0.339791 0 1.7271 0 0
0.588699 0 3.54487 0 0
0 0 0 0 0
0 0 0 0 0
0.144508 0 0.609974 0 0
0.188015 0 0.878025 0 0
0.331992 0 1.69281 0 0
0.579312 0 3.49242 0 0
0 0 0 0 0
0 0 0 0 0
0.142278 0 0.603607 0 0
0.184391 0 0.865284 0 0
0.324392 0 1.65934 0 0
0.569899 0 3.43979 0 0
0 0 0 0 0
0 0 0 0 0
0.140086 0 0.597326 0 0
0.180883 0 0.852912 0 0
0.316983 0 1.62667 0 0
0.560472 0 3.38705 0 0
0 0 0 0 0
0 0 0 0 0
0.137931 0 0.591129 0 0
0.177487 0 0.8409 0 0
0.309759 0 1.59477 0 0
0.551041 0 3.33426 0 0
0 0 0 0 0
0 0 0 0 0
0.135813 0 0.585017 0 0
0.1742 0 0.829234 0 0
0.302713 0 1.56361 0 0
0.541615 0 3.28147 0 0
0 0 0 0 0
0 0 0 0 0
0.133732 0 0.57899 0 0
0.171017 0 0.817905 0 0
0.295838 0 1.53318 0 0
0.532205 0 3.22875 0 0
0 0 0 0 0
0 0 0 0 0
0.131691 0 0.573049 0 0
0.167935 0 0.806899 0 0
0.289129 0 1.50343 0 0
0.522818 0 3.17614 0 0
0 0 0 0 0
0 0 0 0 0
0.12969 0 0.567195 0 0
0.16495 0 0.796207 0 0
0.282578 0 1.47436 0 0
0.513463 0 3.12369 0 0
0 0 0 0 0
0 0 0 0 0
0.127731 0 0.561429 0 0
0.162059 0 0.785815 0 0
0.276181 0 1.44593 0 0
0.504146 0 3.07144 0 0
0 0 0 0 0
0 0 0 0 0
0.125817 0 0.555753 0 0
0.159257 0 0.775713 0 0
0.269932 0 1.41814 0 0
0.494875 0 3.01944 0 0
0 0 0 0 0
0 0 0 0 0
0.12395 0 0.550171 0 0
0.156542 0 0.76589 0 0
0.263827 0 1.39095 0 0
0.485657 0 2.96773 0 0
0 0 0 0 0
0 0 0 0 0
0.122128 0 0.544685 0 0
0.153909 0 0.756333 0 0
0.257861 0 1.36436 0 0
0.476498 0 2.91633 0 0
0 0 0 0 0
0 0 0 0 0
0.120354 0 0.5393 0 0
0.151357 0 0.747031 0 0
0.25203 0 1.33835 0 0
0.467403 0 2.86528 0 0
0 0 0 0 0
0 0 0 0 0
0.118626 0 0.534019 0 0
0.148881 0 0.737973 0 0
0.246331 0 1.31291 0 0
0.458378 0 2.81462 0 0
0 0 0 0 0
0 0 0 0 0
0.116942 0 0.528845 0 0
0.146478 0 0.729148 0 0
0.240758 0 1.28802 0 0
0.449429 0 2.76437 0 0
0 0 0 0 0
0 0 0 0 0
0.115301 0 0.523781 0 0
0.144146 0 0.720543 0 0
0.23531 0 1.26367 0 0
0.440561 0 2.71456 0 0
0 0 0 0 0
0 0 0 0 0
0.113702 0 0.518826 0 0
0.141881 0 0.712149 0 0
0.229983 0 1.23986 0 0
0.431779 0 2.66521 0 0
0 0 0 0 0
0 0 0 0 0
0.112142 0 0.513982 0 0
0.139681 0 0.703955 0 0
0.224774 0 1.21657 0 0
0.423086 0 2.61634 0 0
0 0 0 0 0
0 0 0 0 0
0.110621 0 0.509245 0 0
0.137543 0 0.69595 0 0
0.219681 0 1.19379 0 0
0.414487 0 2.56799 0 0
0 0 0 0 0
0 0 0 0 0
0.109139 0 0.504613 0 0
0.135463 0 0.688125 0 0
0.214702 0 1.17152 0 0
0.405987 0 2.52016 0 0
0 0 0 0 0
0 0 0 0 0
0.107698 0 0.500082 0 0
0.133439 0 0.680471 0 0
0.209833 0 1.14975 0 0
0.397588 0 2.47288 0 0
0 0 0 0 0
0 0 0 0 0
0.1063 0 0.495647 0 0
0.131467 0 0.672979 0 0
0.205072 0 1.12847 0 0
0.389293 0 2.42616 0 0
0 0 0 0 0
0 0 0 0 0
0.104948 0 0.491304 0 0
0.129543 0 0.66564 0 0
0.200418 0 1.10768 0 0
0.381107 0 2.38003 0 0
0 0 0 0 0
0 0 0 0 0
0.103644 0 0.487048 0 0
0.127665 0 0.658448 0 0
0.195867 0 1.08735 0 0
0.373031 0 2.33449 0 0
0 0 0 0 0
0 0 0 0 0
0.102392 0 0.482875 0 0
0.125828 0 0.651393 0 0
0.191418 0 1.0675 0 0
0.365069 0 2.28956 0 0
0 0 0 0 0
0 0 0 0 0
0.101193 0 0.478783 0 0
0.124031 0 0.644471 0 0
0.18707 0 1.04812 0 0
0.357222 0 2.24525 0 0
0 0 0 0 0
0 0 0 0 0
0.100049 0 0.47477 0 0
0.12227 0 0.637674 0 0
0.18282 0 1.02919 0 0
0.349493 0 2.20157 0 0
0 0 0 0 0
0 0 0 0 0
0.0989588 0 0.470836 0 0
0.120542 0 0.630997 0 0
0.178669 0 1.01072 0 0
0.341883 0 2.15854 0 0
0 0 0 0 0
0 0 0 0 0
0.0979218 0 0.466979 0 0
0.118846 0 0.624433 0 0
0.174616 0 0.992702 0 0
0.334395 0 2.11617 0 0
0 0 0 0 0
0 0 0 0 0
0.0969353 0 0.463201 0 0
0.11718 0 0.61798 0 0
0.170662 0 0.975133 0 0
0.327031 0 2.07447 0 0
0 0 0 0 0
0 0 0 0 0
0.095996 0 0.4595 0 0
0.115543 0 0.611631 0 0
0.166809 0 0.95801 0 0
0.319791 0 2.03344 0 0
0 0 0 0 0
0 0 0 0 0
0.0950998 0 0.455876 0 0
0.113934 0 0.605384 0 0
0.163056 0 0.941328 0 0
0.312677 0 1.99309 0 0
0 0 0 0 0
0 0 0 0 0
0.0942427 0 0.452327 0 0
0.112354 0 0.599236 0 0
0.159407 0 0.925086 0 0
0.305691 0 1.95343 0 0
0 0 0 0 0
0 0 0 0 0
0.0934203 0 0.44885 0 0
0.110801 0 0.593183 0 0
0.155862 0 0.90928 0 0
0.298833 0 1.91447 0 0
0 0 0 0 0
0 0 0 0 0
0.0926285 0 0.44544 0 0
0.109278 0 0.587225 0 0
0.152423 0 0.893907 0 0
0.292104 0 1.87621 0 0
0 0 0 0 0
0 0 0 0 0
0.0918634 0 0.442093 0 0
0.107785 0 0.581358 0 0
0.14909 0 0.878962 0 0
0.285505 0 1.83866 0 0
0 0 0 0 0
0 0 0 0 0
0.0911211 0 0.438802 0 0
0.106321 0 0.575583 0 0
0.145864 0 0.864443 0 0
0.279037 0 1.80181 0 0
0 0 0 0 0
0 0 0 0 0
0.0903982 0 0.435561 0 0
0.104889 0 0.569897 0 0
0.142744 0 0.850344 0 0
0.2727 0 1.76568 0 0
0 0 0 0 0
0 0 0 0 0
0.0896913 0 0.432363 0 0
0.103489 0 0.564299 0 0
0.139729 0 0.83666 0 0
0.266494 0 1.73027 0 0
0 0 0 0 0
0 0 0 0 0
0.0889972 0 0.429202 0 0
0.10212 0 0.558787 0 0
0.136818 0 0.823387 0 0
0.26042 0 1.69557 0 0
0 0 0 0 0
0 0 0 0 0
0.0883124 0 0.426071 0 0
0.100784 0 0.553361 0 0
0.134007 0 0.810517 0 0
0.254477 0 1.66159 0 0
0 0 0 0 0
0 0 0 0 0
0.087634 0 0.422964 0 0
0.0994785 0 0.548018 0 0
0.131296 0 0.798045 0 0
0.248666 0 1.62832 0 0
0 0 0 0 0
0 0 0 0 0
0.0869586 0 0.419877 0 0
0.0982039 0 0.542756 0 0
0.128682 0 0.785961 0 0
0.242985 0 1.59576 0 0
0 0 0 0 0
0 0 0 0 0
0.0862829 0 0.416803 0 0
0.0969591 0 0.537574 0 0
0.126162 0 0.774258 0 0
0.237434 0 1.56392 0 0
0 0 0 0 0
0 0 0 0 0
0 0 0 0 0
0.0957426 0 0.532467 0 0
0.123734 0 0.762927 0 0
0.232013 0 1.53278 0 0
0 0 0 0 0
0 0 0 0 0
0 0 0 0 0
0.0945532 0 0.527433 0 0
0.121396 0 0.751958 0 0
0.226721 0 1.50235 0 0
0 0 0 0 0
0 0 0 0 0
0 0 0 0 0
0.0933891 0 0.522468 0 0
0.119145 0 0.741339 0 0
0.221556 0 1.4726 0 0
0 0 0 0 0
0 0 0 0 0
0 0 0 0 0
0.0922488 0 0.517567 0 0
0.116979 0 0.731062 0 0
0.216517 0 1.44355 0 0
0 0 0 0 0
0 0 0 0 0
0 0 0 0 0
0.0911305 0 0.512727 0 0
0.114896 0 0.721114 0 0
0.211604 0 1.41518 0 0
0 0 0 0 0
0 0 0 0 0
0 0 0 0 0
0.0900323 0 0.507943 0 0
0.112892 0 0.711484 0 0
0.206814 0 1.38748 0 0
0 0 0 0 0
0 0 0 0 0
0 0 0 0 0
0.0889525 0 0.503211 0 0
0.110966 0 0.702161 0 0
0.202146 0 1.36045 0 0
0 0 0 0 0
0 0 0 0 0
0 0 0 0 0
0.0878891 0 0.498528 0 0
0.109114 0 0.693134 0 0
0.197599 0 1.33406 0 0
0 0 0 0 0
0 0 0 0 0
0 0 0 0 0
0.0868408 0 0.493888 0 0
0.107334 0 0.684392 0 0
0.19317 0 1.30833 0 0
0 0 0 0 0
0 0 0 0 0
0 0 0 0 0
0.0858059 0 0.489289 0 0
0.105623 0 0.675925 0 0
0.188857 0 1.28322 0 0
0 0 0 0 0
0 0 0 0 0
0 0 0 0 0
0.0847829 0 0.484729 0 0
0.103977 0 0.667721 0 0
0.184659 0 1.25874 0 0
0 0 0 0 0
0 0 0 0 0
0 0 0 0 0
0.0837703 0 0.480203 0 0
0.102395 0 0.659769 0 0
0.180574 0 1.23486 0 0
0 0 0 0 0
0 0 0 0 0
0 0 0 0 0
0.0827664 0 0.475709 0 0
0.100871 0 0.652059 0 0
0.176598 0 1.21159 0 0
0 0 0 0 0
0 0 0 0 0
0 0 0 0 0
0.0817698 0 0.471246 0 0
0.0994047 0 0.64458 0 0
0.172731 0 1.1889 0 0
0 0 0 0 0
0 0 0 0 0
0 0 0 0 0
0.080779 0 0.466812 0 0
0.0979912 0 0.637321 0 0
0.16897 0 1.16679 0 0
0 0 0 0 0
0 0 0 0 0
0 0 0 0 0
0.0797925 0 0.462405 0 0
0.0966276 0 0.63027 0 0
0.165312 0 1.14525 0 0
0 0 0 0 0
0 0 0 0 0
0 0 0 0 0
0.0788089 0 0.458023 0 0
0.0953107 0 0.623415 0 0
0.161756 0 1.12425 0 0
0 0 0 0 0
0 0 0 0 0
0 0 0 0 0
0.077827 0 0.453666 0 0
0.0940373 0 0.616743 0 0
0.158298 0 1.10379 0 0
0 0 0 0 0
0 0 0 0 0
0 0 0 0 0
0.0768457 0 0.449331 0 0
0.0928043 0 0.610243 0 0
0.154936 0 1.08386 0 0
0 0 0 0 0
0 0 0 0 0
0 0 0 0 0
0.0758638 0 0.445018 0 0
0.0916083 0 0.6039 0 0
0.151668 0 1.06444 0 0
0 0 0 0 0
0 0 0 0 0
0 0 0 0 0
0.0748808 0 0.440724 0 0
0.0904463 0 0.597703 0 0
0.148491 0 1.04552 0 0
0 0 0 0 0
0 0 0 0 0
0 0 0 0 0
0.0738959 0 0.436447 0 0
0.0893152 0 0.591636 0 0
0.145402 0 1.02709 0 0
0 0 0 0 0
0 0 0 0 0
0 0 0 0 0
0.0729089 0 0.432186 0 0
0.088212 0 0.585688 0 0
0.1424 0 1.00913 0 0
0 0 0 0 0
0 0 0 0 0
0 0 0 0 0
0.0719198 0 0.427938 0 0
0.0871338 0 0.579844 0 0
0.139481 0 0.991632 0 0
0 0 0 0 0
0 0 0 0 0
0 0 0 0 0
0.0709287 0 0.423702 0 0
0.0860777 0 0.574093 0 0
0.136643 0 0.974582 0 0
0 0 0 0 0
0 0 0 0 0
0 0 0 0 0
0.0699361 0 0.419476 0 0
0.085041 0 0.568422 0 0
0.133884 0 0.957967 0 0
0 0 0 0 0
0 0 0 0 0
0 0 0 0 0
0.0689425 0 0.415257 0 0
0.0840211 0 0.562819 0 0
0.131199 0 0.941774 0 0
0 0 0 0 0
0 0 0 0 0
0 0 0 0 0
0.0679485 0 0.411045 0 0
0.0830154 0 0.557274 0 0
0.128588 0 0.925989 0 0
0 0 0 0 0
0 0 0 0 0
0 0 0 0 0
0.0669551 0 0.406838 0 0
0.0820216 0 0.551776 0 0
0.126046 0 0.910601 0 0
0 0 0 0 0
0 0 0 0 0
0 0 0 0 0
0.065963 0 0.402635 0 0
0.0810373 0 0.546314 0 0
0.123572 0 0.895596 0 0
0 0 0 0 0
0 0 0 0 0
0 0 0 0 0
0.064973 0 0.398435 0 0
0.0800606 0 0.54088 0 0
0.121163 0 0.880963 0 0
0 0 0 0 0
0 0 0 0 0
0 0 0 0 0
0.0639857 0 0.394239 0 0
0.0790893 0 0.535465 0 0
0.118817 0 0.86669 0 0
0 0 0 0 0
0 0 0 0 0
0 0 0 0 0
0.063002 0 0.390046 0 0
0.0781216 0 0.530058 0 0
0.116531 0 0.852765 0 0
0 0 0 0 0
0 0 0 0 0
0 0 0 0 0
0.0620222 0 0.385857 0 0
0.0771558 0 0.524654 0 0
0.114303 0 0.839175 0 0
0 0 0 0 0
0 0 0 0 0
0 0 0 0 0
0.0610467 0 0.381672 0 0
0.0761903 0 0.519243 0 0
0.112132 0 0.825912 0 0
0 0 0 0 0
0 0 0 0 0
0 0 0 0 0
0.060076 0 0.377492 0 0
0.0752238 0 0.513818 0 0
0.110015 0 0.812962 0 0
0 0 0 0 0
0 0 0 0 0
0 0 0 0 0
0.0591103 0 0.373318 0 0
0.0742547 0 0.508374 0 0
0.107952 0 0.800315 0 0
0 0 0 0 0
0 0 0 0 0
0 0 0 0 0
0.0581498 0 0.369153 0 0
0.0732819 0 0.502906 0 0
0.105941 0 0.787962 0 0
0 0 0 0 0
0 0 0 0 0
0 0 0 0 0
0.0571947 0 0.364997 0 0
0.072304 0 0.497409 0 0
0.10398 0 0.775891 0 0
0 0 0 0 0
0 0 0 0 0
0 0 0 0 0
0.0562452 0 0.360852 0 0
0.0713199 0 0.491882 0 0
0.10207 0 0.764093 0 0
0 0 0 0 0
0 0 0 0 0
0 0 0 0 0
0.0553015 0 0.356721 0 0
0.0703284 0 0.486324 0 0
0.100208 0 0.752558 0 0
0 0 0 0 0
0 0 0 0 0
0 0 0 0 0
0.0543638 0 0.352606 0 0
0.0693283 0 0.480737 0 0
0.0983937 0 0.741276 0 0
0 0 0 0 0
0 0 0 0 0
0 0 0 0 0
0.0534326 0 0.348509 0 0
0.0683186 0 0.475122 0 0
0.0966262 0 0.73024 0 0
0 0 0 0 0
0 0 0 0 0
0 0 0 0 0
0.052508 0 0.344433 0 0
0.0672984 0 0.469483 0 0
0.0949043 0 0.719439 0 0
0 0 0 0 0
0 0 0 0 0
0 0 0 0 0
0.0515906 0 0.340381 0 0
0.0662671 0 0.463825 0 0
0.0932266 0 0.708866 0 0
0 0 0 0 0
0 0 0 0 0
0 0 0 0 0
0.0506807 0 0.336356 0 0
0.0652246 0 0.458152 0 0
0.0915918 0 0.698512 0 0
0 0 0 0 0
0 0 0 0 0
0 0 0 0 0
0.0497788 0 0.332362 0 0
0.0641712 0 0.45247 0 0
0.0899985 0 0.688371 0 0
0 0 0 0 0
0 0 0 0 0
0 0 0 0 0
0.0488853 0 0.328401 0 0
0.0631081 0 0.446782 0 0
0.0884451 0 0.678434 0 0
0 0 0 0 0
0 0 0 0 0
0 0 0 0 0
0.0480008 0 0.324477 0 0
0.0620369 0 0.441094 0 0
0.08693 0 0.668696 0 0
0 0 0 0 0
0 0 0 0 0
0 0 0 0 0
0.0471257 0 0.320592 0 0
0.06096 0 0.435409 0 0
0.0854518 0 0.659149 0 0
0 0 0 0 0
0 0 0 0 0
0 0 0 0 0
0 0 0 0 0
0.0598801 0 0.429731 0 0
0.0840091 0 0.649789 0 0
0 0 0 0 0
0 0 0 0 0
0 0 0 0 0
0 0 0 0 0
0.0588003 0 0.424063 0 0
0.0826004 0 0.640609 0 0
0 0 0 0 0
0 0 0 0 0
0 0 0 0 0
0 0 0 0 0
0.0577238 0 0.418409 0 0
0.0812247 0 0.631606 0 0
0 0 0 0 0
0 0 0 0 0
0 0 0 0 0
0 0 0 0 0
0.0566535 0 0.412771 0 0
0.0798807 0 0.622773 0 0
0 0 0 0 0
0 0 0 0 0
0 0 0 0 0
0 0 0 0 0
0.0555919 0 0.407154 0 0
0.0785672 0 0.614108 0 0
0 0 0 0 0
0 0 0 0 0
0 0 0 0 0
0 0 0 0 0
0.0545411 0 0.401561 0 0
0.0772833 0 0.605606 0 0
0 0 0 0 0
0 0 0 0 0
0 0 0 0 0
0 0 0 0 0
0.0535026 0 0.395997 0 0
0.0760284 0 0.597264 0 0
0 0 0 0 0
0 0 0 0 0
0 0 0 0 0
0 0 0 0 0
0.0524775 0 0.390466 0 0
0.0748019 0 0.589079 0 0
0 0 0 0 0
0 0 0 0 0
0 0 0 0 0
0 0 0 0 0
0.0514663 0 0.384973 0 0
0.0736034 0 0.581049 0 0
0 0 0 0 0
0 0 0 0 0
0 0 0 0 0
0 0 0 0 0
0.0504694 0 0.379522 0 0
0.0724326 0 0.57317 0 0
0 0 0 0 0
0 0 0 0 0
0 0 0 0 0
0 0 0 0 0
0.0494868 0 0.374119 0 0
0.0712889 0 0.565441 0 0
0 0 0 0 0
0 0 0 0 0
0 0 0 0 0
0 0 0 0 0
0.0485186 0 0.368768 0 0
0.0701721 0 0.55786 0 0
0 0 0 0 0
0 0 0 0 0
0 0 0 0 0
0 0 0 0 0
0.0475648 0 0.363473 0 0
0.069082 0 0.550424 0 0
0 0 0 0 0
0 0 0 0 0
0 0 0 0 0
0 0 0 0 0
0.0466256 0 0.35824 0 0
0.0680184 0 0.543131 0 0
0 0 0 0 0
0 0 0 0 0
0 0 0 0 0
0 0 0 0 0
0.045701 0 0.35307 0 0
0.0669808 0 0.53598 0 0
0 0 0 0 0
0 0 0 0 0
0 0 0 0 0
0 0 0 0 0
0.0447914 0 0.34797 0 0
0.0659686 0 0.528968 0 0
0 0 0 0 0
0 0 0 0 0
0 0 0 0 0
0 0 0 0 0
0.0438969 0 0.342941 0 0
0.064981 0 0.522093 0 0
0 0 0 0 0
0 0 0 0 0
0 0 0 0 0
0 0 0 0 0
0.0430178 0 0.337986 0 0
0.064017 0 0.515352 0 0
0 0 0 0 0
0 0 0 0 0
0 0 0 0 0
0 0 0 0 0
0.0421543 0 0.333108 0 0
0.0630752 0 0.508744 0 0
0 0 0 0 0
0 0 0 0 0
0 0 0 0 0
0 0 0 0 0
0.0413066 0 0.328309 0 0
0.0621542 0 0.502264 0 0
0 0 0 0 0
0 0 0 0 0
0 0 0 0 0
0 0 0 0 0
0.0404749 0 0.323591 0 0
0.0612524 0 0.495909 0 0
0 0 0 0 0
0 0 0 0 0
0 0 0 0 0
0 0 0 0 0
0.0396592 0 0.318954 0 0
0.0603679 0 0.489676 0 0
0 0 0 0 0
0 0 0 0 0
0 0 0 0 0
0 0 0 0 0
0.0388596 0 0.3144 0 0
0.0594989 0 0.483561 0 0
0 0 0 0 0
0 0 0 0 0
0 0 0 0 0
0 0 0 0 0
0.038076 0 0.309929 0 0
0.0586437 0 0.477558 0 0
0 0 0 0 0
0 0 0 0 0
0 0 0 0 0
0 0 0 0 0
0.0373085 0 0.305541 0 0
0.0578006 0 0.471664 0 0
0 0 0 0 0
0 0 0 0 0
0 0 0 0 0
0 0 0 0 0
0.0365568 0 0.301236 0 0
0.0569681 0 0.465873 0 0
0 0 0 0 0
0 0 0 0 0
0 0 0 0 0
0 0 0 0 0
0.0358208 0 0.297013 0 0
0.056145 0 0.460179 0 0
0 0 0 0 0
0 0 0 0 0
0 0 0 0 0
0 0 0 0 0
0.0351005 0 0.292872 0 0
0.0553304 0 0.454576 0 0
0 0 0 0 0
0 0 0 0 0
0 0 0 0 0
0 0 0 0 0
0.0343955 0 0.288811 0 0
0.0545235 0 0.449058 0 0
0 0 0 0 0
0 0 0 0 0
0 0 0 0 0
0 0 0 0 0
0.0337059 0 0.284829 0 0
0.0537241 0 0.443618 0 0
0 0 0 0 0
0 0 0 0 0
0 0 0 0 0
0 0 0 0 0
0.0330314 0 0.280924 0 0
0.0529319 0 0.43825 0 0
0 0 0 0 0
0 0 0 0 0
0 0 0 0 0
0 0 0 0 0
0.0323718 0 0.277096 0 0
0.0521469 0 0.432945 0 0
0 0 0 0 0
0 0 0 0 0
0 0 0 0 0
0 0 0 0 0
0.0317271 0 0.273341 0 0
0.0513692 0 0.427698 0 0
0 0 0 0 0
0 0 0 0 0
0 0 0 0 0
0 0 0 0 0
0.0310972 0 0.269659 0 0
0.0505988 0 0.4225 0 0
0 0 0 0 0
0 0 0 0 0
0 0 0 0 0
0 0 0 0 0
0.030482 0 0.266049 0 0
0.0498358 0 0.417345 0 0
0 0 0 0 0
0 0 0 0 0
0 0 0 0 0
0 0 0 0 0
0.0298815 0 0.262509 0 0
0.04908 0 0.412225 0 0
0 0 0 0 0
0 0 0 0 0
0 0 0 0 0
0 0 0 0 0
0.0292958 0 0.25904 0 0
0.0483311 0 0.407136 0 0
0 0 0 0 0
0 0 0 0 0
0 0 0 0 0
0 0 0 0 0
0.0287248 0 0.255642 0 0
0.0475889 0 0.402069 0 0
0 0 0 0 0
0 0 0 0 0
0 0 0 0 0
0 0 0 0 0
0.0281686 0 0.252317 0 0
0.0468527 0 0.397021 0 0
0 0 0 0 0
0 0 0 0 0
0 0 0 0 0
0 0 0 0 0
0.0276274 0 0.249065 0 0
0.0461218 0 0.391986 0 0
0 0 0 0 0
0 0 0 0 0
0 0 0 0 0
0 0 0 0 0
0.0271012 0 0.24589 0 0
0.0453953 0 0.386958 0 0
0 0 0 0 0
0 0 0 0 0
0 0 0 0 0
0 0 0 0 0
0.0265901 0 0.242792 0 0
0.0446726 0 0.381936 0 0
0 0 0 0 0
0 0 0 0 0
0 0 0 0 0
0 0 0 0 0
0.0260943 0 0.239775 0 0
0.0439525 0 0.376916 0 0
0 0 0 0 0
0 0 0 0 0
0 0 0 0 0
0 0 0 0 0
0.0256139 0 0.236839 0 0
0.0432345 0 0.371895 0 0
0 0 0 0 0
0 0 0 0 0
0 0 0 0 0
0 0 0 0 0
0.0251489 0 0.233985 0 0
0.0425175 0 0.366873 0 0
0 0 0 0 0
0 0 0 0 0
0 0 0 0 0
0 0 0 0 0
0.0246993 0 0.231214 0 0
0.0418011 0 0.361847 0 0
0 0 0 0 0
0 0 0 0 0
0 0 0 0 0
0 0 0 0 0
0.0242652 0 0.228526 0 0
0.0410846 0 0.356817 0 0
0 0 0 0 0
0 0 0 0 0
0 0 0 0 0
0 0 0 0 0
0.0238466 0 0.225921 0 0
0.0403677 0 0.351785 0 0
0 0 0 0 0
0 0 0 0 0
0 0 0 0 0
0 0 0 0 0
0.0234434 0 0.223397 0 0
0.03965 0 0.346749 0 0
0 0 0 0 0
0 0 0 0 0
0 0 0 0 0
0 0 0 0 0
0.0230554 0 0.220954 0 0
0.0389316 0 0.341713 0 0
0 0 0 0 0
0 0 0 0 0
0 0 0 0 0
0 0 0 0 0
0 0 0 0 0
0.0382125 0 0.336677 0 0
0 0 0 0 0
0 0 0 0 0
0 0 0 0 0
0 0 0 0 0
0 0 0 0 0
0.0374929 0 0.331645 0 0
0 0 0 0 0
0 0 0 0 0
0 0 0 0 0
0 0 0 0 0
0 0 0 0 0
0.036773 0 0.326618 0 0
0 0 0 0 0
0 0 0 0 0
0 0 0 0 0
0 0 0 0 0
0 0 0 0 0
0.0360534 0 0.321601 0 0
0 0 0 0 0
0 0 0 0 0
0 0 0 0 0
0 0 0 0 0
0 0 0 0 0
0.0353346 0 0.316597 0 0
0 0 0 0 0
0 0 0 0 0
0 0 0 0 0
0 0 0 0 0
0 0 0 0 0
0.0346177 0 0.311611 0 0
0 0 0 0 0
0 0 0 0 0
0 0 0 0 0
0 0 0 0 0
0 0 0 0 0
0.0339035 0 0.306648 0 0
0 0 0 0 0
0 0 0 0 0
0 0 0 0 0
0 0 0 0 0
0 0 0 0 0
0.0331928 0 0.301713 0 0
0 0 0 0 0
0 0 0 0 0
0 0 0 0 0
0 0 0 0 0
0 0 0 0 0
0.0324868 0 0.296812 0 0
0 0 0 0 0
0 0 0 0 0
0 0 0 0 0
0 0 0 0 0
0 0 0 0 0
0.0317863 0 0.291951 0 0
0 0 0 0 0
0 0 0 0 0
0 0 0 0 0
0 0 0 0 0
0 0 0 0 0
0.0310927 0 0.287136 0 0
0 0 0 0 0
0 0 0 0 0
0 0 0 0 0
0 0 0 0 0
0 0 0 0 0
0.0304072 0 0.282373 0 0
0 0 0 0 0
0 0 0 0 0
0 0 0 0 0
0 0 0 0 0
0 0 0 0 0
0.0297312 0 0.277669 0 0
0 0 0 0 0
0 0 0 0 0
0 0 0 0 0
0 0 0 0 0
0 0 0 0 0
0.029066 0 0.273031 0 0
0 0 0 0 0
0 0 0 0 0
0 0 0 0 0
0 0 0 0 0
0 0 0 0 0
0.0284131 0 0.268464 0 0
0 0 0 0 0
0 0 0 0 0
0 0 0 0 0
0 0 0 0 0
0 0 0 0 0
0.0277739 0 0.263974 0 0
0 0 0 0 0
0 0 0 0 0
0 0 0 0 0
0 0 0 0 0
0 0 0 0 0
0.0271496 0 0.259567 0 0
0 0 0 0 0
0 0 0 0 0
0 0 0 0 0
0 0 0 0 0
0 0 0 0 0
0.026541 0 0.255248 0 0
0 0 0 0 0
0 0 0 0 0
0 0 0 0 0
0 0 0 0 0
0 0 0 0 0
0.0259493 0 0.251022 0 0
0 0 0 0 0
0 0 0 0 0
0 0 0 0 0
0 0 0 0 0
0 0 0 0 0
0.0253752 0 0.246893 0 0
0 0 0 0 0
0 0 0 0 0
0 0 0 0 0
0 0 0 0 0
0 0 0 0 0
0.0248192 0 0.242866 0 0
0 0 0 0 0
0 0 0 0 0
0 0 0 0 0
0 0 0 0 0
0 0 0 0 0
0.0242818 0 0.238944 0 0
0 0 0 0 0
0 0 0 0 0
0 0 0 0 0
0 0 0 0 0
0 0 0 0 0
0.023763 0 0.235129 0 0
0 0 0 0 0
0 0 0 0 0
0 0 0 0 0
0 0 0 0 0
0 0 0 0 0
0.0232623 0 0.231426 0 0
0 0 0 0 0
0 0 0 0 0
0 0 0 0 0
0 0 0 0 0
0 0 0 0 0
0.0227792 0 0.227836 0 0
0 0 0 0 0
0 0 0 0 0
0 0 0 0 0
0 0 0 0 0
0 0 0 0 0
0.022313 0 0.224361 0 0
0 0 0 0 0
0 0 0 0 0
0 0 0 0 0
0 0 0 0 0
0 0 0 0 0
0.0218625 0 0.221004 0 0
0 0 0 0 0
0 0 0 0 0
0 0 0 0 0
0 0 0 0 0
0 0 0 0 0
0.0214267 0 0.217765 0 0
0 0 0 0 0
0 0 0 0 0
0 0 0 0 0
0 0 0 0 0
0 0 0 0 0
0.0210046 0 0.214646 0 0
0 0 0 0 0
0 0 0 0 0
0 0 0 0 0
0 0 0 0 0
0 0 0 0 0
0.0205951 0 0.211648 0 0
0 0 0 0 0
0 0 0 0 0
0 0 0 0 0
0 0 0 0 0
0 0 0 0 0
0.0201973 0 0.208771 0 0
0 0 0 0 0
0 0 0 0 0
0 0 0 0 0
0 0 0 0 0
0 0 0 0 0
0.0198105 0 0.206014 0 0
0 0 0 0 0
0 0 0 0 0
0 0 0 0 0
0 0 0 0 0
0 0 0 0 0
0.0194342 0 0.203377 0 0
0 0 0 0 0
0 0 0 0 0
0 0 0 0 0
0 0 0 0 0
0 0 0 0 0
0.0190682 0 0.200859 0 0
0 0 0 0 0
0 0 0 0 0
0 0 0 0 0
0 0 0 0 0
0 0 0 0 0
0.0187125 0 0.198457 0 0
0 0 0 0 0
0 0 0 0 0
0 0 0 0 0
0 0 0 0 0
0 0 0 0 0
0.0183674 0 0.196171 0 0
0 0 0 0 0
0 0 0 0 0
0 0 0 0 0
0 0 0 0 0
0 0 0 0 0
0.0180333 0 0.193996 0 0
0 0 0 0 0
0 0 0 0 0
0 0 0 0 0
0 0 0 0 0
0 0 0 0 0
0.0177107 0 0.191932 0 0
0 0 0 0 0
0 0 0 0 0
0 0 0 0 0
0 0 0 0 0
0 0 0 0 0
0.0174003 0 0.189975 0 0
0 0 0 0 0
0 0 0 0 0
0 0 0 0 0
0 0 0 0 0
0 0 0 0 0
0.0171027 0 0.188122 0 0
0 0 0 0 0
0 0 0 0 0
0 0 0 0 0
0 0 0 0 0
0 0 0 0 0
0.0168182 0 0.186369 0 0
0 0 0 0 0
0 0 0 0 0
0 0 0 0 0
0 0 0 0 0
0 0 0 0 0
0.0165472 0 0.184713 0 0
0 0 0 0 0
0 0 0 0 0
0 0 0 0 0
0 0 0 0 0
0 0 0 0 0
0.0162899 0 0.183151 0 0
0 0 0 0 0
0 0 0 0 0
0 0 0 0 0
0 0 0 0 0
0 0 0 0 0
0.0160462 0 0.181678 0 0
0 0 0 0 0
0 0 0 0 0
0 0 0 0 0
0 0 0 0 0
0 0 0 0 0
0.0158157 0 0.180292 0 0
0 0 0 0 0
0 0 0 0 0
0 0 0 0 0
0 0 0 0 0
0 0 0 0 0
0.0155979 0 0.178987 0 0
0 0 0 0 0
0 0 0 0 0
0 0 0 0 0
0 0 0 0 0
0 0 0 0 0
0.015392 0 0.177761 0 0
0 0 0 0 0
0 0 0 0 0
0 0 0 0 0
0 0 0 0 0
0 0 0 0 0
0.0151974 0 0.176609 0 0
0 0 0 0 0
0 0 0 0 0
0 0 0 0 0
0 0 0 0 0
0 0 0 0 0
0.0150128 0 0.175527 0 0
0 0 0 0 0
0 0 0 0 0
0 0 0 0 0
0 0 0 0 0
0 0 0 0 0
0.0148374 0 0.174511 0 0
0 0 0 0 0
0 0 0 0 0
0 0 0 0 0
0 0 0 0 0
0 0 0 0 0
0 0 0 0 0
0 0 0 0 0
0 0 0 0 0
0 0 0 0 0
0 0 0 0 0
0 0 0 0 0
0 0 0 0 0
0 0 0 0 0
0 0 0 0 0
0 0 0 0 0
0 0 0 0 0
0 0 0 0 0
0 0 0 0 0
0 0 0 0 0
0 0 0 0 0
0 0 0 0 0
0 0 0 0 0
0 0 0 0 0
0 0 0 0 0
0 0 0 0 0
0 0 0 0 0
0 0 0 0 0
0 0 0 0 0
0 0 0 0 0
0 0 0 0 0
0 0 0 0 0
0 0 0 0 0
0 0 0 0 0
0 0 0 0 0
0 0 0 0 0
0 0 0 0 0
0 0 0 0 0
0 0 0 0 0
0 0 0 0 0
0 0 0 0 0
0 0 0 0 0
0 0 0 0 0
0 0 0 0 0
0 0 0 0 0
0 0 0 0 0
0 0 0 0 0
0 0 0 0 0
0 0 0 0 0
0 0 0 0 0
0 0 0 0 0
0 0 0 0 0
0 0 0 0 0
0 0 0 0 0
0 0 0 0 0
0 0 0 0 0
0 0 0 0 0
0 0 0 0 0
0 0 0 0 0
0 0 0 0 0
0 0 0 0 0
0 0 0 0 0
0 0 0 0 0
0 0 0 0 0
0 0 0 0 0
0 0 0 0 0
0 0 0 0 0
0 0 0 0 0
0 0 0 0 0
0 0 0 0 0
0 0 0 0 0
0 0 0 0 0
0 0 0 0 0
0 0 0 0 0
0 0 0 0 0
0 0 0 0 0
0 0 0 0 0
0 0 0 0 0
0 0 0 0 0
0 0 0 0 0
0 0 0 0 0
0 0 0 0 0
0 0 0 0 0
0 0 0 0 0
0 0 0 0 0
0 0 0 0 0
0 0 0 0 0
0 0 0 0 0
0 0 0 0 0
0 0 0 0 0
0 0 0 0 0
0 0 0 0 0
0 0 0 0 0
0 0 0 0 0
0 0 0 0 0
0 0 0 0 0
0 0 0 0 0
0 0 0 0 0
0 0 0 0 0
0 0 0 0 0
0 0 0 0 0
0 0 0 0 0
0 0 0 0 0
0 0 0 0 0
0 0 0 0 0
0 0 0 0 0
0 0 0 0 0
0 0 0 0 0
0 0 0 0 0
0 0 0 0 0
0 0 0 0 0
0 0 0 0 0
0 0 0 0 0
0 0 0 0 0
0 0 0 0 0
0 0 0 0 0
0 0 0 0 0
0 0 0 0 0
0 0 0 0 0
0 0 0 0 0
0 0 0 0 0
0 0 0 0 0
0 0 0 0 0
0 0 0 0 0
0 0 0 0 0
0 0 0 0 0
0 0 0 0 0
0 0 0 0 0
0 0 0 0 0
0 0 0 0 0
0 0 0 0 0
0 0 0 0 0
0 0 0 0 0
0 0 0 0 0
0 0 0 0 0
0 0 0 0 0
0 0 0 0 0
0 0 0 0 0
0 0 0 0 0
0 0 0 0 0
0 0 0 0 0
0 0 0 0 0
0 0 0 0 0
0 0 0 0 0
0 0 0 0 0
0 0 0 0 0
0 0 0 0 0
0 0 0 0 0
0 0 0 0 0
0 0 0 0 0
0 0 0 0 0
0 0 0 0 0
0 0 0 0 0
0 0 0 0 0
0 0 0 0 0
0 0 0 0 0
0 0 0 0 0
0 0 0 0 0
0 0 0 0 0
0 0 0 0 0
0 0 0 0 0
0 0 0 0 0
0 0 0 0 0
0 0 0 0 0
0 0 0 0 0
0 0 0 0 0
0 0 0 0 0
0 0 0 0 0
0 0 0 0 0
0 0 0 0 0
0 0 0 0 0
0 0 0 0 0
0 0 0 0 0
0 0 0 0 0
0 0 0 0 0
0 0 0 0 0
0 0 0 0 0
0 0 0 0 0
0 0 0 0 0
0 0 0 0 0
0 0 0 0 0
0 0 0 0 0
0 0 0 0 0
0 0 0 0 0
0 0 0 0 0
0 0 0 0 0
0 0 0 0 0
0 0 0 0 0
0 0 0 0 0
0 0 0 0 0
0 0 0 0 0
0 0 0 0 0
0 0 0 0 0
0 0 0 0 0
0 0 0 0 0
0 0 0 0 0
0 0 0 0 0
0 0 0 0 0
0 0 0 0 0
0 0 0 0 0
0 0 0 0 0
0 0 0 0 0
0 0 0 0 0
0 0 0 0 0
0 0 0 0 0
0 0 0 0 0
0 0 0 0 0
0 0 0 0 0
0 0 0 0 0
0 0 0 0 0
0 0 0 0 0
0 0 0 0 0
0 0 0 0 0
0 0 0 0 0
0 0 0 0 0
0 0 0 0 0
0 0 0 0 0
0 0 0 0 0
0 0 0 0 0
0 0 0 0 0
0 0 0 0 0
0 0 0 0 0
0 0 0 0 0
0 0 0 0 0
0 0 0 0 0
0 0 0 0 0
0 0 0 0 0
0 0 0 0 0
0 0 0 0 0
0 0 0 0 0
0 0 0 0 0
0 0 0 0 0
0 0 0 0 0
0 0 0 0 0
0 0 0 0 0
0 0 0 0 0
0 0 0 0 0
0 0 0 0 0
0 0 0 0 0
0 0 0 0 0
0 0 0 0 0
0 0 0 0 0
0 0 0 0 0
0 0 0 0 0
0 0 0 0 0
0 0 0 0 0
0 0 0 0 0
0 0 0 0 0
0 0 0 0 0
0 0 0 0 0
0 0 0 0 0
0 0 0 0 0
0 0 0 0 0
0 0 0 0 0
0 0 0 0 0
0 0 0 0 0
0 0 0 0 0
0 0 0 0 0
0 0 0 0 0
0 0 0 0 0
0 0 0 0 0
0 0 0 0 0
0 0 0 0 0
0 0 0 0 0
0 0 0 0 0
0 0 0 0 0
0 0 0 0 0
0 0 0 0 0
0 0 0 0 0
0 0 0 0 0
0 0 0 0 0
0 0 0 0 0
0 0 0 0 0
0 0 0 0 0
0 0 0 0 0
0 0 0 0 0
0 0 0 0 0
0 0 0 0 0
0 0 0 0 0
0 0 0 0 0
0 0 0 0 0
0 0 0 0 0
0 0 0 0 0
0 0 0 0 0
0 0 0 0 0
0 0 0 0 0
0 0 0 0 0
0 0 0 0 0
0 0 0 0 0
0 0 0 0 0
0 0 0 0 0
0 0 0 0 0
0 0 0 0 0
0 0 0 0 0
0 0 0 0 0
0 0 0 0 0
0 0 0 0 0
0 0 0 0 0
0 0 0 0 0
0 0 0 0 0
0 0 0 0 0
0 0 0 0 0
0 0 0 0 0
0 0 0 0 0
0 0 0 0 0
0 0 0 0 0
0 0 0 0 0
0 0 0 0 0
0 0 0 0 0
0 0 0 0 0
0 0 0 0 0
0 0 0 0 0
0 0 0 0 0
0 0 0 0 0
0 0 0 0 0
0 0 0 0 0
0 0 0 0 0
0 0 0 0 0
0 0 0 0 0
0 0 0 0 0
0 0 0 0 0
0 0 0 0 0
0 0 0 0 0
0 0 0 0 0
0 0 0 0 0
0 0 0 0 0
0 0 0 0 0
0 0 0 0 0
0 0 0 0 0
0 0 0 0 0
0 0 0 0 0
0 0 0 0 0
0 0 0 0 0
0 0 0 0 0
0 0 0 0 0
0 0 0 0 0
0 0 0 0 0
0 0 0 0 0
0 0 0 0 0
0 0 0 0 0
0 0 0 0 0
0 0 0 0 0
0 0 0 0 0
0 0 0 0 0
0 0 0 0 0
0 0 0 0 0
0 0 0 0 0
0 0 0 0 0
0 0 0 0 0
0 0 0 0 0
0 0 0 0 0
0 0 0 0 0
0 0 0 0 0
0 0 0 0 0
0 0 0 0 0
0 0 0 0 0
0 0 0 0 0
0 0 0 0 0
0 0 0 0 0
0 0 0 0 0
0 0 0 0 0
0 0 0 0 0
0 0 0 0 0
0 0 0 0 0
0 0 0 0 0
0 0 0 0 0
0 0 0 0 0
0 0 0 0 0
0 0 0 0 0
0 0 0 0 0
0 0 0 0 0
0 0 0 0 0
0 0 0 0 0
0 0 0 0 0
0 0 0 0 0
0 0 0 0 0
0 0 0 0 0
0 0 0 0 0
0 0 0 0 0
0 0 0 0 0
0 0 0 0 0
0 0 0 0 0
0 0 0 0 0
0 0 0 0 0
0 0 0 0 0
0 0 0 0 0
0 0 0 0 0
0 0 0 0 0
0 0 0 0 0
0 0 0 0 0
0 0 0 0 0
0 0 0 0 0
0 0 0 0 0
0 0 0 0 0
0 0 0 0 0
0 0 0 0 0
0 0 0 0 0
0 0 0 0 0
0 0 0 0 0
0 0 0 0 0
0 0 0 0 0
0 0 0 0 0
0 0 0 0 0
0 0 0 0 0
0 0 0 0 0
0 0 0 0 0
0 0 0 0 0
0 0 0 0 0
0 0 0 0 0
0 0 0 0 0
0 0 0 0 0
0 0 0 0 0
0 0 0 0 0
0 0 0 0 0
0 0 0 0 0
0 0 0 0 0
0 0 0 0 0
0 0 0 0 0
0 0 0 0 0
0 0 0 0 0
0 0 0 0 0
0 0 0 0 0
0 0 0 0 0
0 0 0 0 0
0 0 0 0 0
0 0 0 0 0
0 0 0 0 0
0 0 0 0 0
0 0 0 0 0
0 0 0 0 0
0 0 0 0 0
0 0 0 0 0
0 0 0 0 0
0 0 0 0 0
0 0 0 0 0
0 0 0 0 0
0 0 0 0 0
0 0 0 0 0
0 0 0 0 0
0 0 0 0 0
0 0 0 0 0
0 0 0 0 0
0 0 0 0 0
0 0 0 0 0
0 0 0 0 0
0 0 0 0 0
0 0 0 0 0
0 0 0 0 0
0 0 0 0 0
0 0 0 0 0
0 0 0 0 0
0 0 0 0 0
0 0 0 0 0
0 0 0 0 0
0 0 0 0 0
0 0 0 0 0
0 0 0 0 0
0 0 0 0 0
0 0 0 0 0
0 0 0 0 0
0 0 0 0 0
0 0 0 0 0
0 0 0 0 0
0 0 0 0 0
0 0 0 0 0
0 0 0 0 0
0 0 0 0 0
0 0 0 0 0
0 0 0 0 0
0 0 0 0 0
0 0 0 0 0
0 0 0 0 0
0 0 0 0 0
0 0 0 0 0
0 0 0 0 0
0 0 0 0 0
0 0 0 0 0
0 0 0 0 0
0 0 0 0 0
0 0 0 0 0
0 0 0 0 0
0 0 0 0 0
0 0 0 0 0
0 0 0 0 0
0 0 0 0 0
0 0 0 0 0
0 0 0 0 0
0 0 0 0 0
0 0 0 0 0
0 0 0 0 0
0 0 0 0 0
0 0 0 0 0
0 0 0 0 0
0 0 0 0 0
0 0 0 0 0
0 0 0 0 0
0 0 0 0 0
0 0 0 0 0
0 0 0 0 0
0 0 0 0 0
0 0 0 0 0
0 0 0 0 0
0 0 0 0 0
0 0 0 0 0
0 0 0 0 0
0 0 0 0 0
0 0 0 0 0
0 0 0 0 0
0 0 0 0 0
0 0 0 0 0
0 0 0 0 0
0 0 0 0 0
0 0 0 0 0
0 0 0 0 0
0 0 0 0 0
0 0 0 0 0
0 0 0 0 0
0 0 0 0 0
0 0 0 0 0
0 0 0 0 0
0 0 0 0 0
0 0 0 0 0
0 0 0 0 0
0 0 0 0 0
0 0 0 0 0
0 0 0 0 0
0 0 0 0 0
0 0 0 0 0
0 0 0 0 0
0 0 0 0 0
0 0 0 0 0
0 0 0 0 0
0 0 0 0 0
0 0 0 0 0
0 0 0 0 0
0 0 0 0 0
0 0 0 0 0
0 0 0 0 0
0 0 0 0 0
0 0 0 0 0
0 0 0 0 0
0 0 0 0 0
0 0 0 0 0
0 0 0 0 0
0 0 0 0 0
0 0 0 0 0
0 0 0 0 0
0 0 0 0 0
0 0 0 0 0
0 0 0 0 0
0 0 0 0 0
0 0 0 0 0
0 0 0 0 0
0 0 0 0 0
0 0 0 0 0
0 0 0 0 0
0 0 0 0 0
0 0 0 0 0
0 0 0 0 0
0 0 0 0 0
0 0 0 0 0
0 0 0 0 0
0 0 0 0 0
0 0 0 0 0
0 0 0 0 0
0 0 0 0 0
0 0 0 0 0
0 0 0 0 0
0 0 0 0 0
0 0 0 0 0
0 0 0 0 0
0 0 0 0 0
0 0 0 0 0
0 0 0 0 0
0 0 0 0 0
0 0 0 0 0
0 0 0 0 0
0 0 0 0 0
0 0 0 0 0
0 0 0 0 0
0 0 0 0 0
0 0 0 0 0
0 0 0 0 0
0 0 0 0 0
0 0 0 0 0
0 0 0 0 0
0 0 0 0 0
0 0 0 0 0
0 0 0 0 0
0 0 0 0 0
0 0 0 0 0
0 0 0 0 0
0 0 0 0 0
0 0 0 0 0
0 0 0 0 0
0 0 0 0 0
0 0 0 0 0
0 0 0 0 0
0 0 0 0 0
0 0 0 0 0
0 0 0 0 0
0 0 0 0 0
0 0 0 0 0
0 0 0 0 0
0 0 0 0 0
0 0 0 0 0
0 0 0 0 0
0 0 0 0 0
0 0 0 0 0
0 0 0 0 0
0 0 0 0 0
0 0 0 0 0
0 0 0 0 0
0 0 0 0 0
0 0 0 0 0
0 0 0 0 0
0 0 0 0 0
0 0 0 0 0
0 0 0 0 0
0 0 0 0 0
0 0 0 0 0
0 0 0 0 0
0 0 0 0 0
0 0 0 0 0
0 0 0 0 0
0 0 0 0 0
0 0 0 0 0
0 0 0 0 0
0 0 0 0 0
0 0 0 0 0
0 0 0 0 0
0 0 0 0 0
0 0 0 0 0
0 0 0 0 0
0 0 0 0 0
0 0 0 0 0
0 0 0 0 0
0 0 0 0 0
0 0 0 0 0
0 0 0 0 0
0 0 0 0 0
0 0 0 0 0
0 0 0 0 0
0 0 0 0 0
0 0 0 0 0
0 0 0 0 0
0 0 0 0 0
0 0 0 0 0
0 0 0 0 0
0 0 0 0 0
0 0 0 0 0
0 0 0 0 0
0 0 0 0 0
0 0 0 0 0
0 0 0 0 0
0 0 0 0 0
0 0 0 0 0
0 0 0 0 0
0 0 0 0 0
0 0 0 0 0
0 0 0 0 0
0 0 0 0 0
0 0 0 0 0
0 0 0 0 0
0 0 0 0 0
0 0 0 0 0
0 0 0 0 0
0 0 0 0 0
0 0 0 0 0
0 0 0 0 0
0 0 0 0 0
0 0 0 0 0
0 0 0 0 0
0 0 0 0 0
0 0 0 0 0
0 0 0 0 0
0 0 0 0 0
0 0 0 0 0
0 0 0 0 0
0 0 0 0 0
0 0 0 0 0
0 0 0 0 0
0 0 0 0 0
0 0 0 0 0
0 0 0 0 0
0 0 0 0 0
0 0 0 0 0
0 0 0 0 0
0 0 0 0 0
0 0 0 0 0
0 0 0 0 0
0 0 0 0 0
0 0 0 0 0
0 0 0 0 0
0 0 0 0 0
0 0 0 0 0
0 0 0 0 0
0 0 0 0 0
0 0 0 0 0
0 0 0 0 0
0 0 0 0 0
0 0 0 0 0
0 0 0 0 0
0 0 0 0 0
0 0 0 0 0
0 0 0 0 0
0 0 0 0 0
0 0 0 0 0
0 0 0 0 0
0 0 0 0 0
0 0 0 0 0
0 0 0 0 0
0 0 0 0 0
0 0 0 0 0
0 0 0 0 0
0 0 0 0 0
0 0 0 0 0
0 0 0 0 0
0 0 0 0 0
0 0 0 0 0
0 0 0 0 0
0 0 0 0 0
0 0 0 0 0
0 0 0 0 0
0 0 0 0 0
0 0 0 0 0
0 0 0 0 0
0 0 0 0 0
0 0 0 0 0
0 0 0 0 0
0 0 0 0 0
0 0 0 0 0
0 0 0 0 0
0 0 0 0 0
0 0 0 0 0
0 0 0 0 0
0 0 0 0 0
0 0 0 0 0
0 0 0 0 0
0 0 0 0 0
0 0 0 0 0
0 0 0 0 0
0 0 0 0 0
0 0 0 0 0
0 0 0 0 0
0 0 0 0 0
0 0 0 0 0
0 0 0 0 0
0 0 0 0 0
0 0 0 0 0
0 0 0 0 0
0 0 0 0 0
0 0 0 0 0
0 0 0 0 0
0 0 0 0 0
0 0 0 0 0
0 0 0 0 0
0 0 0 0 0
0 0 0 0 0
0 0 0 0 0
0 0 0 0 0
0 0 0 0 0
0 0 0 0 0
0 0 0 0 0
0 0 0 0 0
0 0 0 0 0
0 0 0 0 0
0 0 0 0 0
0 0 0 0 0
0 0 0 0 0
0 0 0 0 0
0 0 0 0 0
0 0 0 0 0
0 0 0 0 0
0 0 0 0 0
0 0 0 0 0
0 0 0 0 0
0 0 0 0 0
0 0 0 0 0
0 0 0 0 0
0 0 0 0 0
0 0 0 0 0
0 0 0 0 0
0 0 0 0 0
0 0 0 0 0
0 0 0 0 0
0 0 0 0 0
0 0 0 0 0
0 0 0 0 0
0 0 0 0 0
0 0 0 0 0
0 0 0 0 0
0 0 0 0 0
0 0 0 0 0
0 0 0 0 0
0 0 0 0 0
0 0 0 0 0
0 0 0 0 0
0 0 0 0 0
0 0 0 0 0
0 0 0 0 0
0 0 0 0 0
0 0 0 0 0
0 0 0 0 0
0 0 0 0 0
0 0 0 0 0
0 0 0 0 0
0 0 0 0 0
0 0 0 0 0
0 0 0 0 0
0 0 0 0 0
0 0 0 0 0
0 0 0 0 0
0 0 0 0 0
0 0 0 0 0
0 0 0 0 0
0 0 0 0 0
0 0 0 0 0
0 0 0 0 0
0 0 0 0 0
0 0 0 0 0
0 0 0 0 0
0 0 0 0 0
0 0 0 0 0
0 0 0 0 0
0 0 0 0 0
0 0 0 0 0
0 0 0 0 0
0 0 0 0 0
0 0 0 0 0
0 0 0 0 0
0 0 0 0 0
0 0 0 0 0
0 0 0 0 0
0 0 0 0 0
0 0 0 0 0
0 0 0 0 0
0 0 0 0 0
0 0 0 0 0
0 0 0 0 0
0 0 0 0 0
0 0 0 0 0
0 0 0 0 0
0 0 0 0 0
0 0 0 0 0
0 0 0 0 0
0 0 0 0 0
0 0 0 0 0
0 0 0 0 0
0 0 0 0 0
0 0 0 0 0
0 0 0 0 0
0 0 0 0 0
0 0 0 0 0
0 0 0 0 0
0 0 0 0 0
0 0 0 0 0
0 0 0 0 0
0 0 0 0 0
0 0 0 0 0
0 0 0 0 0
0 0 0 0 0
0 0 0 0 0
0 0 0 0 0
0 0 0 0 0
0 0 0 0 0
0 0 0 0 0
0 0 0 0 0
0 0 0 0 0
0 0 0 0 0
0 0 0 0 0
0 0 0 0 0
0 0 0 0 0
0 0 0 0 0
0 0 0 0 0
0 0 0 0 0
0 0 0 0 0
0 0 0 0 0
0 0 0 0 0
0 0 0 0 0
0 0 0 0 0
0 0 0 0 0
0 0 0 0 0
0 0 0 0 0
0 0 0 0 0
0 0 0 0 0
0 0 0 0 0
0 0 0 0 0
0 0 0 0 0
0 0 0 0 0
0 0 0 0 0
0 0 0 0 0
0 0 0 0 0
0 0 0 0 0
0 0 0 0 0
0 0 0 0 0
0 0 0 0 0
0 0 0 0 0
0 0 0 0 0
0 0 0 0 0
0 0 0 0 0
0 0 0 0 0
0 0 0 0 0
0 0 0 0 0
0 0 0 0 0
0 0 0 0 0
0 0 0 0 0
0 0 0 0 0
0 0 0 0 0
0 0 0 0 0
0 0 0 0 0
0 0 0 0 0
0 0 0 0 0
0 0 0 0 0
0 0 0 0 0
0 0 0 0 0
0 0 0 0 0
0 0 0 0 0
0 0 0 0 0
0 0 0 0 0
0 0 0 0 0
0 0 0 0 0
0 0 0 0 0
0 0 0 0 0
0 0 0 0 0
0 0 0 0 0
0 0 0 0 0
0 0 0 0 0
0 0 0 0 0
0 0 0 0 0
0 0 0 0 0
0 0 0 0 0
0 0 0 0 0
0 0 0 0 0
0 0 0 0 0
0 0 0 0 0
0 0 0 0 0
0 0 0 0 0
0 0 0 0 0
0 0 0 0 0
0 0 0 0 0
0 0 0 0 0
0 0 0 0 0
0 0 0 0 0
0 0 0 0 0
0 0 0 0 0
0 0 0 0 0
0 0 0 0 0
0 0 0 0 0
0 0 0 0 0
0 0 0 0 0
0 0 0 0 0
0 0 0 0 0
0 0 0 0 0
0 0 0 0 0
0 0 0 0 0
0 0 0 0 0
0 0 0 0 0
0 0 0 0 0
0 0 0 0 0
0 0 0 0 0
0 0 0 0 0
0 0 0 0 0
0 0 0 0 0
0 0 0 0 0
0 0 0 0 0
0 0 0 0 0
0 0 0 0 0
0 0 0 0 0
0 0 0 0 0
0 0 0 0 0
0 0 0 0 0
0 0 0 0 0
0 0 0 0 0
0 0 0 0 0
0 0 0 0 0
0 0 0 0 0
0 0 0 0 0
0 0 0 0 0
0 0 0 0 0
0 0 0 0 0
0 0 0 0 0
0 0 0 0 0
0 0 0 0 0
0 0 0 0 0
0 0 0 0 0
0 0 0 0 0
0 0 0 0 0
0 0 0 0 0
0 0 0 0 0
0 0 0 0 0
0 0 0 0 0
0 0 0 0 0
0 0 0 0 0
0 0 0 0 0
0 0 0 0 0
0 0 0 0 0
0 0 0 0 0
0 0 0 0 0
0 0 0 0 0
0 0 0 0 0
0 0 0 0 0
0 0 0 0 0
0 0 0 0 0
0 0 0 0 0
0 0 0 0 0
0 0 0 0 0
0 0 0 0 0
0 0 0 0 0
0 0 0 0 0
0 0 0 0 0
0 0 0 0 0
0 0 0 0 0
0 0 0 0 0
0 0 0 0 0
0 0 0 0 0
0 0 0 0 0
0 0 0 0 0
0 0 0 0 0
0 0 0 0 0
0 0 0 0 0
0 0 0 0 0
0 0 0 0 0
0 0 0 0 0
0 0 0 0 0
0 0 0 0 0
0 0 0 0 0
0 0 0 0 0
0 0 0 0 0
0 0 0 0 0
0 0 0 0 0
0 0 0 0 0
0 0 0 0 0
0 0 0 0 0
0 0 0 0 0
0 0 0 0 0
0 0 0 0 0
0 0 0 0 0
0 0 0 0 0
0 0 0 0 0
0 0 0 0 0
0 0 0 0 0
0 0 0 0 0
0 0 0 0 0
0 0 0 0 0
0 0 0 0 0
0 0 0 0 0
0 0 0 0 0
0 0 0 0 0
0 0 0 0 0
0 0 0 0 0
0 0 0 0 0
0 0 0 0 0
0 0 0 0 0
0 0 0 0 0
0 0 0 0 0
0 0 0 0 0
0 0 0 0 0
0 0 0 0 0
0 0 0 0 0
0 0 0 0 0
0 0 0 0 0
0 0 0 0 0
0 0 0 0 0
0 0 0 0 0
0 0 0 0 0
0 0 0 0 0
0 0 0 0 0
0 0 0 0 0
0 0 0 0 0
0 0 0 0 0
0 0 0 0 0
0 0 0 0 0
0 0 0 0 0
0 0 0 0 0
0 0 0 0 0
0 0 0 0 0
0 0 0 0 0
0 0 0 0 0
0 0 0 0 0
0 0 0 0 0
0 0 0 0 0
0 0 0 0 0
0 0 0 0 0
0 0 0 0 0
0 0 0 0 0
0 0 0 0 0
0 0 0 0 0
0 0 0 0 0
0 0 0 0 0
0 0 0 0 0
0 0 0 0 0
0 0 0 0 0
0 0 0 0 0
0 0 0 0 0
0 0 0 0 0
0 0 0 0 0
0 0 0 0 0
0 0 0 0 0
0 0 0 0 0
0 0 0 0 0
0 0 0 0 0
0 0 0 0 0
0 0 0 0 0
0 0 0 0 0
0 0 0 0 0
0 0 0 0 0
0 0 0 0 0
0 0 0 0 0
0 0 0 0 0
0 0 0 0 0
0 0 0 0 0
0 0 0 0 0
0 0 0 0 0
0 0 0 0 0
0 0 0 0 0
0 0 0 0 0
0 0 0 0 0
0 0 0 0 0
0 0 0 0 0
0 0 0 0 0
0 0 0 0 0
0 0 0 0 0
0 0 0 0 0
0 0 0 0 0
0 0 0 0 0
0 0 0 0 0
0 0 0 0 0
0 0 0 0 0
0 0 0 0 0
0 0 0 0 0
0 0 0 0 0
0 0 0 0 0
0 0 0 0 0
0 0 0 0 0
0 0 0 0 0
0 0 0 0 0
0 0 0 0 0
0 0 0 0 0
0 0 0 0 0
0 0 0 0 0
0 0 0 0 0
0 0 0 0 0
0 0 0 0 0
0 0 0 0 0
0 0 0 0 0
0 0 0 0 0
0 0 0 0 0
0 0 0 0 0
0 0 0 0 0
0 0 0 0 0
0 0 0 0 0
0 0 0 0 0
0 0 0 0 0
0 0 0 0 0
0 0 0 0 0
0 0 0 0 0
0 0 0 0 0
0 0 0 0 0
0 0 0 0 0
0 0 0 0 0
0 0 0 0 0
0 0 0 0 0
0 0 0 0 0
0 0 0 0 0
0 0 0 0 0
0 0 0 0 0
0 0 0 0 0
0 0 0 0 0
0 0 0 0 0
0 0 0 0 0
0 0 0 0 0
0 0 0 0 0
0 0 0 0 0
0 0 0 0 0
0 0 0 0 0
0 0 0 0 0
0 0 0 0 0
0 0 0 0 0
0 0 0 0 0
0 0 0 0 0
0 0 0 0 0
0 0 0 0 0
0 0 0 0 0
0 0 0 0 0
0 0 0 0 0
0 0 0 0 0
0 0 0 0 0
0 0 0 0 0
0 0 0 0 0
0 0 0 0 0
0 0 0 0 0
0 0 0 0 0
0 0 0 0 0
0 0 0 0 0
0 0 0 0 0
0 0 0 0 0
0 0 0 0 0
0 0 0 0 0
0 0 0 0 0
0 0 0 0 0
0 0 0 0 0
0 0 0 0 0
0 0 0 0 0
0 0 0 0 0
0 0 0 0 0
0 0 0 0 0
0 0 0 0 0
0 0 0 0 0
0 0 0 0 0
0 0 0 0 0
0 0 0 0 0
0 0 0 0 0
0 0 0 0 0
0 0 0 0 0
0 0 0 0 0
0 0 0 0 0
0 0 0 0 0
0 0 0 0 0
0 0 0 0 0
0 0 0 0 0
0 0 0 0 0
0 0 0 0 0
0 0 0 0 0
0 0 0 0 0
0 0 0 0 0
0 0 0 0 0
0 0 0 0 0
0 0 0 0 0
0 0 0 0 0
0 0 0 0 0
0 0 0 0 0
0 0 0 0 0
0 0 0 0 0
0 0 0 0 0
0 0 0 0 0
0 0 0 0 0
0 0 0 0 0
0 0 0 0 0
0 0 0 0 0
0 0 0 0 0
0 0 0 0 0
0 0 0 0 0
0 0 0 0 0
0 0 0 0 0
0 0 0 0 0
0 0 0 0 0
0 0 0 0 0
0 0 0 0 0
0 0 0 0 0
0 0 0 0 0
0 0 0 0 0
0 0 0 0 0
0 0 0 0 0
0 0 0 0 0
0 0 0 0 0
0 0 0 0 0
0 0 0 0 0
0 0 0 0 0
0 0 0 0 0
0 0 0 0 0
0 0 0 0 0
0 0 0 0 0
0 0 0 0 0
0 0 0 0 0
0 0 0 0 0
0 0 0 0 0
0 0 0 0 0
0 0 0 0 0
0 0 0 0 0
0 0 0 0 0
0 0 0 0 0
0 0 0 0 0
0 0 0 0 0
0 0 0 0 0
0 0 0 0 0
0 0 0 0 0
0 0 0 0 0
0 0 0 0 0
0 0 0 0 0
0 0 0 0 0
0 0 0 0 0
0 0 0 0 0
0 0 0 0 0
0 0 0 0 0
0 0 0 0 0
0 0 0 0 0
0 0 0 0 0
0 0 0 0 0
0 0 0 0 0
0 0 0 0 0
0 0 0 0 0
0 0 0 0 0
0 0 0 0 0
0 0 0 0 0
0 0 0 0 0
0 0 0 0 0
0 0 0 0 0
0 0 0 0 0
0 0 0 0 0
0 0 0 0 0
0 0 0 0 0
0 0 0 0 0
0 0 0 0 0
0 0 0 0 0
0 0 0 0 0
0 0 0 0 0
0 0 0 0 0
0 0 0 0 0
0 0 0 0 0
0 0 0 0 0
0 0 0 0 0
0 0 0 0 0
0 0 0 0 0
0 0 0 0 0
0 0 0 0 0
0 0 0 0 0
0 0 0 0 0
0 0 0 0 0
0 0 0 0 0
0 0 0 0 0
0 0 0 0 0
0 0 0 0 0
0 0 0 0 0
0 0 0 0 0
0 0 0 0 0
0 0 0 0 0
0 0 0 0 0
0 0 0 0 0
0 0 0 0 0
0 0 0 0 0
0 0 0 0 0
0 0 0 0 0
0 0 0 0 0
0 0 0 0 0
0 0 0 0 0
0 0 0 0 0
0 0 0 0 0
0 0 0 0 0
0 0 0 0 0
0 0 0 0 0
0 0 0 0 0
0 0 0 0 0
0 0 0 0 0
0 0 0 0 0
0 0 0 0 0
0 0 0 0 0
0 0 0 0 0
0 0 0 0 0
0 0 0 0 0
0 0 0 0 0
0 0 0 0 0
0 0 0 0 0
0 0 0 0 0
0 0 0 0 0
0 0 0 0 0
0 0 0 0 0
0 0 0 0 0
0 0 0 0 0
0 0 0 0 0
0 0 0 0 0
0 0 0 0 0
0 0 0 0 0
0 0 0 0 0
0 0 0 0 0
0 0 0 0 0
0 0 0 0 0
0 0 0 0 0
0 0 0 0 0
0 0 0 0 0
0 0 0 0 0
0 0 0 0 0
0 0 0 0 0
0 0 0 0 0
0 0 0 0 0
0 0 0 0 0
0 0 0 0 0
0 0 0 0 0
0 0 0 0 0
0 0 0 0 0
0 0 0 0 0
0 0 0 0 0
0 0 0 0 0
0 0 0 0 0
0 0 0 0 0
0 0 0 0 0
0 0 0 0 0
0 0 0 0 0
0 0 0 0 0
0 0 0 0 0
0 0 0 0 0
0 0 0 0 0
0 0 0 0 0
0 0 0 0 0
0 0 0 0 0
0 0 0 0 0
0 0 0 0 0
0 0 0 0 0
0 0 0 0 0
0 0 0 0 0
0 0 0 0 0
0 0 0 0 0
0 0 0 0 0
0 0 0 0 0
0 0 0 0 0
0 0 0 0 0
0 0 0 0 0
0 0 0 0 0
0 0 0 0 0
0 0 0 0 0
0 0 0 0 0
0 0 0 0 0
0 0 0 0 0
0 0 0 0 0
0 0 0 0 0
0 0 0 0 0
0 0 0 0 0
0 0 0 0 0
0 0 0 0 0
0 0 0 0 0
0 0 0 0 0
0 0 0 0 0
0 0 0 0 0
0 0 0 0 0
0 0 0 0 0
0 0 0 0 0
0 0 0 0 0
0 0 0 0 0
0 0 0 0 0
0 0 0 0 0
0 0 0 0 0
0 0 0 0 0
0 0 0 0 0
0 0 0 0 0
0 0 0 0 0
0 0 0 0 0
0 0 0 0 0
0 0 0 0 0
0 0 0 0 0
0 0 0 0 0
0 0 0 0 0
0 0 0 0 0
0 0 0 0 0
0 0 0 0 0
0 0 0 0 0
0 0 0 0 0
0 0 0 0 0
0 0 0 0 0
0 0 0 0 0
0 0 0 0 0
0 0 0 0 0
0 0 0 0 0
0 0 0 0 0
0 0 0 0 0
0 0 0 0 0
0 0 0 0 0
0 0 0 0 0
0 0 0 0 0
0 0 0 0 0
0 0 0 0 0
0 0 0 0 0
0 0 0 0 0
0 0 0 0 0
0 0 0 0 0
0 0 0 0 0
0 0 0 0 0
0 0 0 0 0
0 0 0 0 0
0 0 0 0 0
0 0 0 0 0
0 0 0 0 0
0 0 0 0 0
0 0 0 0 0
0 0 0 0 0
0 0 0 0 0
0 0 0 0 0
0 0 0 0 0
0 0 0 0 0
0 0 0 0 0
0 0 0 0 0
0 0 0 0 0
0 0 0 0 0
0 0 0 0 0
0 0 0 0 0
0 0 0 0 0
0 0 0 0 0
0 0 0 0 0
0 0 0 0 0
0 0 0 0 0
0 0 0 0 0
0 0 0 0 0
0 0 0 0 0
0 0 0 0 0
0 0 0 0 0
0 0 0 0 0
0 0 0 0 0
0 0 0 0 0
0 0 0 0 0
0 0 0 0 0
0 0 0 0 0
0 0 0 0 0
0 0 0 0 0
0 0 0 0 0
0 0 0 0 0
0 0 0 0 0
0 0 0 0 0
0 0 0 0 0
0 0 0 0 0
0 0 0 0 0
0 0 0 0 0
0 0 0 0 0
0 0 0 0 0
0 0 0 0 0
0 0 0 0 0
0 0 0 0 0
0 0 0 0 0
0 0 0 0 0
0 0 0 0 0
0 0 0 0 0
0 0 0 0 0
0 0 0 0 0
0 0 0 0 0
0 0 0 0 0
0 0 0 0 0
0 0 0 0 0
0 0 0 0 0
0 0 0 0 0
0 0 0 0 0
0 0 0 0 0
0 0 0 0 0
0 0 0 0 0
0 0 0 0 0
0 0 0 0 0
0 0 0 0 0
0 0 0 0 0
0 0 0 0 0
0 0 0 0 0
0 0 0 0 0
0 0 0 0 0
0 0 0 0 0
0 0 0 0 0
0 0 0 0 0
0 0 0 0 0
0 0 0 0 0
0 0 0 0 0
0 0 0 0 0
0 0 0 0 0
0 0 0 0 0
0 0 0 0 0
0 0 0 0 0
0 0 0 0 0
0 0 0 0 0
0 0 0 0 0
0 0 0 0 0
0 0 0 0 0
0 0 0 0 0
0 0 0 0 0
0 0 0 0 0
0 0 0 0 0
0 0 0 0 0
0 0 0 0 0
0 0 0 0 0
0 0 0 0 0
0 0 0 0 0
0 0 0 0 0
0 0 0 0 0
0 0 0 0 0
0 0 0 0 0
0 0 0 0 0
0 0 0 0 0
0 0 0 0 0
0 0 0 0 0
0 0 0 0 0
0 0 0 0 0
0 0 0 0 0
0 0 0 0 0
0 0 0 0 0
0 0 0 0 0
0 0 0 0 0
0 0 0 0 0
0 0 0 0 0
0 0 0 0 0
0 0 0 0 0
0 0 0 0 0
0 0 0 0 0
0 0 0 0 0
0 0 0 0 0
0 0 0 0 0
0 0 0 0 0
0 0 0 0 0
0 0 0 0 0
0 0 0 0 0
0 0 0 0 0
0 0 0 0 0
0 0 0 0 0
0 0 0 0 0
0 0 0 0 0
0 0 0 0 0
0 0 0 0 0
0 0 0 0 0
0 0 0 0 0
0 0 0 0 0
0 0 0 0 0
0 0 0 0 0
0 0 0 0 0
0 0 0 0 0
0 0 0 0 0
0 0 0 0 0
0 0 0 0 0
0 0 0 0 0
0 0 0 0 0
0 0 0 0 0
0 0 0 0 0
0 0 0 0 0
0 0 0 0 0
0 0 0 0 0
0 0 0 0 0
0 0 0 0 0
0 0 0 0 0
0 0 0 0 0
0 0 0 0 0
0 0 0 0 0
0 0 0 0 0
0 0 0 0 0
0 0 0 0 0
0 0 0 0 0
0 0 0 0 0
0 0 0 0 0
0 0 0 0 0
0 0 0 0 0
0 0 0 0 0
0 0 0 0 0
0 0 0 0 0
0 0 0 0 0
0 0 0 0 0
0 0 0 0 0
0 0 0 0 0
0 0 0 0 0
0 0 0 0 0
0 0 0 0 0
0 0 0 0 0
0 0 0 0 0
0 0 0 0 0
0 0 0 0 0
0 0 0 0 0
0 0 0 0 0
0 0 0 0 0
0 0 0 0 0
0 0 0 0 0
0 0 0 0 0
0 0 0 0 0
0 0 0 0 0
0 0 0 0 0
0 0 0 0 0
0 0 0 0 0
0 0 0 0 0
0 0 0 0 0
0 0 0 0 0
0 0 0 0 0
0 0 0 0 0
0 0 0 0 0
0 0 0 0 0
0 0 0 0 0
0 0 0 0 0
0 0 0 0 0
0 0 0 0 0
0 0 0 0 0
0 0 0 0 0
0 0 0 0 0
0 0 0 0 0
0 0 0 0 0
0 0 0 0 0
0 0 0 0 0
0 0 0 0 0
0 0 0 0 0
0 0 0 0 0
0 0 0 0 0
0 0 0 0 0
0 0 0 0 0
0 0 0 0 0
0 0 0 0 0
0 0 0 0 0
0 0 0 0 0
0 0 0 0 0
0 0 0 0 0
0 0 0 0 0
0 0 0 0 0
0 0 0 0 0
0 0 0 0 0
0 0 0 0 0
0 0 0 0 0
0 0 0 0 0
0 0 0 0 0
0 0 0 0 0
0 0 0 0 0
0 0 0 0 0
0 0 0 0 0
0 0 0 0 0
0 0 0 0 0
0 0 0 0 0
0 0 0 0 0
0 0 0 0 0
0 0 0 0 0
0 0 0 0 0
0 0 0 0 0
0 0 0 0 0
0 0 0 0 0
0 0 0 0 0
0 0 0 0 0
0 0 0 0 0
0 0 0 0 0
0 0 0 0 0
0 0 0 0 0
0 0 0 0 0
0 0 0 0 0
0 0 0 0 0
0 0 0 0 0
0 0 0 0 0
0 0 0 0 0
0 0 0 0 0
0 0 0 0 0
0 0 0 0 0
0 0 0 0 0
0 0 0 0 0
0 0 0 0 0
0 0 0 0 0
0 0 0 0 0
0 0 0 0 0
0 0 0 0 0
0 0 0 0 0
0 0 0 0 0
0 0 0 0 0
0 0 0 0 0
0 0 0 0 0
0 0 0 0 0
0 0 0 0 0
0 0 0 0 0
0 0 0 0 0
0 0 0 0 0
0 0 0 0 0
0 0 0 0 0
0 0 0 0 0
0 0 0 0 0
0 0 0 0 0
0 0 0 0 0
0 0 0 0 0
0 0 0 0 0
0 0 0 0 0
0 0 0 0 0
0 0 0 0 0
0 0 0 0 0
0 0 0 0 0
0 0 0 0 0
0 0 0 0 0
0 0 0 0 0
0 0 0 0 0
0 0 0 0 0
0 0 0 0 0
0 0 0 0 0
0 0 0 0 0
0 0 0 0 0
0 0 0 0 0
0 0 0 0 0
0 0 0 0 0
0 0 0 0 0
0 0 0 0 0
0 0 0 0 0
0 0 0 0 0
0 0 0 0 0
0 0 0 0 0
0 0 0 0 0
0 0 0 0 0
0 0 0 0 0
0 0 0 0 0
0 0 0 0 0
0 0 0 0 0
0 0 0 0 0
0 0 0 0 0
0 0 0 0 0
0 0 0 0 0
0 0 0 0 0
0 0 0 0 0
0 0 0 0 0
0 0 0 0 0
0 0 0 0 0
0 0 0 0 0
0 0 0 0 0
0 0 0 0 0
0 0 0 0 0
0 0 0 0 0
0 0 0 0 0
0 0 0 0 0
0 0 0 0 0
0 0 0 0 0
0 0 0 0 0
0 0 0 0 0
0 0 0 0 0
0 0 0 0 0
0 0 0 0 0
0 0 0 0 0
0 0 0 0 0
0 0 0 0 0
0 0 0 0 0
0 0 0 0 0
0 0 0 0 0
0 0 0 0 0
0 0 0 0 0
0 0 0 0 0
0 0 0 0 0
0 0 0 0 0
0 0 0 0 0
0 0 0 0 0
0 0 0 0 0
0 0 0 0 0
0 0 0 0 0
0 0 0 0 0
0 0 0 0 0
0 0 0 0 0
0 0 0 0 0
0 0 0 0 0
0 0 0 0 0
0 0 0 0 0
0 0 0 0 0
0 0 0 0 0
0 0 0 0 0
0 0 0 0 0
0 0 0 0 0
0 0 0 0 0
0 0 0 0 0
0 0 0 0 0
0 0 0 0 0
0 0 0 0 0
0 0 0 0 0
0 0 0 0 0
0 0 0 0 0
0 0 0 0 0
0 0 0 0 0
0 0 0 0 0
0 0 0 0 0
0 0 0 0 0
0 0 0 0 0
0 0 0 0 0
0 0 0 0 0
0 0 0 0 0
0 0 0 0 0
0 0 0 0 0
0 0 0 0 0
0 0 0 0 0
0 0 0 0 0
0 0 0 0 0
0 0 0 0 0
0 0 0 0 0
0 0 0 0 0
0 0 0 0 0
0 0 0 0 0
0 0 0 0 0
0 0 0 0 0
0 0 0 0 0
0 0 0 0 0
0 0 0 0 0
0 0 0 0 0
0 0 0 0 0
0 0 0 0 0
0 0 0 0 0
0 0 0 0 0
0 0 0 0 0
0 0 0 0 0
0 0 0 0 0
0 0 0 0 0
0 0 0 0 0
0 0 0 0 0
0 0 0 0 0
0 0 0 0 0
0 0 0 0 0
0 0 0 0 0
0 0 0 0 0
0 0 0 0 0
0 0 0 0 0
0 0 0 0 0
0 0 0 0 0
0 0 0 0 0
0 0 0 0 0
0 0 0 0 0
0 0 0 0 0
0 0 0 0 0
0 0 0 0 0
0 0 0 0 0
0 0 0 0 0
0 0 0 0 0
0 0 0 0 0
0 0 0 0 0
0 0 0 0 0
0 0 0 0 0
0 0 0 0 0
0 0 0 0 0
0 0 0 0 0
0 0 0 0 0
0 0 0 0 0
0 0 0 0 0
0 0 0 0 0
0 0 0 0 0
0 0 0 0 0
0 0 0 0 0
0 0 0 0 0
0 0 0 0 0
0 0 0 0 0
0 0 0 0 0
0 0 0 0 0
0 0 0 0 0
0 0 0 0 0
0 0 0 0 0
0 0 0 0 0
0 0 0 0 0
0 0 0 0 0
0 0 0 0 0
0 0 0 0 0
0 0 0 0 0
0 0 0 0 0
0 0 0 0 0
0 0 0 0 0
0 0 0 0 0
0 0 0 0 0
0 0 0 0 0
0 0 0 0 0
0 0 0 0 0
0 0 0 0 0
0 0 0 0 0
0 0 0 0 0
0 0 0 0 0
0 0 0 0 0
0 0 0 0 0
0 0 0 0 0
0 0 0 0 0
0 0 0 0 0
0 0 0 0 0
0 0 0 0 0
0 0 0 0 0
0 0 0 0 0
0 0 0 0 0
0 0 0 0 0
0 0 0 0 0
0 0 0 0 0
0 0 0 0 0
0 0 0 0 0
0 0 0 0 0
0 0 0 0 0
0 0 0 0 0
0 0 0 0 0
0 0 0 0 0
0 0 0 0 0
0 0 0 0 0
0 0 0 0 0
0 0 0 0 0
0 0 0 0 0
0 0 0 0 0
0 0 0 0 0
0 0 0 0 0
0 0 0 0 0
0 0 0 0 0
0 0 0 0 0
0 0 0 0 0
0 0 0 0 0
0 0 0 0 0
0 0 0 0 0
0 0 0 0 0
0 0 0 0 0
0 0 0 0 0
0 0 0 0 0
0 0 0 0 0
0 0 0 0 0
0 0 0 0 0
0 0 0 0 0
0 0 0 0 0
0 0 0 0 0
0 0 0 0 0
0 0 0 0 0
0 0 0 0 0
0 0 0 0 0
0 0 0 0 0
0 0 0 0 0
0 0 0 0 0
0 0 0 0 0
0 0 0 0 0
0 0 0 0 0
0 0 0 0 0
0 0 0 0 0
0 0 0 0 0
0 0 0 0 0
0 0 0 0 0
0 0 0 0 0
0 0 0 0 0
0 0 0 0 0
0 0 0 0 0
0 0 0 0 0
0 0 0 0 0
0 0 0 0 0
0 0 0 0 0
0 0 0 0 0
0 0 0 0 0
0 0 0 0 0
0 0 0 0 0
0 0 0 0 0
0 0 0 0 0
0 0 0 0 0
0 0 0 0 0
0 0 0 0 0
0 0 0 0 0
0 0 0 0 0
0 0 0 0 0
0 0 0 0 0
0 0 0 0 0
0 0 0 0 0
0 0 0 0 0
0 0 0 0 0
0 0 0 0 0
0 0 0 0 0
0 0 0 0 0
0 0 0 0 0
0 0 0 0 0
0 0 0 0 0
0 0 0 0 0
0 0 0 0 0
0 0 0 0 0
0 0 0 0 0
0 0 0 0 0
0 0 0 0 0
0 0 0 0 0
0 0 0 0 0
0 0 0 0 0
0 0 0 0 0
0 0 0 0 0
0 0 0 0 0
0 0 0 0 0
0 0 0 0 0
0 0 0 0 0
0 0 0 0 0
0 0 0 0 0
0 0 0 0 0
0 0 0 0 0
0 0 0 0 0
0 0 0 0 0
0 0 0 0 0
0 0 0 0 0
0 0 0 0 0
0 0 0 0 0
0 0 0 0 0
0 0 0 0 0
0 0 0 0 0
0 0 0 0 0
0 0 0 0 0
0 0 0 0 0
0 0 0 0 0
0 0 0 0 0
0 0 0 0 0
0 0 0 0 0
0 0 0 0 0
0 0 0 0 0
0 0 0 0 0
0 0 0 0 0
0 0 0 0 0
0 0 0 0 0
0 0 0 0 0
0 0 0 0 0
0 0 0 0 0
0 0 0 0 0
0 0 0 0 0
0 0 0 0 0
0 0 0 0 0
0 0 0 0 0
0 0 0 0 0
0 0 0 0 0
0 0 0 0 0
0 0 0 0 0
0 0 0 0 0
0 0 0 0 0
0 0 0 0 0
0 0 0 0 0
0 0 0 0 0
0 0 0 0 0
0 0 0 0 0
0 0 0 0 0
0 0 0 0 0
0 0 0 0 0
0 0 0 0 0
0 0 0 0 0
0 0 0 0 0
0 0 0 0 0
0 0 0 0 0
0 0 0 0 0
0 0 0 0 0
0 0 0 0 0
0 0 0 0 0
0 0 0 0 0
0 0 0 0 0
0 0 0 0 0
0 0 0 0 0
0 0 0 0 0
0 0 0 0 0
0 0 0 0 0
0 0 0 0 0
0 0 0 0 0
0 0 0 0 0
0 0 0 0 0
0 0 0 0 0
0 0 0 0 0
0 0 0 0 0
0 0 0 0 0
0 0 0 0 0
0 0 0 0 0
0 0 0 0 0
0 0 0 0 0
0 0 0 0 0
0 0 0 0 0
0 0 0 0 0
0 0 0 0 0
0 0 0 0 0
0 0 0 0 0
0 0 0 0 0
0 0 0 0 0
0 0 0 0 0
0 0 0 0 0
0 0 0 0 0
0 0 0 0 0
0 0 0 0 0
0 0 0 0 0
0 0 0 0 0
0 0 0 0 0
0 0 0 0 0
0 0 0 0 0
0 0 0 0 0
0 0 0 0 0
0 0 0 0 0
0 0 0 0 0
0 0 0 0 0
0 0 0 0 0
0 0 0 0 0
0 0 0 0 0
0 0 0 0 0
0 0 0 0 0
0 0 0 0 0
0 0 0 0 0
0 0 0 0 0
0 0 0 0 0
0 0 0 0 0
0 0 0 0 0
0 0 0 0 0
0 0 0 0 0
0 0 0 0 0
0 0 0 0 0
0 0 0 0 0
0 0 0 0 0
0 0 0 0 0
0 0 0 0 0
0 0 0 0 0
0 0 0 0 0
0 0 0 0 0
0 0 0 0 0
0 0 0 0 0
0 0 0 0 0
0 0 0 0 0
0 0 0 0 0
0 0 0 0 0
0 0 0 0 0
0 0 0 0 0
0 0 0 0 0
0 0 0 0 0
0 0 0 0 0
0 0 0 0 0
0 0 0 0 0
0 0 0 0 0
0 0 0 0 0
0 0 0 0 0
0 0 0 0 0
0 0 0 0 0
0 0 0 0 0
0 0 0 0 0
0 0 0 0 0
0 0 0 0 0
0 0 0 0 0
0 0 0 0 0
0 0 0 0 0
0 0 0 0 0
0 0 0 0 0
0 0 0 0 0
0 0 0 0 0
0 0 0 0 0
0 0 0 0 0
0 0 0 0 0
0 0 0 0 0
0 0 0 0 0
0 0 0 0 0
0 0 0 0 0
0 0 0 0 0
0 0 0 0 0
0 0 0 0 0
0 0 0 0 0
0 0 0 0 0
0 0 0 0 0
0 0 0 0 0
0 0 0 0 0
0 0 0 0 0
0 0 0 0 0
0 0 0 0 0
0 0 0 0 0
0 0 0 0 0
0 0 0 0 0
0 0 0 0 0
0 0 0 0 0
0 0 0 0 0
0 0 0 0 0
0 0 0 0 0
0 0 0 0 0
0 0 0 0 0
0 0 0 0 0
0 0 0 0 0
0 0 0 0 0
0 0 0 0 0
0 0 0 0 0
0 0 0 0 0
0 0 0 0 0
0 0 0 0 0
0 0 0 0 0
0 0 0 0 0
0 0 0 0 0
0 0 0 0 0
0 0 0 0 0
0 0 0 0 0
0 0 0 0 0
0 0 0 0 0
0 0 0 0 0
0 0 0 0 0
0 0 0 0 0
0 0 0 0 0
0 0 0 0 0
0 0 0 0 0
0 0 0 0 0
0 0 0 0 0
0 0 0 0 0
0 0 0 0 0
0 0 0 0 0
0 0 0 0 0
0 0 0 0 0
0 0 0 0 0
0 0 0 0 0
0 0 0 0 0
0 0 0 0 0
0 0 0 0 0
0 0 0 0 0
0 0 0 0 0
0 0 0 0 0
0 0 0 0 0
0 0 0 0 0
0 0 0 0 0
0 0 0 0 0
0 0 0 0 0
0 0 0 0 0
0 0 0 0 0
0 0 0 0 0
0 0 0 0 0
0 0 0 0 0
0 0 0 0 0
0 0 0 0 0
0 0 0 0 0
0 0 0 0 0
0 0 0 0 0
0 0 0 0 0
0 0 0 0 0
0 0 0 0 0
0 0 0 0 0
0 0 0 0 0
0 0 0 0 0
0 0 0 0 0
0 0 0 0 0
0 0 0 0 0
0 0 0 0 0
0 0 0 0 0
0 0 0 0 0
0 0 0 0 0
0 0 0 0 0
0 0 0 0 0
0 0 0 0 0
0 0 0 0 0
0 0 0 0 0
0 0 0 0 0
0 0 0 0 0
0 0 0 0 0
0 0 0 0 0
0 0 0 0 0
0 0 0 0 0
0 0 0 0 0
0 0 0 0 0
0 0 0 0 0
0 0 0 0 0
0 0 0 0 0
0 0 0 0 0
0 0 0 0 0
0 0 0 0 0
0 0 0 0 0
0 0 0 0 0
0 0 0 0 0
0 0 0 0 0
0 0 0 0 0
0 0 0 0 0
0 0 0 0 0
0 0 0 0 0
0 0 0 0 0
0 0 0 0 0
0 0 0 0 0
0 0 0 0 0
0 0 0 0 0
0 0 0 0 0
0 0 0 0 0
0 0 0 0 0
0 0 0 0 0
0 0 0 0 0
0 0 0 0 0
0 0 0 0 0
0 0 0 0 0
0 0 0 0 0
0 0 0 0 0
0 0 0 0 0
0 0 0 0 0
0 0 0 0 0
0 0 0 0 0
0 0 0 0 0
0 0 0 0 0
0 0 0 0 0
0 0 0 0 0
0 0 0 0 0
0 0 0 0 0
0 0 0 0 0
0 0 0 0 0
0 0 0 0 0
0 0 0 0 0
0 0 0 0 0
0 0 0 0 0
0 0 0 0 0
0 0 0 0 0
0 0 0 0 0
0 0 0 0 0
0 0 0 0 0
0 0 0 0 0
0 0 0 0 0
0 0 0 0 0
0 0 0 0 0
0 0 0 0 0
0 0 0 0 0
0 0 0 0 0
0 0 0 0 0
0 0 0 0 0
0 0 0 0 0
0 0 0 0 0
0 0 0 0 0
0 0 0 0 0
0 0 0 0 0
0 0 0 0 0
0 0 0 0 0
0 0 0 0 0
0 0 0 0 0
0 0 0 0 0
0 0 0 0 0
0 0 0 0 0
0 0 0 0 0
0 0 0 0 0
0 0 0 0 0
0 0 0 0 0
0 0 0 0 0
0 0 0 0 0
0 0 0 0 0
0 0 0 0 0
0 0 0 0 0
0 0 0 0 0
0 0 0 0 0
0 0 0 0 0
0 0 0 0 0
0 0 0 0 0
0 0 0 0 0
0 0 0 0 0
0 0 0 0 0
0 0 0 0 0
0 0 0 0 0
0 0 0 0 0
0 0 0 0 0
0 0 0 0 0
0 0 0 0 0
0 0 0 0 0
0 0 0 0 0
0 0 0 0 0
0 0 0 0 0
0 0 0 0 0
0 0 0 0 0
0 0 0 0 0
0 0 0 0 0
0 0 0 0 0
0 0 0 0 0
0 0 0 0 0
0 0 0 0 0
0 0 0 0 0
0 0 0 0 0
0 0 0 0 0
0 0 0 0 0
0 0 0 0 0
0 0 0 0 0
0 0 0 0 0
0 0 0 0 0
0 0 0 0 0
0 0 0 0 0
0 0 0 0 0
0 0 0 0 0
0 0 0 0 0
0 0 0 0 0
0 0 0 0 0
0 0 0 0 0
0 0 0 0 0
0 0 0 0 0
0 0 0 0 0
0 0 0 0 0
0 0 0 0 0
0 0 0 0 0
0 0 0 0 0
0 0 0 0 0
0 0 0 0 0
0 0 0 0 0
0 0 0 0 0
0 0 0 0 0
0 0 0 0 0
0 0 0 0 0
0 0 0 0 0
0 0 0 0 0
0 0 0 0 0
0 0 0 0 0
0 0 0 0 0
0 0 0 0 0
0 0 0 0 0
0 0 0 0 0
0 0 0 0 0
0 0 0 0 0
0 0 0 0 0
0 0 0 0 0
0 0 0 0 0
0 0 0 0 0
0 0 0 0 0
0 0 0 0 0
0 0 0 0 0
0 0 0 0 0
0 0 0 0 0
0 0 0 0 0
0 0 0 0 0
0 0 0 0 0
0 0 0 0 0
0 0 0 0 0
0 0 0 0 0
0 0 0 0 0
0 0 0 0 0
0 0 0 0 0
0 0 0 0 0
0 0 0 0 0
0 0 0 0 0
0 0 0 0 0
0 0 0 0 0
0 0 0 0 0
0 0 0 0 0
0 0 0 0 0
0 0 0 0 0
0 0 0 0 0
0 0 0 0 0
0 0 0 0 0
0 0 0 0 0
0 0 0 0 0
0 0 0 0 0
0 0 0 0 0
0 0 0 0 0
0 0 0 0 0
0 0 0 0 0
0 0 0 0 0
0 0 0 0 0
0 0 0 0 0
0 0 0 0 0
0 0 0 0 0
0 0 0 0 0
0 0 0 0 0
0 0 0 0 0
0 0 0 0 0
0 0 0 0 0
0 0 0 0 0
0 0 0 0 0
0 0 0 0 0
0 0 0 0 0
0 0 0 0 0
0 0 0 0 0
0 0 0 0 0
0 0 0 0 0
0 0 0 0 0
0 0 0 0 0
0 0 0 0 0
0 0 0 0 0
0 0 0 0 0
0 0 0 0 0
0 0 0 0 0
0 0 0 0 0
0 0 0 0 0
0 0 0 0 0
0 0 0 0 0
0 0 0 0 0
0 0 0 0 0
0 0 0 0 0
0 0 0 0 0
0 0 0 0 0
0 0 0 0 0
0 0 0 0 0
0 0 0 0 0
0 0 0 0 0
0 0 0 0 0
0 0 0 0 0
0 0 0 0 0
0 0 0 0 0
0 0 0 0 0
0 0 0 0 0
0 0 0 0 0
0 0 0 0 0
0 0 0 0 0
0 0 0 0 0
0 0 0 0 0
0 0 0 0 0
0 0 0 0 0
0 0 0 0 0
0 0 0 0 0
0 0 0 0 0
0 0 0 0 0
0 0 0 0 0
0 0 0 0 0
0 0 0 0 0
0 0 0 0 0
0 0 0 0 0
0 0 0 0 0
0 0 0 0 0
0 0 0 0 0
0 0 0 0 0
0 0 0 0 0
0 0 0 0 0
0 0 0 0 0
0 0 0 0 0
0 0 0 0 0
0 0 0 0 0
0 0 0 0 0
0 0 0 0 0
0 0 0 0 0
0 0 0 0 0
0 0 0 0 0
0 0 0 0 0
0 0 0 0 0
0 0 0 0 0
0 0 0 0 0
0 0 0 0 0
0 0 0 0 0
0 0 0 0 0
0 0 0 0 0
0 0 0 0 0
0 0 0 0 0
0 0 0 0 0
0 0 0 0 0
0 0 0 0 0
0 0 0 0 0
0 0 0 0 0
0 0 0 0 0
0 0 0 0 0
0 0 0 0 0
0 0 0 0 0
0 0 0 0 0
0 0 0 0 0
0 0 0 0 0
0 0 0 0 0
0 0 0 0 0
0 0 0 0 0
0 0 0 0 0
0 0 0 0 0
0 0 0 0 0
0 0 0 0 0
0 0 0 0 0
0 0 0 0 0
0 0 0 0 0
0 0 0 0 0
0 0 0 0 0
0 0 0 0 0
0 0 0 0 0
0 0 0 0 0
0 0 0 0 0
0 0 0 0 0
0 0 0 0 0
0 0 0 0 0
0 0 0 0 0
0 0 0 0 0
0 0 0 0 0
0 0 0 0 0
0 0 0 0 0
0 0 0 0 0
0 0 0 0 0
0 0 0 0 0
0 0 0 0 0
0 0 0 0 0
0 0 0 0 0
0 0 0 0 0
0 0 0 0 0
0 0 0 0 0
0 0 0 0 0
0 0 0 0 0
0 0 0 0 0
0 0 0 0 0
0 0 0 0 0
0 0 0 0 0
0 0 0 0 0
0 0 0 0 0
0 0 0 0 0
0 0 0 0 0
0 0 0 0 0
0 0 0 0 0
0 0 0 0 0
0 0 0 0 0
0 0 0 0 0
0 0 0 0 0
0 0 0 0 0
0 0 0 0 0
0 0 0 0 0
0 0 0 0 0
0 0 0 0 0
0 0 0 0 0
0 0 0 0 0
0 0 0 0 0
0 0 0 0 0
0 0 0 0 0
0 0 0 0 0
0 0 0 0 0
0 0 0 0 0
0 0 0 0 0
0 0 0 0 0
0 0 0 0 0
0 0 0 0 0
0 0 0 0 0
0 0 0 0 0
0 0 0 0 0
0 0 0 0 0
0 0 0 0 0
0 0 0 0 0
0 0 0 0 0
0 0 0 0 0
0 0 0 0 0
0 0 0 0 0
0 0 0 0 0
0 0 0 0 0
0 0 0 0 0
0 0 0 0 0
0 0 0 0 0
0 0 0 0 0
0 0 0 0 0
0 0 0 0 0
0 0 0 0 0
0 0 0 0 0
0 0 0 0 0
0 0 0 0 0
0 0 0 0 0
0 0 0 0 0
0 0 0 0 0
0 0 0 0 0
0 0 0 0 0
0 0 0 0 0
0 0 0 0 0
0 0 0 0 0
0 0 0 0 0
0 0 0 0 0
0 0 0 0 0
0 0 0 0 0
0 0 0 0 0
0 0 0 0 0
0 0 0 0 0
0 0 0 0 0
0 0 0 0 0
0 0 0 0 0
0 0 0 0 0
0 0 0 0 0
0 0 0 0 0
0 0 0 0 0
0 0 0 0 0
0 0 0 0 0
0 0 0 0 0
0 0 0 0 0
0 0 0 0 0
0 0 0 0 0
0 0 0 0 0
0 0 0 0 0
0 0 0 0 0
0 0 0 0 0
0 0 0 0 0
0 0 0 0 0
0 0 0 0 0
0 0 0 0 0
0 0 0 0 0
0 0 0 0 0
0 0 0 0 0
0 0 0 0 0
0 0 0 0 0
0 0 0 0 0
0 0 0 0 0
0 0 0 0 0
0 0 0 0 0
0 0 0 0 0
0 0 0 0 0
0 0 0 0 0
0 0 0 0 0
0 0 0 0 0
0 0 0 0 0
0 0 0 0 0
0 0 0 0 0
0 0 0 0 0
0 0 0 0 0
0 0 0 0 0
0 0 0 0 0
0 0 0 0 0
0 0 0 0 0
0 0 0 0 0
0 0 0 0 0
0 0 0 0 0
0 0 0 0 0
0 0 0 0 0
0 0 0 0 0
0 0 0 0 0
0 0 0 0 0
0 0 0 0 0
0 0 0 0 0
0 0 0 0 0
0 0 0 0 0
0 0 0 0 0
0 0 0 0 0
0 0 0 0 0
0 0 0 0 0
0 0 0 0 0
0 0 0 0 0
0 0 0 0 0
0 0 0 0 0
0 0 0 0 0
0 0 0 0 0
0 0 0 0 0
0 0 0 0 0
0 0 0 0 0
0 0 0 0 0
0 0 0 0 0
0 0 0 0 0
0 0 0 0 0
0 0 0 0 0
0 0 0 0 0
0 0 0 0 0
0 0 0 0 0
0 0 0 0 0
0 0 0 0 0
0 0 0 0 0
0 0 0 0 0
0 0 0 0 0
0 0 0 0 0
0 0 0 0 0
0 0 0 0 0
0 0 0 0 0
0 0 0 0 0
0 0 0 0 0
0 0 0 0 0
0 0 0 0 0
0 0 0 0 0
0 0 0 0 0
0 0 0 0 0
0 0 0 0 0
0 0 0 0 0
0 0 0 0 0
0 0 0 0 0
0 0 0 0 0
0 0 0 0 0
0 0 0 0 0
0 0 0 0 0
0 0 0 0 0
0 0 0 0 0
0 0 0 0 0
0 0 0 0 0
0 0 0 0 0
0 0 0 0 0
0 0 0 0 0
0 0 0 0 0
0 0 0 0 0
0 0 0 0 0
0 0 0 0 0
0 0 0 0 0
0 0 0 0 0
0 0 0 0 0
0 0 0 0 0
0 0 0 0 0
0 0 0 0 0
0 0 0 0 0
0 0 0 0 0
0 0 0 0 0
0 0 0 0 0
0 0 0 0 0
0 0 0 0 0
0 0 0 0 0
0 0 0 0 0
0 0 0 0 0
0 0 0 0 0
0 0 0 0 0
0 0 0 0 0
0 0 0 0 0
0 0 0 0 0
0 0 0 0 0
0 0 0 0 0
0 0 0 0 0
0 0 0 0 0
0 0 0 0 0
0 0 0 0 0
0 0 0 0 0
0 0 0 0 0
0 0 0 0 0
0 0 0 0 0
0 0 0 0 0
0 0 0 0 0
0 0 0 0 0
0 0 0 0 0
0 0 0 0 0
0 0 0 0 0
0 0 0 0 0
0 0 0 0 0
0 0 0 0 0
0 0 0 0 0
0 0 0 0 0
0 0 0 0 0
0 0 0 0 0
0 0 0 0 0
0 0 0 0 0
0 0 0 0 0
0 0 0 0 0
0 0 0 0 0
0 0 0 0 0
0 0 0 0 0
0 0 0 0 0
0 0 0 0 0
0 0 0 0 0
0 0 0 0 0
0 0 0 0 0
0 0 0 0 0
0 0 0 0 0
0 0 0 0 0
0 0 0 0 0
0 0 0 0 0
0 0 0 0 0
0 0 0 0 0
0 0 0 0 0
0 0 0 0 0
0 0 0 0 0
0 0 0 0 0
0 0 0 0 0
0 0 0 0 0
0 0 0 0 0
0 0 0 0 0
0 0 0 0 0
0 0 0 0 0
0 0 0 0 0
0 0 0 0 0
0 0 0 0 0
0 0 0 0 0
0 0 0 0 0
0 0 0 0 0
0 0 0 0 0
0 0 0 0 0
0 0 0 0 0
0 0 0 0 0
0 0 0 0 0
0 0 0 0 0
0 0 0 0 0
0 0 0 0 0
0 0 0 0 0
0 0 0 0 0
0 0 0 0 0
0 0 0 0 0
0 0 0 0 0
0 0 0 0 0
0 0 0 0 0
0 0 0 0 0
0 0 0 0 0
0 0 0 0 0
0 0 0 0 0
0 0 0 0 0
0 0 0 0 0
0 0 0 0 0
0 0 0 0 0
0 0 0 0 0
0 0 0 0 0
0 0 0 0 0
0 0 0 0 0
0 0 0 0 0
0 0 0 0 0
0 0 0 0 0
0 0 0 0 0
0 0 0 0 0
0 0 0 0 0
0 0 0 0 0
0 0 0 0 0
0 0 0 0 0
0 0 0 0 0
0 0 0 0 0
0 0 0 0 0
0 0 0 0 0
0 0 0 0 0
0 0 0 0 0
0 0 0 0 0
0 0 0 0 0
0 0 0 0 0
0 0 0 0 0
0 0 0 0 0
0 0 0 0 0
0 0 0 0 0
0 0 0 0 0
0 0 0 0 0
0 0 0 0 0
0 0 0 0 0
0 0 0 0 0
0 0 0 0 0
0 0 0 0 0
0 0 0 0 0
0 0 0 0 0
0 0 0 0 0
0 0 0 0 0
0 0 0 0 0
0 0 0 0 0
0 0 0 0 0
0 0 0 0 0
0 0 0 0 0
0 0 0 0 0
0 0 0 0 0
0 0 0 0 0
0 0 0 0 0
0 0 0 0 0
0 0 0 0 0
0 0 0 0 0
0 0 0 0 0
0 0 0 0 0
0 0 0 0 0
0 0 0 0 0
0 0 0 0 0
0 0 0 0 0
0 0 0 0 0
0 0 0 0 0
0 0 0 0 0
0 0 0 0 0
0 0 0 0 0
0 0 0 0 0
0 0 0 0 0
0 0 0 0 0
0 0 0 0 0
0 0 0 0 0
0 0 0 0 0
0 0 0 0 0
0 0 0 0 0
0 0 0 0 0
0 0 0 0 0
0 0 0 0 0
0 0 0 0 0
0 0 0 0 0
0 0 0 0 0
0 0 0 0 0
0 0 0 0 0
0 0 0 0 0
0 0 0 0 0
0 0 0 0 0
0 0 0 0 0
0 0 0 0 0
0 0 0 0 0
0 0 0 0 0
0 0 0 0 0
0 0 0 0 0
0 0 0 0 0
0 0 0 0 0
0 0 0 0 0
0 0 0 0 0
0 0 0 0 0
0 0 0 0 0
0 0 0 0 0
0 0 0 0 0
0 0 0 0 0
0 0 0 0 0
0 0 0 0 0
0 0 0 0 0
0 0 0 0 0
0 0 0 0 0
0 0 0 0 0
0 0 0 0 0
0 0 0 0 0
0 0 0 0 0
0 0 0 0 0
0 0 0 0 0
0 0 0 0 0
0 0 0 0 0
0 0 0 0 0
0 0 0 0 0
0 0 0 0 0
0 0 0 0 0
0 0 0 0 0
0 0 0 0 0
0 0 0 0 0
