STA EM for 4He (S. Patore et al.)
2 4 STA_EM 900 5
1 0.002 0.004 0.006 0.008 0.01 0.012 0.014 0.016 0.018 0.02 0.022 0.024 0.026 0.028 0.03 0.032 0.034 0.036 0.038 0.04 0.042 0.044 0.046 0.048 0.05 0.052 0.054 0.056 0.058 0.06 0.062 0.064 0.066 0.068 0.07 0.072 0.074 0.076 0.078 0.08 0.082 0.084 0.086 0.088 0.09 0.092 0.094 0.096 0.098 0.1 0.102 0.104 0.106 0.108 0.11 0.112 0.114 0.116 0.118 0.12 0.122 0.124 0.126 0.128 0.13 0.132 0.134 0.136 0.138 0.14 0.142 0.144 0.146 0.148 0.15 0.152 0.154 0.156 0.158 0.16 0.162 0.164 0.166 0.168 0.17 0.172 0.174 0.176 0.178 0.18 0.182 0.184 0.186 0.188 0.19 0.192 0.194 0.196 0.198 0.2 0.202 0.204 0.206 0.208 0.21 0.212 0.214 0.216 0.218 0.22 0.222 0.224 0.226 0.228 0.23 0.232 0.234 0.236 0.238 0.24 0.242 0.244 0.246 0.248 0.25 0.252 0.254 0.256 0.258 0.26 0.262 0.264 0.266 0.268 0.27 0.272 0.274 0.276 0.278 0.28 0.282 0.284 0.286 0.288 0.29 0.292 0.294 0.296 0.298 0.3 0.302 0.304 0.306 0.308 0.31 0.312 0.314 0.316 0.318 0.32 0.322 0.324 0.326 0.328 0.33 0.332 0.334 0.336 0.338 0.34 0.342 0.344 0.346 0.348 0.35 0.352 0.354 0.356 0.358 0.36 0.362 0.364 0.366 0.368 0.37 0.372 0.374 0.376 0.378 0.38 0.382 0.384 0.386 0.388 0.39 0.392 0.394 0.396 0.398 0.4 0.402 0.404 0.406 0.408 0.41 0.412 0.414 0.416 0.418 0.42 0.422 0.424 0.426 0.428 0.43 0.432 0.434 0.436 0.438 0.44 0.442 0.444 0.446 0.448 0.45 0.452 0.454 0.456 0.458 0.46 0.462 0.464 0.466 0.468 0.47 0.472 0.474 0.476 0.478 0.48 0.482 0.484 0.486 0.488 0.49 0.492 0.494 0.496 0.498 0.5 0.502 0.504 0.506 0.508 0.51 0.512 0.514 0.516 0.518 0.52 0.522 0.524 0.526 0.528 0.53 0.532 0.534 0.536 0.538 0.54 0.542 0.544 0.546 0.548 0.55 0.552 0.554 0.556 0.558 0.56 0.562 0.564 0.566 0.568 0.57 0.572 0.574 0.576 0.578 0.58 0.582 0.584 0.586 0.588 0.59 0.592 0.594 0.596 0.598 0.6 0.602 0.604 0.606 0.608 0.61 0.612 0.614 0.616 0.618 0.62 0.622 0.624 0.626 0.628 0.63 0.632 0.634 0.636 0.638 0.64 0.642 0.644 0.646 0.648 0.65 0.652 0.654 0.656 0.658 0.66 0.662 0.664 0.666 0.668 0.67 0.672 0.674 0.676 0.678 0.68 0.682 0.684 0.686 0.688 0.69 0.692 0.694 0.696 0.698 0.7 0.702 0.704 0.706 0.708 0.71 0.712 0.714 0.716 0.718 0.72 0.722 0.724 0.726 0.728 0.73 0.732 0.734 0.736 0.738 0.74 0.742 0.744 0.746 0.748 0.75 0.752 0.754 0.756 0.758 0.76 0.762 0.764 0.766 0.768 0.77 0.772 0.774 0.776 0.778 0.78 0.782 0.784 0.786 0.788 0.79 0.792 0.794 0.796 0.798 0.8 0.802 0.804 0.806 0.808 0.81 0.812 0.814 0.816 0.818 0.82 0.822 0.824 0.826 0.828 0.83 0.832 0.834 0.836 0.838 0.84 0.842 0.844 0.846 0.848 0.85 0.852 0.854 0.856 0.858 0.86 0.862 0.864 0.866 0.868 0.87 0.872 0.874 0.876 0.878 0.88 0.882 0.884 0.886 0.888 0.89 0.892 0.894 0.896 0.898 0.9 0.902 0.904 0.906 0.908 0.91 0.912 0.914 0.916 0.918 0.92 0.922 0.924 0.926 0.928 0.93 0.932 0.934 0.936 0.938 0.94 0.942 0.944 0.946 0.948 0.95 0.952 0.954 0.956 0.958 0.96 0.962 0.964 0.966 0.968 0.97 0.972 0.974 0.976 0.978 0.98 0.982 0.984 0.986 0.988 0.99 0.992 0.994 0.996 0.998 1 1.002 1.004 1.006 1.008 1.01 1.012 1.014 1.016 1.018 1.02 1.022 1.024 1.026 1.028 1.03 1.032 1.034 1.036 1.038 1.04 1.042 1.044 1.046 1.048 1.05 1.052 1.054 1.056 1.058 1.06 1.062 1.064 1.066 1.068 1.07 1.072 1.074 1.076 1.078 1.08 1.082 1.084 1.086 1.088 1.09 1.092 1.094 1.096 1.098 1.1 1.102 1.104 1.106 1.108 1.11 1.112 1.114 1.116 1.118 1.12 1.122 1.124 1.126 1.128 1.13 1.132 1.134 1.136 1.138 1.14 1.142 1.144 1.146 1.148 1.15 1.152 1.154 1.156 1.158 1.16 1.162 1.164 1.166 1.168 1.17 1.172 1.174 1.176 1.178 1.18 1.182 1.184 1.186 1.188 1.19 1.192 1.194 1.196 1.198 1.2 1.202 1.204 1.206 1.208 1.21 1.212 1.214 1.216 1.218 1.22 1.222 1.224 1.226 1.228 1.23 1.232 1.234 1.236 1.238 1.24 1.242 1.244 1.246 1.248 1.25 1.252 1.254 1.256 1.258 1.26 1.262 1.264 1.266 1.268 1.27 1.272 1.274 1.276 1.278 1.28 1.282 1.284 1.286 1.288 1.29 1.292 1.294 1.296 1.298 1.3 1.302 1.304 1.306 1.308 1.31 1.312 1.314 1.316 1.318 1.32 1.322 1.324 1.326 1.328 1.33 1.332 1.334 1.336 1.338 1.34 1.342 1.344 1.346 1.348 1.35 1.352 1.354 1.356 1.358 1.36 1.362 1.364 1.366 1.368 1.37 1.372 1.374 1.376 1.378 1.38 1.382 1.384 1.386 1.388 1.39 1.392 1.394 1.396 1.398 1.4 1.402 1.404 1.406 1.408 1.41 1.412 1.414 1.416 1.418 1.42 1.422 1.424 1.426 1.428 1.43 1.432 1.434 1.436 1.438 1.44 1.442 1.444 1.446 1.448 1.45 1.452 1.454 1.456 1.458 1.46 1.462 1.464 1.466 1.468 1.47 1.472 1.474 1.476 1.478 1.48 1.482 1.484 1.486 1.488 1.49 1.492 1.494 1.496 1.498 1.5 1.502 1.504 1.506 1.508 1.51 1.512 1.514 1.516 1.518 1.52 1.522 1.524 1.526 1.528 1.53 1.532 1.534 1.536 1.538 1.54 1.542 1.544 1.546 1.548 1.55 1.552 1.554 1.556 1.558 1.56 1.562 1.564 1.566 1.568 1.57 1.572 1.574 1.576 1.578 1.58 1.582 1.584 1.586 1.588 1.59 1.592 1.594 1.596 1.598 1.6 1.602 1.604 1.606 1.608 1.61 1.612 1.614 1.616 1.618 1.62 1.622 1.624 1.626 1.628 1.63 1.632 1.634 1.636 1.638 1.64 1.642 1.644 1.646 1.648 1.65 1.652 1.654 1.656 1.658 1.66 1.662 1.664 1.666 1.668 1.67 1.672 1.674 1.676 1.678 1.68 1.682 1.684 1.686 1.688 1.69 1.692 1.694 1.696 1.698 1.7 1.702 1.704 1.706 1.708 1.71 1.712 1.714 1.716 1.718 1.72 1.722 1.724 1.726 1.728 1.73 1.732 1.734 1.736 1.738 1.74 1.742 1.744 1.746 1.748 1.75 1.752 1.754 1.756 1.758 1.76 1.762 1.764 1.766 1.768 1.77 1.772 1.774 1.776 1.778 1.78 1.782 1.784 1.786 1.788 1.79 1.792 1.794 1.796 1.798 1.8
1 0.3 0.4 0.5 0.6 0.7
0 0 0 0 0
0 0 0 0 0
0 0 0 0 0
0 0 0 0 0
0 0 0 0 0
0.00462411 0 7.96251e-07 0 0
4.75323e-05 0 -4.4492e-05 0 0
3.47744e-06 0 -2.1251e-05 0 0
2.32703e-06 0 1.08916e-05 0 0
6.83084e-06 0 -7.80043e-06 0 0
0.0136282 0 3.52227e-06 0 0
0.00014521 0 -0.000135932 0 0
1.06447e-05 0 -6.47545e-05 0 0
7.12541e-06 0 3.34219e-05 0 0
2.10481e-05 0 -2.41716e-05 0 0
0.0304673 0 9.78169e-05 0 0
0.000386845 0 -0.000259071 0 0
3.03839e-05 0 -0.00014295 0 0
1.57229e-05 0 6.64464e-05 0 0
4.39086e-05 0 -5.15419e-05 0 0
0.0597124 0 0.000415782 0 0
0.00091615 0 -0.000390496 0 0
7.47804e-05 0 -0.000270978 0 0
3.01546e-05 0 0.00010881 0 0
7.74975e-05 0 -9.27312e-05 0 0
0.106288 0 0.00111679 0 0
0.00192146 0 -0.000505416 0 0
0.000156878 0 -0.000463451 0 0
5.32924e-05 0 0.000161451 0 0
0.000125602 0 -0.000150763 0 0
0.175451 0 0.0024044 0 0
0.00365433 0 -0.00056986 0 0
0.00029201 0 -0.000733619 0 0
8.88179e-05 0 0.000226701 0 0
0.000193444 0 -0.000228621 0 0
0.273195 0 0.0045662 0 0
0.00646491 0 -0.000521168 0 0
0.000501745 0 -0.0010938 0 0
0.000140986 0 0.000305421 0 0
0.000286406 0 -0.000328848 0 0
0.406124 0 0.00799858 0 0
0.0108275 0 -0.000252305 0 0
0.000816122 0 -0.00155308 0 0
0.000214295 0 0.000395238 0 0
0.000408976 0 -0.000452841 0 0
0.580922 0 0.0132198 0 0
0.0173556 0 0.000400696 0 0
0.00127392 0 -0.00211228 0 0
0.000313385 0 0.000489584 0 0
0.000563883 0 -0.000599272 0 0
0.803566 0 0.0208702 0 0
0.026807 0 0.00166824 0 0
0.00192151 0 -0.00275696 0 0
0.00044308 0 0.000577528 0 0
0.000751335 0 -0.000762081 0 0
1.07855 0 0.0317019 0 0
0.04008 0 0.00385607 0 0
0.00281208 0 -0.00345073 0 0
0.000608228 0 0.00064386 0 0
0.00096803 0 -0.000929046 0 0
1.40822 0 0.0465555 0 0
0.0582 0 0.00735013 0 0
0.00400488 0 -0.00412859 0 0
0.000813296 0 0.000669911 0 0
0.00120626 0 -0.0010811 0 0
1.7922 0 0.06632 0 0
0.0822898 0 0.0126147 0 0
0.00556445 0 -0.00469159 0 0
0.00106192 0 0.000635459 0 0
0.00145348 0 -0.00119274 0 0
2.22701 0 0.091871 0 0
0.113524 0 0.0201812 0 0
0.00755985 0 -0.00500418 0 0
0.00135682 0 0.000522092 0 0
0.00169262 0 -0.00123387 0 0
2.70591 0 0.123995 0 0
0.153071 0 0.0306286 0 0
0.0100644 0 -0.00489521 0 0
0.00170001 0 0.000317798 0 0
0.00190332 0 -0.00117299 0 0
3.21901 0 0.163305 0 0
0.202022 0 0.0445562 0 0
0.0131565 0 -0.00416294 0 0
0.00209322 0 2.20687e-05 0 0
0.002064 0 -0.000981707 0 0
3.75377 0 0.210162 0 0
0.261324 0 0.0625524 0 0
0.0169212 0 -0.00258415 0 0
0.00253845 0 -0.000349604 0 0
0.00215454 0 -0.000639658 0 0
4.29571 0 0.264605 0 0
0.331708 0 0.0851618 0 0
0.0214527 0 7.34841e-05 0 0
0.0030387 0 -0.00076263 0 0
0.00215932 0 -0.000139153 0 0
4.82933 0 0.326311 0 0
0.413632 0 0.112856 0 0
0.0268579 0 0.0040372 0 0
0.00359853 0 -0.00116242 0 0
0.00207001 0 0.000511531 0 0
5.33913 0 0.394576 0 0
0.507238 0 0.14601 0 0
0.0332581 0 0.00951537 0 0
0.00422436 0 -0.00147613 0 0
0.00188784 0 0.00128707 0 0
5.81054 0 0.468339 0 0
0.61232 0 0.184882 0 0
0.0407916 0 0.0166857 0 0
0.00492441 0 -0.00161708 0 0
0.00162465 0 0.00214658 0 0
6.23074 0 0.546225 0 0
0.72832 0 0.229605 0 0
0.0496125 0 0.0256875 0 0
0.00570819 0 -0.00149124 0 0
0.0013028 0 0.00303765 0 0
6.5893 0 0.626625 0 0
0.854331 0 0.280183 0 0
0.0598887 0 0.0366182 0 0
0.00658578 0 -0.00100495 0 0
0.000953564 0 0.00390241 0 0
6.87861 0 0.707782 0 0
0.989122 0 0.336492 0 0
0.0717966 0 0.0495353 0 0
0.00756682 0 -7.26807e-05 0 0
0.000614426 0 0.00468445 0 0
7.09403 0 0.787897 0 0
1.13118 0 0.398288 0 0
0.0855143 0 0.0644628 0 0
0.00865966 0 0.00137641 0 0
0.000325492 0 0.00533561 0 0
7.23384 0 0.865218 0 0
1.27874 0 0.465209 0 0
0.101213 0 0.0813995 0 0
0.0098708 0 0.00339393 0 0
0.000125579 0 0.00582164 0 0
7.29902 0 0.938133 0 0
1.42986 0 0.536791 0 0
0.119048 0 0.10033 0 0
0.0112049 0 0.0060102 0 0
4.84613e-05 0 0.00612584 0 0
7.29292 0 1.00524 0 0
1.58247 0 0.612471 0 0
0.139151 0 0.121235 0 0
0.0126652 0 0.00923492 0 0
0.000119753 0 0.00625035 0 0
7.22079 0 1.06539 0 0
1.73444 0 0.691604 0 0
0.161621 0 0.144098 0 0
0.0142548 0 0.01306 0 0
0.000354742 0 0.00621536 0 0
7.08935 0 1.11772 0 0
1.88361 0 0.773468 0 0
0.18652 0 0.168913 0 0
0.0159784 0 0.0174642 0 0
0.000757386 0 0.00605649 0 0
6.90629 0 1.16167 0 0
2.02792 0 0.857282 0 0
0.213868 0 0.195685 0 0
0.0178435 0 0.0224184 0 0
0.00132048 0 0.00582092 0 0
6.67984 0 1.19696 0 0
2.16539 0 0.94222 0 0
0.243642 0 0.22443 0 0
0.0198629 0 0.0278908 0 0
0.00202688 0 0.00556306 0 0
6.41836 0 1.22357 0 0
2.29422 0 1.02743 0 0
0.275777 0 0.255175 0 0
0.0220555 0 0.0338527 0 0
0.00285157 0 0.0053402 0 0
6.13002 0 1.24173 0 0
2.41281 0 1.11203 0 0
0.310165 0 0.287947 0 0
0.0244476 0 0.0402818 0 0
0.00376423 0 0.00520853 0 0
5.82255 0 1.25184 0 0
2.51979 0 1.19517 0 0
0.346664 0 0.322774 0 0
0.0270725 0 0.0471658 0 0
0.00473211 0 0.00521988 0 0
5.50301 0 1.25444 0 0
2.61409 0 1.276 0 0
0.385096 0 0.359674 0 0
0.0299698 0 0.0545041 0 0
0.00572281 0 0.00541922 0 0
5.17773 0 1.25019 0 0
2.69487 0 1.35372 0 0
0.425256 0 0.398656 0 0
0.0331842 0 0.0623085 0 0
0.00670675 0 0.00584296 0 0
4.85215 0 1.23982 0 0
2.76162 0 1.42759 0 0
0.466917 0 0.439706 0 0
0.0367633 0 0.0706034 0 0
0.00765922 0 0.00651798 0 0
4.53088 0 1.22408 0 0
2.81406 0 1.49693 0 0
0.509834 0 0.482794 0 0
0.040755 0 0.0794244 0 0
0.00856186 0 0.00746138 0 0
4.21767 0 1.20374 0 0
2.85219 0 1.56114 0 0
0.55375 0 0.527863 0 0
0.0452051 0 0.0888172 0 0
0.0094034 0 0.00868081 0 0
3.9155 0 1.17953 0 0
2.87627 0 1.61973 0 0
0.5984 0 0.574828 0 0
0.050155 0 0.0988352 0 0
0.01018 0 0.0101753 0 0
3.6266 0 1.15215 0 0
2.88673 0 1.67229 0 0
0.643518 0 0.62358 0 0
0.0556395 0 0.109537 0 0
0.0108946 0 0.0119368 0 0
3.35257 0 1.12226 0 0
2.88423 0 1.7185 0 0
0.688836 0 0.673981 0 0
0.0616854 0 0.120985 0 0
0.0115565 0 0.0139514 0 0
3.09443 0 1.09044 0 0
2.86954 0 1.75816 0 0
0.73409 0 0.725862 0 0
0.0683109 0 0.133239 0 0
0.0121799 0 0.0162016 0 0
2.85276 0 1.05722 0 0
2.84357 0 1.79117 0 0
0.779025 0 0.77903 0 0
0.0755253 0 0.146359 0 0
0.0127827 0 0.0186684 0 0
2.62771 0 1.02308 0 0
2.80732 0 1.8175 0 0
0.82339 0 0.833265 0 0
0.0833295 0 0.160398 0 0
0.0133846 0 0.021333 0 0
2.41914 0 0.988411 0 0
2.76183 0 1.83723 0 0
0.866949 0 0.888325 0 0
0.0917171 0 0.175403 0 0
0.0140062 0 0.0241787 0 0
2.22667 0 0.953564 0 0
2.70818 0 1.85051 0 0
0.909473 0 0.943945 0 0
0.100676 0 0.191412 0 0
0.0146676 0 0.0271931 0 0
2.0497 0 0.918828 0 0
2.64745 0 1.85755 0 0
0.950749 0 0.999844 0 0
0.11019 0 0.208455 0 0
0.0153868 0 0.0303687 0 0
1.88753 0 0.884446 0 0
2.58069 0 1.85863 0 0
0.990575 0 1.05573 0 0
0.12024 0 0.226549 0 0
0.0161795 0 0.0337041 0 0
1.73935 0 0.850612 0 0
2.50895 0 1.85407 0 0
1.02877 0 1.11129 0 0
0.130806 0 0.245705 0 0
0.0170581 0 0.0372044 0 0
1.6043 0 0.817487 0 0
2.43319 0 1.84425 0 0
1.06515 0 1.16622 0 0
0.141868 0 0.265922 0 0
0.0180316 0 0.0408813 0 0
1.48149 0 0.785193 0 0
2.35432 0 1.82956 0 0
1.09957 0 1.22022 0 0
0.153408 0 0.287192 0 0
0.0191055 0 0.0447522 0 0
1.37003 0 0.753827 0 0
2.27321 0 1.81039 0 0
1.13188 0 1.27296 0 0
0.165411 0 0.3095 0 0
0.0202821 0 0.0488396 0 0
1.26903 0 0.723456 0 0
2.19062 0 1.78718 0 0
1.16196 0 1.32417 0 0
0.17786 0 0.332823 0 0
0.021561 0 0.0531699 0 0
1.17764 0 0.694133 0 0
2.10727 0 1.76035 0 0
1.1897 0 1.37355 0 0
0.190745 0 0.357136 0 0
0.0229392 0 0.057772 0 0
1.09505 0 0.665887 0 0
2.02376 0 1.73031 0 0
1.21502 0 1.42083 0 0
0.204055 0 0.382406 0 0
0.0244125 0 0.0626756 0 0
1.02047 0 0.638738 0 0
1.94066 0 1.69748 0 0
1.23782 0 1.46576 0 0
0.21778 0 0.408601 0 0
0.0259756 0 0.0679102 0 0
0.953188 0 0.612688 0 0
1.85844 0 1.66225 0 0
1.25805 0 1.50812 0 0
0.23191 0 0.435684 0 0
0.0276228 0 0.0735033 0 0
0.892514 0 0.587736 0 0
1.77752 0 1.625 0 0
1.27568 0 1.54771 0 0
0.246437 0 0.463616 0 0
0.0293492 0 0.0794794 0 0
0.83782 0 0.563867 0 0
1.69824 0 1.58609 0 0
1.29066 0 1.58433 0 0
0.261347 0 0.492356 0 0
0.0311506 0 0.0858592 0 0
0.788525 0 0.541064 0 0
1.62088 0 1.54584 0 0
1.30299 0 1.61784 0 0
0.276628 0 0.521861 0 0
0.0330243 0 0.0926587 0 0
0.744094 0 0.519301 0 0
1.54568 0 1.50457 0 0
1.31266 0 1.64812 0 0
0.292262 0 0.552087 0 0
0.0349698 0 0.0998891 0 0
0.70404 0 0.498551 0 0
1.47283 0 1.46257 0 0
1.3197 0 1.67506 0 0
0.308229 0 0.582986 0 0
0.0369882 0 0.107557 0 0
0.667919 0 0.478782 0 0
1.40245 0 1.4201 0 0
1.32414 0 1.6986 0 0
0.324506 0 0.614507 0 0
0.0390835 0 0.115664 0 0
0.635327 0 0.459959 0 0
1.33465 0 1.37738 0 0
1.32602 0 1.71869 0 0
0.341062 0 0.646597 0 0
0.0412614 0 0.124207 0 0
0.605898 0 0.442047 0 0
1.26949 0 1.33465 0 0
1.3254 0 1.73531 0 0
0.357868 0 0.679198 0 0
0.0435302 0 0.133183 0 0
0.579304 0 0.425009 0 0
1.20701 0 1.29207 0 0
1.32234 0 1.74847 0 0
0.374885 0 0.712247 0 0
0.0459002 0 0.142581 0 0
0.555247 0 0.408807 0 0
1.14721 0 1.24983 0 0
1.31694 0 1.7582 0 0
0.392075 0 0.745678 0 0
0.0483833 0 0.152394 0 0
0.53346 0 0.393404 0 0
1.09008 0 1.20807 0 0
1.30927 0 1.76455 0 0
0.409394 0 0.77942 0 0
0.0509931 0 0.162611 0 0
0.513702 0 0.37876 0 0
1.03558 0 1.16692 0 0
1.29945 0 1.76759 0 0
0.426796 0 0.813396 0 0
0.0537439 0 0.173222 0 0
0.49576 0 0.364838 0 0
0.983678 0 1.12649 0 0
1.28757 0 1.76742 0 0
0.444232 0 0.847524 0 0
0.0566512 0 0.184218 0 0
0.479439 0 0.351602 0 0
0.934307 0 1.08686 0 0
1.27377 0 1.76413 0 0
0.461651 0 0.88172 0 0
0.0597303 0 0.195593 0 0
0.464567 0 0.339015 0 0
0.8874 0 1.04812 0 0
1.25815 0 1.75787 0 0
0.479 0 0.915891 0 0
0.0629968 0 0.207341 0 0
0.450991 0 0.327043 0 0
0.842882 0 1.01033 0 0
1.24085 0 1.74875 0 0
0.496226 0 0.949943 0 0
0.0664655 0 0.21946 0 0
0.438573 0 0.315651 0 0
0.800674 0 0.973548 0 0
1.22201 0 1.73694 0 0
0.513273 0 0.983777 0 0
0.0701505 0 0.231949 0 0
0.427188 0 0.304808 0 0
0.76069 0 0.937806 0 0
1.20174 0 1.72258 0 0
0.530087 0 1.01729 0 0
0.0740647 0 0.244812 0 0
0.416728 0 0.294482 0 0
0.722847 0 0.903135 0 0
1.18019 0 1.70583 0 0
0.546611 0 1.05038 0 0
0.0782197 0 0.258052 0 0
0.407094 0 0.284643 0 0
0.687057 0 0.869558 0 0
1.15749 0 1.68687 0 0
0.56279 0 1.08294 0 0
0.0826254 0 0.271677 0 0
0.398198 0 0.275265 0 0
0.653235 0 0.837087 0 0
1.13378 0 1.66587 0 0
0.57857 0 1.11486 0 0
0.08729 0 0.285695 0 0
0.389962 0 0.26632 0 0
0.621294 0 0.805729 0 0
1.10919 0 1.64299 0 0
0.593894 0 1.14604 0 0
0.0922199 0 0.300114 0 0
0.382315 0 0.257784 0 0
0.59115 0 0.775482 0 0
1.08385 0 1.61841 0 0
0.60871 0 1.17636 0 0
0.0974195 0 0.314944 0 0
0.375195 0 0.249633 0 0
0.562723 0 0.746341 0 0
1.05788 0 1.5923 0 0
0.622966 0 1.20573 0 0
0.102891 0 0.330195 0 0
0.368546 0 0.241846 0 0
0.535929 0 0.718297 0 0
1.03141 0 1.56484 0 0
0.63661 0 1.23405 0 0
0.108636 0 0.345876 0 0
0.362317 0 0.234401 0 0
0.510694 0 0.691334 0 0
1.00455 0 1.53617 0 0
0.649595 0 1.2612 0 0
0.114652 0 0.361995 0 0
0.356463 0 0.22728 0 0
0.486939 0 0.665434 0 0
0.977412 0 1.50646 0 0
0.661872 0 1.2871 0 0
0.120937 0 0.378556 0 0
0.350943 0 0.220465 0 0
0.464594 0 0.640578 0 0
0.950098 0 1.47587 0 0
0.673397 0 1.31166 0 0
0.127486 0 0.395566 0 0
0.345722 0 0.213937 0 0
0.443587 0 0.61674 0 0
0.922707 0 1.44454 0 0
0.68413 0 1.3348 0 0
0.134293 0 0.413024 0 0
0.340765 0 0.207683 0 0
0.423851 0 0.593896 0 0
0.895331 0 1.41261 0 0
0.694032 0 1.35643 0 0
0.14135 0 0.43093 0 0
0.336044 0 0.201686 0 0
0.405319 0 0.572017 0 0
0.868055 0 1.38022 0 0
0.703067 0 1.37649 0 0
0.148647 0 0.449279 0 0
0.331531 0 0.195933 0 0
0.387929 0 0.551076 0 0
0.840955 0 1.34748 0 0
0.711204 0 1.39492 0 0
0.156176 0 0.468064 0 0
0.327203 0 0.190411 0 0
0.371619 0 0.531042 0 0
0.814102 0 1.31451 0 0
0.718416 0 1.41166 0 0
0.163923 0 0.487275 0 0
0.323038 0 0.185107 0 0
0.356332 0 0.511884 0 0
0.787562 0 1.28143 0 0
0.724679 0 1.42667 0 0
0.171878 0 0.506896 0 0
0.319016 0 0.18001 0 0
0.34201 0 0.49357 0 0
0.76139 0 1.24833 0 0
0.729976 0 1.4399 0 0
0.180025 0 0.526912 0 0
0.315119 0 0.175109 0 0
0.328599 0 0.476069 0 0
0.735639 0 1.21532 0 0
0.734292 0 1.45134 0 0
0.188351 0 0.547301 0 0
0.311332 0 0.170393 0 0
0.316046 0 0.459349 0 0
0.710353 0 1.18246 0 0
0.737618 0 1.46095 0 0
0.19684 0 0.568038 0 0
0.30764 0 0.165852 0 0
0.304302 0 0.443376 0 0
0.685572 0 1.14985 0 0
0.73995 0 1.46874 0 0
0.205476 0 0.589098 0 0
0.304031 0 0.161479 0 0
0.293317 0 0.42812 0 0
0.66133 0 1.11756 0 0
0.741288 0 1.4747 0 0
0.214242 0 0.610448 0 0
0.300492 0 0.157263 0 0
0.283045 0 0.413549 0 0
0.637656 0 1.08564 0 0
0.741638 0 1.47883 0 0
0.22312 0 0.632058 0 0
0.297013 0 0.153197 0 0
0.27344 0 0.39963 0 0
0.614572 0 1.05416 0 0
0.741011 0 1.48116 0 0
0.232091 0 0.65389 0 0
0.293586 0 0.149273 0 0
0.264461 0 0.386335 0 0
0.5921 0 1.02317 0 0
0.739421 0 1.48171 0 0
0.241136 0 0.675907 0 0
0.290202 0 0.145485 0 0
0.256065 0 0.373631 0 0
0.570255 0 0.992707 0 0
0.736887 0 1.4805 0 0
0.250235 0 0.698067 0 0
0.286855 0 0.141824 0 0
0.248214 0 0.361491 0 0
0.549047 0 0.962822 0 0
0.733434 0 1.47758 0 0
0.259368 0 0.720329 0 0
0.283539 0 0.138286 0 0
0.240869 0 0.349886 0 0
0.528485 0 0.933545 0 0
0.729089 0 1.473 0 0
0.268514 0 0.742647 0 0
0.280248 0 0.134864 0 0
0.233994 0 0.338788 0 0
0.508574 0 0.904906 0 0
0.723884 0 1.4668 0 0
0.27765 0 0.764975 0 0
0.276978 0 0.131552 0 0
0.227555 0 0.32817 0 0
0.489316 0 0.876929 0 0
0.717853 0 1.45904 0 0
0.286755 0 0.787266 0 0
0.273727 0 0.128347 0 0
0.22152 0 0.318008 0 0
0.470711 0 0.849635 0 0
0.711034 0 1.44978 0 0
0.295806 0 0.80947 0 0
0.270491 0 0.125242 0 0
0.215856 0 0.308277 0 0
0.452757 0 0.823041 0 0
0.703467 0 1.43909 0 0
0.30478 0 0.831538 0 0
0.267269 0 0.122235 0 0
0.210536 0 0.298953 0 0
0.435447 0 0.797157 0 0
0.695195 0 1.42705 0 0
0.313655 0 0.853418 0 0
0.264059 0 0.11932 0 0
0.205531 0 0.290014 0 0
0.418776 0 0.771992 0 0
0.686261 0 1.41372 0 0
0.322407 0 0.87506 0 0
0.260861 0 0.116495 0 0
0.200815 0 0.281439 0 0
0.402735 0 0.747553 0 0
0.676713 0 1.39917 0 0
0.331012 0 0.896412 0 0
0.257674 0 0.113756 0 0
0.196363 0 0.273208 0 0
0.387314 0 0.72384 0 0
0.666597 0 1.3835 0 0
0.339447 0 0.917421 0 0
0.254499 0 0.111101 0 0
0.192152 0 0.265301 0 0
0.372503 0 0.700853 0 0
0.655961 0 1.36677 0 0
0.34769 0 0.938037 0 0
0.251336 0 0.108526 0 0
0.188161 0 0.257702 0 0
0.35829 0 0.678588 0 0
0.644852 0 1.34907 0 0
0.355717 0 0.958208 0 0
0.248186 0 0.106028 0 0
0.184368 0 0.250392 0 0
0.344661 0 0.657041 0 0
0.633318 0 1.33048 0 0
0.363506 0 0.977883 0 0
0.245051 0 0.103607 0 0
0.180756 0 0.243357 0 0
0.331603 0 0.636202 0 0
0.621408 0 1.31107 0 0
0.371035 0 0.997013 0 0
0.241931 0 0.101259 0 0
0.177307 0 0.236581 0 0
0.319101 0 0.616063 0 0
0.609169 0 1.29093 0 0
0.378283 0 1.01555 0 0
0.238829 0 0.0989823 0 0
0.174004 0 0.23005 0 0
0.30714 0 0.596611 0 0
0.596646 0 1.27014 0 0
0.385229 0 1.03344 0 0
0.235745 0 0.0967752 0 0
0.170833 0 0.223753 0 0
0.295704 0 0.577834 0 0
0.583885 0 1.24878 0 0
0.391853 0 1.05064 0 0
0.232682 0 0.0946357 0 0
0.167781 0 0.217676 0 0
0.284777 0 0.559718 0 0
0.570931 0 1.22691 0 0
0.398138 0 1.06711 0 0
0.229641 0 0.0925621 0 0
0.164833 0 0.211809 0 0
0.274344 0 0.542246 0 0
0.557825 0 1.20461 0 0
0.404064 0 1.0828 0 0
0.226624 0 0.0905527 0 0
0.161981 0 0.206141 0 0
0.264386 0 0.525404 0 0
0.544609 0 1.18196 0 0
0.409616 0 1.09768 0 0
0.223632 0 0.0886055 0 0
0.159212 0 0.200663 0 0
0.254889 0 0.509173 0 0
0.531321 0 1.15902 0 0
0.414779 0 1.1117 0 0
0.220668 0 0.0867191 0 0
0.156519 0 0.195367 0 0
0.245834 0 0.493535 0 0
0.517999 0 1.13586 0 0
0.419539 0 1.12483 0 0
0.217732 0 0.0848916 0 0
0.153892 0 0.190244 0 0
0.237205 0 0.478474 0 0
0.504677 0 1.11253 0 0
0.423883 0 1.13703 0 0
0.214826 0 0.0831212 0 0
0.151326 0 0.185288 0 0
0.228984 0 0.463969 0 0
0.49139 0 1.0891 0 0
0.427801 0 1.14827 0 0
0.211951 0 0.0814061 0 0
0.148812 0 0.180492 0 0
0.221156 0 0.450003 0 0
0.478168 0 1.06563 0 0
0.431283 0 1.15853 0 0
0.209107 0 0.0797445 0 0
0.146347 0 0.175849 0 0
0.213703 0 0.436555 0 0
0.46504 0 1.04217 0 0
0.434322 0 1.16778 0 0
0.206296 0 0.0781346 0 0
0.143926 0 0.171354 0 0
0.20661 0 0.423608 0 0
0.452032 0 1.01876 0 0
0.436912 0 1.176 0 0
0.203518 0 0.0765743 0 0
0.141544 0 0.167002 0 0
0.199858 0 0.411143 0 0
0.439169 0 0.995447 0 0
0.439048 0 1.18317 0 0
0.200774 0 0.0750618 0 0
0.139199 0 0.16279 0 0
0.193433 0 0.39914 0 0
0.426473 0 0.972282 0 0
0.440727 0 1.18928 0 0
0.198064 0 0.0735951 0 0
0.136888 0 0.158711 0 0
0.187319 0 0.387582 0 0
0.413965 0 0.9493 0 0
0.441949 0 1.19431 0 0
0.195388 0 0.0721721 0 0
0.134609 0 0.154764 0 0
0.1815 0 0.376449 0 0
0.401663 0 0.926536 0 0
0.442714 0 1.19827 0 0
0.192747 0 0.0707907 0 0
0.132362 0 0.150944 0 0
0.175961 0 0.365725 0 0
0.389583 0 0.904023 0 0
0.443025 0 1.20114 0 0
0.190139 0 0.0694491 0 0
0.130145 0 0.147248 0 0
0.170688 0 0.355392 0 0
0.377739 0 0.881789 0 0
0.442885 0 1.20292 0 0
0.187565 0 0.068145 0 0
0.127958 0 0.143672 0 0
0.165666 0 0.345433 0 0
0.366142 0 0.859862 0 0
0.442301 0 1.20363 0 0
0.185025 0 0.0668764 0 0
0.125802 0 0.140216 0 0
0.160881 0 0.335832 0 0
0.354805 0 0.838264 0 0
0.441278 0 1.20327 0 0
0.182517 0 0.0656415 0 0
0.123676 0 0.136874 0 0
0.15632 0 0.326573 0 0
0.343735 0 0.817015 0 0
0.439826 0 1.20184 0 0
0.180043 0 0.0644382 0 0
0.121581 0 0.133646 0 0
0.15197 0 0.317639 0 0
0.332939 0 0.796133 0 0
0.437954 0 1.19938 0 0
0.177601 0 0.0632647 0 0
0.119519 0 0.130528 0 0
0.147818 0 0.309018 0 0
0.322423 0 0.775634 0 0
0.435674 0 1.19588 0 0
0.17519 0 0.0621191 0 0
0.11749 0 0.127518 0 0
0.143853 0 0.300694 0 0
0.312191 0 0.75553 0 0
0.432998 0 1.19139 0 0
0.17281 0 0.0609998 0 0
0.115496 0 0.124614 0 0
0.140064 0 0.292653 0 0
0.302246 0 0.735831 0 0
0.42994 0 1.18591 0 0
0.170462 0 0.0599052 0 0
0.113538 0 0.121812 0 0
0.136439 0 0.284884 0 0
0.292588 0 0.716547 0 0
0.426515 0 1.17949 0 0
0.168143 0 0.0588338 0 0
0.111617 0 0.119111 0 0
0.132968 0 0.277373 0 0
0.283218 0 0.697682 0 0
0.422737 0 1.17214 0 0
0.165853 0 0.0577842 0 0
0.109736 0 0.116508 0 0
0.129641 0 0.270109 0 0
0.274136 0 0.679243 0 0
0.418623 0 1.16392 0 0
0.163593 0 0.0567552 0 0
0.107894 0 0.114001 0 0
0.126449 0 0.263081 0 0
0.265339 0 0.661231 0 0
0.414191 0 1.15484 0 0
0.161361 0 0.0557456 0 0
0.106095 0 0.111585 0 0
0.123383 0 0.256279 0 0
0.256825 0 0.643649 0 0
0.409459 0 1.14496 0 0
0.159158 0 0.0547546 0 0
0.104338 0 0.109259 0 0
0.120435 0 0.249691 0 0
0.24859 0 0.626495 0 0
0.404444 0 1.13431 0 0
0.156982 0 0.0537812 0 0
0.102624 0 0.10702 0 0
0.117597 0 0.24331 0 0
0.24063 0 0.609769 0 0
0.399166 0 1.12293 0 0
0 0 0 0 0
0.100956 0 0.104865 0 0
0.114863 0 0.237127 0 0
0.232941 0 0.593469 0 0
0.393643 0 1.11087 0 0
0 0 0 0 0
0.0993321 0 0.10279 0 0
0.112225 0 0.231133 0 0
0.225516 0 0.577591 0 0
0.387896 0 1.09817 0 0
0 0 0 0 0
0.0977542 0 0.100792 0 0
0.109678 0 0.225322 0 0
0.218351 0 0.562131 0 0
0.381942 0 1.08488 0 0
0 0 0 0 0
0.0962223 0 0.0988689 0 0
0.107216 0 0.219685 0 0
0.211439 0 0.547082 0 0
0.375803 0 1.07104 0 0
0 0 0 0 0
0.0947362 0 0.0970161 0 0
0.104832 0 0.214217 0 0
0.204774 0 0.532441 0 0
0.369497 0 1.05671 0 0
0 0 0 0 0
0.0932958 0 0.0952305 0 0
0.102524 0 0.208912 0 0
0.198349 0 0.5182 0 0
0.363043 0 1.04192 0 0
0 0 0 0 0
0.0919007 0 0.0935088 0 0
0.100286 0 0.203763 0 0
0.192157 0 0.504351 0 0
0.35646 0 1.02672 0 0
0 0 0 0 0
0.0905501 0 0.0918475 0 0
0.0981148 0 0.198767 0 0
0.186191 0 0.490889 0 0
0.349767 0 1.01116 0 0
0 0 0 0 0
0.0892431 0 0.0902431 0 0
0.0960063 0 0.193918 0 0
0.180444 0 0.477805 0 0
0.342983 0 0.995289 0 0
0 0 0 0 0
0.0879787 0 0.0886923 0 0
0.0939576 0 0.189212 0 0
0.174909 0 0.465091 0 0
0.336125 0 0.979145 0 0
0 0 0 0 0
0.0867554 0 0.0871917 0 0
0.0919658 0 0.184645 0 0
0.169579 0 0.452738 0 0
0.329209 0 0.962772 0 0
0 0 0 0 0
0.0855717 0 0.0857378 0 0
0.0900284 0 0.180214 0 0
0.164446 0 0.440738 0 0
0.322254 0 0.946213 0 0
0 0 0 0 0
0.0844259 0 0.0843276 0 0
0.0881431 0 0.175914 0 0
0.159504 0 0.429083 0 0
0.315275 0 0.929509 0 0
0 0 0 0 0
0.0833163 0 0.0829578 0 0
0.0863081 0 0.171743 0 0
0.154746 0 0.417764 0 0
0.308286 0 0.912698 0 0
0 0 0 0 0
0.0822407 0 0.0816254 0 0
0.0845214 0 0.167697 0 0
0.150164 0 0.406772 0 0
0.301303 0 0.895818 0 0
0 0 0 0 0
0.081197 0 0.0803275 0 0
0.0827818 0 0.163775 0 0
0.145752 0 0.396098 0 0
0.29434 0 0.878903 0 0
0 0 0 0 0
0.0801832 0 0.0790615 0 0
0.0810877 0 0.159972 0 0
0.141503 0 0.385734 0 0
0.28741 0 0.861989 0 0
0 0 0 0 0
0.0791969 0 0.0778246 0 0
0.079438 0 0.156287 0 0
0.137411 0 0.375672 0 0
0.280524 0 0.845106 0 0
0 0 0 0 0
0.0782358 0 0.0766145 0 0
0.0778317 0 0.152716 0 0
0.133469 0 0.365902 0 0
0.273694 0 0.828285 0 0
0 0 0 0 0
0.0772978 0 0.0754291 0 0
0.0762678 0 0.149258 0 0
0.129671 0 0.356416 0 0
0.266931 0 0.811552 0 0
0 0 0 0 0
0.0763804 0 0.0742661 0 0
0.0747455 0 0.14591 0 0
0.126012 0 0.347206 0 0
0.260245 0 0.794935 0 0
0 0 0 0 0
0.0754815 0 0.0731239 0 0
0.0732641 0 0.142668 0 0
0.122484 0 0.338264 0 0
0.253644 0 0.778455 0 0
0 0 0 0 0
0.0745989 0 0.0720007 0 0
0.0718227 0 0.139532 0 0
0.119083 0 0.329582 0 0
0.247137 0 0.762135 0 0
0 0 0 0 0
0.0737307 0 0.070895 0 0
0.0704206 0 0.136497 0 0
0.115804 0 0.321152 0 0
0.240731 0 0.745995 0 0
0 0 0 0 0
0.0728745 0 0.0698057 0 0
0.069057 0 0.133563 0 0
0.11264 0 0.312968 0 0
0.234433 0 0.730052 0 0
0 0 0 0 0
0.0720288 0 0.0687316 0 0
0.0677314 0 0.130725 0 0
0.109587 0 0.305022 0 0
0.228248 0 0.714322 0 0
0 0 0 0 0
0.0711916 0 0.0676718 0 0
0.0664429 0 0.127981 0 0
0.106639 0 0.297306 0 0
0.222181 0 0.698818 0 0
0 0 0 0 0
0.0703615 0 0.0666255 0 0
0.0651906 0 0.125328 0 0
0.103793 0 0.289814 0 0
0.216237 0 0.683554 0 0
0 0 0 0 0
0.0695369 0 0.0655923 0 0
0.063974 0 0.122764 0 0
0.101044 0 0.28254 0 0
0.210419 0 0.668539 0 0
0 0 0 0 0
0.0687165 0 0.0645717 0 0
0.062792 0 0.120285 0 0
0.0983864 0 0.275477 0 0
0.20473 0 0.653783 0 0
0 0 0 0 0
0.0678992 0 0.0635635 0 0
0.0616437 0 0.117889 0 0
0.0958172 0 0.268619 0 0
0.199173 0 0.639292 0 0
0 0 0 0 0
0.067084 0 0.0625675 0 0
0.0605282 0 0.115572 0 0
0.0933322 0 0.261961 0 0
0.193749 0 0.625074 0 0
0 0 0 0 0
0.0662702 0 0.0615838 0 0
0.0594445 0 0.113332 0 0
0.0909275 0 0.255496 0 0
0.188459 0 0.611131 0 0
0 0 0 0 0
0.0654571 0 0.0606122 0 0
0.0583915 0 0.111164 0 0
0.0885997 0 0.24922 0 0
0.183304 0 0.597468 0 0
0 0 0 0 0
0.0646441 0 0.0596531 0 0
0.057368 0 0.109067 0 0
0.0863452 0 0.243127 0 0
0.178285 0 0.584088 0 0
0 0 0 0 0
0.063831 0 0.0587066 0 0
0.056373 0 0.107037 0 0
0.0841608 0 0.237212 0 0
0.1734 0 0.57099 0 0
0 0 0 0 0
0.0630177 0 0.0577729 0 0
0.0554052 0 0.105071 0 0
0.0820435 0 0.231471 0 0
0.168649 0 0.558175 0 0
0 0 0 0 0
0.0622041 0 0.0568525 0 0
0.0544633 0 0.103165 0 0
0.0799904 0 0.225899 0 0
0.164032 0 0.545643 0 0
0 0 0 0 0
0.0613904 0 0.0559457 0 0
0.0535462 0 0.101318 0 0
0.0779988 0 0.220492 0 0
0.159546 0 0.533391 0 0
0 0 0 0 0
0.0605768 0 0.0550527 0 0
0.0526525 0 0.0995247 0 0
0.076066 0 0.215246 0 0
0.155189 0 0.521419 0 0
0 0 0 0 0
0.0597637 0 0.0541738 0 0
0.051781 0 0.0977835 0 0
0.0741898 0 0.210156 0 0
0.15096 0 0.509722 0 0
0 0 0 0 0
0.0589514 0 0.0533095 0 0
0.0509304 0 0.0960915 0 0
0.0723678 0 0.20522 0 0
0.146857 0 0.498297 0 0
0 0 0 0 0
0.0581406 0 0.05246 0 0
0.0500994 0 0.0944458 0 0
0.0705981 0 0.200432 0 0
0.142876 0 0.48714 0 0
0 0 0 0 0
0.0573319 0 0.0516256 0 0
0.0492869 0 0.0928438 0 0
0.0688786 0 0.19579 0 0
0.139016 0 0.476247 0 0
0 0 0 0 0
0.0565259 0 0.0508063 0 0
0.0484916 0 0.0912833 0 0
0.0672077 0 0.19129 0 0
0.135273 0 0.465613 0 0
0 0 0 0 0
0.0557234 0 0.0500025 0 0
0.0477124 0 0.0897619 0 0
0.0655836 0 0.186929 0 0
0.131644 0 0.455233 0 0
0 0 0 0 0
0.0549251 0 0.0492142 0 0
0.0469482 0 0.0882774 0 0
0.0640048 0 0.182703 0 0
0.128127 0 0.445101 0 0
0 0 0 0 0
0.0541318 0 0.0484415 0 0
0.0461979 0 0.0868279 0 0
0.0624699 0 0.17861 0 0
0.124718 0 0.435212 0 0
0 0 0 0 0
0.0533443 0 0.0476844 0 0
0.0454606 0 0.0854116 0 0
0.0609778 0 0.174646 0 0
0.121414 0 0.42556 0 0
0 0 0 0 0
0.0525635 0 0.0469428 0 0
0.0447355 0 0.0840267 0 0
0.059527 0 0.170808 0 0
0.118212 0 0.416139 0 0
0 0 0 0 0
0 0 0 0 0
0.0440217 0 0.0826719 0 0
0.0581168 0 0.167092 0 0
0.115109 0 0.406943 0 0
0 0 0 0 0
0 0 0 0 0
0.0433185 0 0.0813458 0 0
0.0567459 0 0.163497 0 0
0.112102 0 0.397965 0 0
0 0 0 0 0
0 0 0 0 0
0.0426254 0 0.0800473 0 0
0.0554135 0 0.160019 0 0
0.109186 0 0.389201 0 0
0 0 0 0 0
0 0 0 0 0
0.0419417 0 0.0787753 0 0
0.0541187 0 0.156655 0 0
0.10636 0 0.380644 0 0
0 0 0 0 0
0 0 0 0 0
0.0412672 0 0.0775291 0 0
0.0528608 0 0.153402 0 0
0.10362 0 0.372288 0 0
0 0 0 0 0
0 0 0 0 0
0.0406015 0 0.0763079 0 0
0.051639 0 0.150257 0 0
0.100962 0 0.364126 0 0
0 0 0 0 0
0 0 0 0 0
0.0399444 0 0.0751112 0 0
0.0504526 0 0.147218 0 0
0.098385 0 0.356154 0 0
0 0 0 0 0
0 0 0 0 0
0.0392958 0 0.0739385 0 0
0.049301 0 0.14428 0 0
0.0958845 0 0.348366 0 0
0 0 0 0 0
0 0 0 0 0
0.0386557 0 0.0727895 0 0
0.0481835 0 0.141443 0 0
0.0934582 0 0.340755 0 0
0 0 0 0 0
0 0 0 0 0
0.0380241 0 0.0716639 0 0
0.0470995 0 0.138701 0 0
0.0911031 0 0.333317 0 0
0 0 0 0 0
0 0 0 0 0
0.0374013 0 0.0705616 0 0
0.0460483 0 0.136053 0 0
0.0888166 0 0.326047 0 0
0 0 0 0 0
0 0 0 0 0
0.0367874 0 0.0694825 0 0
0.0450296 0 0.133495 0 0
0.0865961 0 0.318939 0 0
0 0 0 0 0
0 0 0 0 0
0.0361828 0 0.0684265 0 0
0.0440425 0 0.131025 0 0
0.0844391 0 0.31199 0 0
0 0 0 0 0
0 0 0 0 0
0.0355879 0 0.0673936 0 0
0.0430867 0 0.128639 0 0
0.0823431 0 0.305193 0 0
0 0 0 0 0
0 0 0 0 0
0.035003 0 0.0663839 0 0
0.0421615 0 0.126335 0 0
0.0803059 0 0.298546 0 0
0 0 0 0 0
0 0 0 0 0
0.0344287 0 0.0653974 0 0
0.0412663 0 0.124109 0 0
0.0783253 0 0.292043 0 0
0 0 0 0 0
0 0 0 0 0
0.0338654 0 0.0644342 0 0
0.0404005 0 0.121959 0 0
0.0763991 0 0.285682 0 0
0 0 0 0 0
0 0 0 0 0
0.0333137 0 0.0634943 0 0
0.0395635 0 0.119882 0 0
0.0745253 0 0.279458 0 0
0 0 0 0 0
0 0 0 0 0
0.0327741 0 0.0625778 0 0
0.0387547 0 0.117875 0 0
0.0727021 0 0.273368 0 0
0 0 0 0 0
0 0 0 0 0
0.032247 0 0.0616847 0 0
0.0379735 0 0.115934 0 0
0.0709275 0 0.267409 0 0
0 0 0 0 0
0 0 0 0 0
0.031733 0 0.0608149 0 0
0.0372193 0 0.114057 0 0
0.0692 0 0.261579 0 0
0 0 0 0 0
0 0 0 0 0
0.0312327 0 0.0599683 0 0
0.0364914 0 0.112242 0 0
0.0675178 0 0.255874 0 0
0 0 0 0 0
0 0 0 0 0
0.0307464 0 0.0591449 0 0
0.0357891 0 0.110486 0 0
0.0658794 0 0.250292 0 0
0 0 0 0 0
0 0 0 0 0
0.0302746 0 0.0583444 0 0
0.0351119 0 0.108785 0 0
0.0642833 0 0.24483 0 0
0 0 0 0 0
0 0 0 0 0
0.0298177 0 0.0575664 0 0
0.0344589 0 0.107137 0 0
0.0627282 0 0.239488 0 0
0 0 0 0 0
0 0 0 0 0
0.029376 0 0.0568107 0 0
0.0338296 0 0.10554 0 0
0.0612127 0 0.234262 0 0
0 0 0 0 0
0 0 0 0 0
0.0289498 0 0.0560768 0 0
0.0332232 0 0.103991 0 0
0.0597358 0 0.229152 0 0
0 0 0 0 0
0 0 0 0 0
0.0285393 0 0.0553642 0 0
0.0326391 0 0.102488 0 0
0.0582962 0 0.224155 0 0
0 0 0 0 0
0 0 0 0 0
0.0281448 0 0.0546723 0 0
0.0320766 0 0.101028 0 0
0.0568928 0 0.219271 0 0
0 0 0 0 0
0 0 0 0 0
0.0277662 0 0.0540004 0 0
0.031535 0 0.0996092 0 0
0.0555248 0 0.214499 0 0
0 0 0 0 0
0 0 0 0 0
0.0274037 0 0.0533479 0 0
0.0310136 0 0.0982292 0 0
0.0541912 0 0.209837 0 0
0 0 0 0 0
0 0 0 0 0
0.0270571 0 0.0527138 0 0
0.0305117 0 0.096886 0 0
0.0528913 0 0.205284 0 0
0 0 0 0 0
0 0 0 0 0
0.0267264 0 0.0520973 0 0
0.0300287 0 0.0955775 0 0
0.0516242 0 0.200841 0 0
0 0 0 0 0
0 0 0 0 0
0.0264114 0 0.0514977 0 0
0.0295638 0 0.0943018 0 0
0.0503893 0 0.196505 0 0
0 0 0 0 0
0 0 0 0 0
0.0261119 0 0.0509138 0 0
0.0291165 0 0.0930569 0 0
0.049186 0 0.192277 0 0
0 0 0 0 0
0 0 0 0 0
0.0258274 0 0.0503446 0 0
0.028686 0 0.0918413 0 0
0.0480136 0 0.188156 0 0
0 0 0 0 0
0 0 0 0 0
0.0255576 0 0.0497892 0 0
0.0282717 0 0.090653 0 0
0.0468718 0 0.184141 0 0
0 0 0 0 0
0 0 0 0 0
0.0253021 0 0.0492464 0 0
0.027873 0 0.0894906 0 0
0.04576 0 0.180232 0 0
0 0 0 0 0
0 0 0 0 0
0.0250604 0 0.0487152 0 0
0.0274891 0 0.0883525 0 0
0.0446778 0 0.176429 0 0
0 0 0 0 0
0 0 0 0 0
0.0248319 0 0.0481943 0 0
0.0271196 0 0.0872371 0 0
0.0436248 0 0.17273 0 0
0 0 0 0 0
0 0 0 0 0
0.0246161 0 0.0476828 0 0
0.0267637 0 0.0861431 0 0
0.0426006 0 0.169134 0 0
0 0 0 0 0
0 0 0 0 0
0.0244122 0 0.0471793 0 0
0.0264209 0 0.0850692 0 0
0.0416049 0 0.165642 0 0
0 0 0 0 0
0 0 0 0 0
0.0242196 0 0.0466828 0 0
0.0260905 0 0.084014 0 0
0.0406375 0 0.162252 0 0
0 0 0 0 0
0 0 0 0 0
0.0240376 0 0.0461921 0 0
0.0257721 0 0.0829764 0 0
0.0396979 0 0.158964 0 0
0 0 0 0 0
0 0 0 0 0
0.0238655 0 0.0457062 0 0
0.0254649 0 0.0819551 0 0
0.0387858 0 0.155775 0 0
0 0 0 0 0
0 0 0 0 0
0.0237023 0 0.045224 0 0
0.0251686 0 0.0809491 0 0
0.0379011 0 0.152686 0 0
0 0 0 0 0
0 0 0 0 0
0.0235475 0 0.0447443 0 0
0.0248825 0 0.0799573 0 0
0.0370433 0 0.149694 0 0
0 0 0 0 0
0 0 0 0 0
0.0234001 0 0.0442662 0 0
0.0246061 0 0.0789787 0 0
0.0362121 0 0.146799 0 0
0 0 0 0 0
0 0 0 0 0
0.0232593 0 0.0437888 0 0
0.0243389 0 0.0780122 0 0
0.0354072 0 0.143999 0 0
0 0 0 0 0
0 0 0 0 0
0.0231243 0 0.043311 0 0
0.0240804 0 0.077057 0 0
0.0346282 0 0.141291 0 0
0 0 0 0 0
0 0 0 0 0
0 0 0 0 0
0.0238302 0 0.0761121 0 0
0.0338749 0 0.138675 0 0
0 0 0 0 0
0 0 0 0 0
0 0 0 0 0
0.0235877 0 0.0751767 0 0
0.0331468 0 0.136148 0 0
0 0 0 0 0
0 0 0 0 0
0 0 0 0 0
0.0233525 0 0.0742499 0 0
0.0324435 0 0.133708 0 0
0 0 0 0 0
0 0 0 0 0
0 0 0 0 0
0.0231241 0 0.0733309 0 0
0.0317646 0 0.131352 0 0
0 0 0 0 0
0 0 0 0 0
0 0 0 0 0
0.0229022 0 0.072419 0 0
0.0311097 0 0.129079 0 0
0 0 0 0 0
0 0 0 0 0
0 0 0 0 0
0.0226862 0 0.0715133 0 0
0.0304784 0 0.126885 0 0
0 0 0 0 0
0 0 0 0 0
0 0 0 0 0
0.0224757 0 0.0706132 0 0
0.0298702 0 0.124768 0 0
0 0 0 0 0
0 0 0 0 0
0 0 0 0 0
0.0222703 0 0.069718 0 0
0.0292846 0 0.122726 0 0
0 0 0 0 0
0 0 0 0 0
0 0 0 0 0
0.0220697 0 0.068827 0 0
0.0287212 0 0.120754 0 0
0 0 0 0 0
0 0 0 0 0
0 0 0 0 0
0.0218734 0 0.0679396 0 0
0.0281794 0 0.118851 0 0
0 0 0 0 0
0 0 0 0 0
0 0 0 0 0
0.021681 0 0.0670552 0 0
0.0276587 0 0.117013 0 0
0 0 0 0 0
0 0 0 0 0
0 0 0 0 0
0.0214922 0 0.0661731 0 0
0.0271585 0 0.115236 0 0
0 0 0 0 0
0 0 0 0 0
0 0 0 0 0
0.0213067 0 0.0652928 0 0
0.0266783 0 0.113519 0 0
0 0 0 0 0
0 0 0 0 0
0 0 0 0 0
0.021124 0 0.0644138 0 0
0.0262174 0 0.111857 0 0
0 0 0 0 0
0 0 0 0 0
0 0 0 0 0
0.0209438 0 0.0635356 0 0
0.0257752 0 0.110247 0 0
0 0 0 0 0
0 0 0 0 0
0 0 0 0 0
0.0207658 0 0.0626578 0 0
0.0253509 0 0.108686 0 0
0 0 0 0 0
0 0 0 0 0
0 0 0 0 0
0.0205897 0 0.0617799 0 0
0.0249438 0 0.107171 0 0
0 0 0 0 0
0 0 0 0 0
0 0 0 0 0
0.0204153 0 0.0609015 0 0
0.0245533 0 0.105698 0 0
0 0 0 0 0
0 0 0 0 0
0 0 0 0 0
0.0202421 0 0.0600224 0 0
0.0241785 0 0.104264 0 0
0 0 0 0 0
0 0 0 0 0
0 0 0 0 0
0.02007 0 0.0591423 0 0
0.0238187 0 0.102867 0 0
0 0 0 0 0
0 0 0 0 0
0 0 0 0 0
0.0198987 0 0.0582608 0 0
0.0234731 0 0.101502 0 0
0 0 0 0 0
0 0 0 0 0
0 0 0 0 0
0.019728 0 0.0573778 0 0
0.0231408 0 0.100167 0 0
0 0 0 0 0
0 0 0 0 0
0 0 0 0 0
0.0195577 0 0.0564933 0 0
0.0228212 0 0.0988587 0 0
0 0 0 0 0
0 0 0 0 0
0 0 0 0 0
0.0193876 0 0.055607 0 0
0.0225134 0 0.0975745 0 0
0 0 0 0 0
0 0 0 0 0
0 0 0 0 0
0.0192174 0 0.0547189 0 0
0.0222167 0 0.0963113 0 0
0 0 0 0 0
0 0 0 0 0
0 0 0 0 0
0.0190472 0 0.0538291 0 0
0.0219302 0 0.0950664 0 0
0 0 0 0 0
0 0 0 0 0
0 0 0 0 0
0.0188766 0 0.0529376 0 0
0.0216533 0 0.0938373 0 0
0 0 0 0 0
0 0 0 0 0
0 0 0 0 0
0.0187055 0 0.0520445 0 0
0.0213851 0 0.0926215 0 0
0 0 0 0 0
0 0 0 0 0
0 0 0 0 0
0.0185339 0 0.0511501 0 0
0.021125 0 0.0914166 0 0
0 0 0 0 0
0 0 0 0 0
0 0 0 0 0
0.0183617 0 0.0502544 0 0
0.0208722 0 0.0902204 0 0
0 0 0 0 0
0 0 0 0 0
0 0 0 0 0
0.0181887 0 0.0493578 0 0
0.0206261 0 0.0890308 0 0
0 0 0 0 0
0 0 0 0 0
0 0 0 0 0
0.0180149 0 0.0484606 0 0
0.020386 0 0.0878459 0 0
0 0 0 0 0
0 0 0 0 0
0 0 0 0 0
0.0178402 0 0.0475631 0 0
0.0201512 0 0.086664 0 0
0 0 0 0 0
0 0 0 0 0
0 0 0 0 0
0.0176646 0 0.0466657 0 0
0.0199211 0 0.0854834 0 0
0 0 0 0 0
0 0 0 0 0
0 0 0 0 0
0.0174879 0 0.0457689 0 0
0.0196952 0 0.0843028 0 0
0 0 0 0 0
0 0 0 0 0
0 0 0 0 0
0.0173101 0 0.044873 0 0
0.0194728 0 0.0831207 0 0
0 0 0 0 0
0 0 0 0 0
0 0 0 0 0
0.0171313 0 0.0439786 0 0
0.0192534 0 0.0819362 0 0
0 0 0 0 0
0 0 0 0 0
0 0 0 0 0
0.0169512 0 0.0430862 0 0
0.0190365 0 0.0807484 0 0
0 0 0 0 0
0 0 0 0 0
0 0 0 0 0
0.01677 0 0.0421964 0 0
0.0188217 0 0.0795563 0 0
0 0 0 0 0
0 0 0 0 0
0 0 0 0 0
0.0165875 0 0.0413097 0 0
0.0186086 0 0.0783594 0 0
0 0 0 0 0
0 0 0 0 0
0 0 0 0 0
0.0164037 0 0.0404267 0 0
0.0183967 0 0.0771573 0 0
0 0 0 0 0
0 0 0 0 0
0 0 0 0 0
0.0162186 0 0.0395481 0 0
0.0181859 0 0.0759497 0 0
0 0 0 0 0
0 0 0 0 0
0 0 0 0 0
0.0160322 0 0.0386745 0 0
0.0179757 0 0.0747364 0 0
0 0 0 0 0
0 0 0 0 0
0 0 0 0 0
0.0158445 0 0.0378064 0 0
0.017766 0 0.0735175 0 0
0 0 0 0 0
0 0 0 0 0
0 0 0 0 0
0.0156553 0 0.0369446 0 0
0.0175566 0 0.0722932 0 0
0 0 0 0 0
0 0 0 0 0
0 0 0 0 0
0.0154648 0 0.0360896 0 0
0.0173473 0 0.0710637 0 0
0 0 0 0 0
0 0 0 0 0
0 0 0 0 0
0.015273 0 0.0352421 0 0
0.0171381 0 0.0698294 0 0
0 0 0 0 0
0 0 0 0 0
0 0 0 0 0
0.0150798 0 0.0344026 0 0
0.0169289 0 0.068591 0 0
0 0 0 0 0
0 0 0 0 0
0 0 0 0 0
0.0148854 0 0.0335716 0 0
0.0167197 0 0.0673492 0 0
0 0 0 0 0
0 0 0 0 0
0 0 0 0 0
0.0146898 0 0.0327498 0 0
0.0165106 0 0.0661046 0 0
0 0 0 0 0
0 0 0 0 0
0 0 0 0 0
0 0 0 0 0
0.0163014 0 0.0648581 0 0
0 0 0 0 0
0 0 0 0 0
0 0 0 0 0
0 0 0 0 0
0.0160923 0 0.0636108 0 0
0 0 0 0 0
0 0 0 0 0
0 0 0 0 0
0 0 0 0 0
0.0158834 0 0.0623634 0 0
0 0 0 0 0
0 0 0 0 0
0 0 0 0 0
0 0 0 0 0
0.0156748 0 0.0611173 0 0
0 0 0 0 0
0 0 0 0 0
0 0 0 0 0
0 0 0 0 0
0.0154666 0 0.0598734 0 0
0 0 0 0 0
0 0 0 0 0
0 0 0 0 0
0 0 0 0 0
0.0152589 0 0.0586328 0 0
0 0 0 0 0
0 0 0 0 0
0 0 0 0 0
0 0 0 0 0
0.0150518 0 0.0573969 0 0
0 0 0 0 0
0 0 0 0 0
0 0 0 0 0
0 0 0 0 0
0.0148455 0 0.0561667 0 0
0 0 0 0 0
0 0 0 0 0
0 0 0 0 0
0 0 0 0 0
0.0146401 0 0.0549436 0 0
0 0 0 0 0
0 0 0 0 0
0 0 0 0 0
0 0 0 0 0
0.0144358 0 0.0537287 0 0
0 0 0 0 0
0 0 0 0 0
0 0 0 0 0
0 0 0 0 0
0.0142326 0 0.0525231 0 0
0 0 0 0 0
0 0 0 0 0
0 0 0 0 0
0 0 0 0 0
0.0140307 0 0.0513282 0 0
0 0 0 0 0
0 0 0 0 0
0 0 0 0 0
0 0 0 0 0
0.0138303 0 0.0501449 0 0
0 0 0 0 0
0 0 0 0 0
0 0 0 0 0
0 0 0 0 0
0.0136314 0 0.0489743 0 0
0 0 0 0 0
0 0 0 0 0
0 0 0 0 0
0 0 0 0 0
0.0134343 0 0.0478175 0 0
0 0 0 0 0
0 0 0 0 0
0 0 0 0 0
0 0 0 0 0
0.0132389 0 0.0466752 0 0
0 0 0 0 0
0 0 0 0 0
0 0 0 0 0
0 0 0 0 0
0.0130454 0 0.0455484 0 0
0 0 0 0 0
0 0 0 0 0
0 0 0 0 0
0 0 0 0 0
0.0128538 0 0.0444378 0 0
0 0 0 0 0
0 0 0 0 0
0 0 0 0 0
0 0 0 0 0
0.0126643 0 0.0433439 0 0
0 0 0 0 0
0 0 0 0 0
0 0 0 0 0
0 0 0 0 0
0.0124769 0 0.0422675 0 0
0 0 0 0 0
0 0 0 0 0
0 0 0 0 0
0 0 0 0 0
0.0122916 0 0.041209 0 0
0 0 0 0 0
0 0 0 0 0
0 0 0 0 0
0 0 0 0 0
0.0121085 0 0.0401687 0 0
0 0 0 0 0
0 0 0 0 0
0 0 0 0 0
0 0 0 0 0
0.0119276 0 0.039147 0 0
0 0 0 0 0
0 0 0 0 0
0 0 0 0 0
0 0 0 0 0
0.0117488 0 0.0381443 0 0
0 0 0 0 0
0 0 0 0 0
0 0 0 0 0
0 0 0 0 0
0.0115721 0 0.0371607 0 0
0 0 0 0 0
0 0 0 0 0
0 0 0 0 0
0 0 0 0 0
0.0113975 0 0.0361964 0 0
0 0 0 0 0
0 0 0 0 0
0 0 0 0 0
0 0 0 0 0
0.011225 0 0.0352515 0 0
0 0 0 0 0
0 0 0 0 0
0 0 0 0 0
0 0 0 0 0
0.0110546 0 0.034326 0 0
0 0 0 0 0
0 0 0 0 0
0 0 0 0 0
0 0 0 0 0
0.0108861 0 0.03342 0 0
0 0 0 0 0
0 0 0 0 0
0 0 0 0 0
0 0 0 0 0
0.0107196 0 0.0325335 0 0
0 0 0 0 0
0 0 0 0 0
0 0 0 0 0
0 0 0 0 0
0.010555 0 0.0316663 0 0
0 0 0 0 0
0 0 0 0 0
0 0 0 0 0
0 0 0 0 0
0.0103924 0 0.0308184 0 0
0 0 0 0 0
0 0 0 0 0
0 0 0 0 0
0 0 0 0 0
0.0102317 0 0.0299896 0 0
0 0 0 0 0
0 0 0 0 0
0 0 0 0 0
0 0 0 0 0
0.010073 0 0.0291799 0 0
0 0 0 0 0
0 0 0 0 0
0 0 0 0 0
0 0 0 0 0
0.00991626 0 0.028389 0 0
0 0 0 0 0
0 0 0 0 0
0 0 0 0 0
0 0 0 0 0
0.00976159 0 0.0276168 0 0
0 0 0 0 0
0 0 0 0 0
0 0 0 0 0
0 0 0 0 0
0.00960903 0 0.0268631 0 0
0 0 0 0 0
0 0 0 0 0
0 0 0 0 0
0 0 0 0 0
0.00945864 0 0.0261278 0 0
0 0 0 0 0
0 0 0 0 0
0 0 0 0 0
0 0 0 0 0
0.00931049 0 0.0254106 0 0
0 0 0 0 0
0 0 0 0 0
0 0 0 0 0
0 0 0 0 0
0.00916466 0 0.0247115 0 0
0 0 0 0 0
0 0 0 0 0
0 0 0 0 0
0 0 0 0 0
0.00902122 0 0.0240303 0 0
0 0 0 0 0
0 0 0 0 0
0 0 0 0 0
0 0 0 0 0
0.00888024 0 0.023367 0 0
0 0 0 0 0
0 0 0 0 0
0 0 0 0 0
0 0 0 0 0
0.0087418 0 0.0227214 0 0
0 0 0 0 0
0 0 0 0 0
0 0 0 0 0
0 0 0 0 0
0.00860596 0 0.0220935 0 0
0 0 0 0 0
0 0 0 0 0
0 0 0 0 0
0 0 0 0 0
0.00847277 0 0.0214833 0 0
0 0 0 0 0
0 0 0 0 0
0 0 0 0 0
0 0 0 0 0
0.0083423 0 0.0208906 0 0
0 0 0 0 0
0 0 0 0 0
0 0 0 0 0
0 0 0 0 0
0.00821456 0 0.0203156 0 0
0 0 0 0 0
0 0 0 0 0
0 0 0 0 0
0 0 0 0 0
0.00808959 0 0.0197583 0 0
0 0 0 0 0
0 0 0 0 0
0 0 0 0 0
0 0 0 0 0
0.00796738 0 0.0192185 0 0
0 0 0 0 0
0 0 0 0 0
0 0 0 0 0
0 0 0 0 0
0.00784793 0 0.0186965 0 0
0 0 0 0 0
0 0 0 0 0
0 0 0 0 0
0 0 0 0 0
0 0 0 0 0
0 0 0 0 0
0 0 0 0 0
0 0 0 0 0
0 0 0 0 0
0 0 0 0 0
0 0 0 0 0
0 0 0 0 0
0 0 0 0 0
0 0 0 0 0
0 0 0 0 0
0 0 0 0 0
0 0 0 0 0
0 0 0 0 0
0 0 0 0 0
0 0 0 0 0
0 0 0 0 0
0 0 0 0 0
0 0 0 0 0
0 0 0 0 0
0 0 0 0 0
0 0 0 0 0
0 0 0 0 0
0 0 0 0 0
0 0 0 0 0
0 0 0 0 0
0 0 0 0 0
0 0 0 0 0
0 0 0 0 0
0 0 0 0 0
0 0 0 0 0
0 0 0 0 0
0 0 0 0 0
0 0 0 0 0
0 0 0 0 0
0 0 0 0 0
0 0 0 0 0
0 0 0 0 0
0 0 0 0 0
0 0 0 0 0
0 0 0 0 0
0 0 0 0 0
0 0 0 0 0
0 0 0 0 0
0 0 0 0 0
0 0 0 0 0
0 0 0 0 0
0 0 0 0 0
0 0 0 0 0
0 0 0 0 0
0 0 0 0 0
0 0 0 0 0
0 0 0 0 0
0 0 0 0 0
0 0 0 0 0
0 0 0 0 0
0 0 0 0 0
0 0 0 0 0
0 0 0 0 0
0 0 0 0 0
0 0 0 0 0
0 0 0 0 0
0 0 0 0 0
0 0 0 0 0
0 0 0 0 0
0 0 0 0 0
0 0 0 0 0
0 0 0 0 0
0 0 0 0 0
0 0 0 0 0
0 0 0 0 0
0 0 0 0 0
0 0 0 0 0
0 0 0 0 0
0 0 0 0 0
0 0 0 0 0
0 0 0 0 0
0 0 0 0 0
0 0 0 0 0
0 0 0 0 0
0 0 0 0 0
0 0 0 0 0
0 0 0 0 0
0 0 0 0 0
0 0 0 0 0
0 0 0 0 0
0 0 0 0 0
0 0 0 0 0
0 0 0 0 0
0 0 0 0 0
0 0 0 0 0
0 0 0 0 0
0 0 0 0 0
0 0 0 0 0
0 0 0 0 0
0 0 0 0 0
0 0 0 0 0
0 0 0 0 0
0 0 0 0 0
0 0 0 0 0
0 0 0 0 0
0 0 0 0 0
0 0 0 0 0
0 0 0 0 0
0 0 0 0 0
0 0 0 0 0
0 0 0 0 0
0 0 0 0 0
0 0 0 0 0
0 0 0 0 0
0 0 0 0 0
0 0 0 0 0
0 0 0 0 0
0 0 0 0 0
0 0 0 0 0
0 0 0 0 0
0 0 0 0 0
0 0 0 0 0
0 0 0 0 0
0 0 0 0 0
0 0 0 0 0
0 0 0 0 0
0 0 0 0 0
0 0 0 0 0
0 0 0 0 0
0 0 0 0 0
0 0 0 0 0
0 0 0 0 0
0 0 0 0 0
0 0 0 0 0
0 0 0 0 0
0 0 0 0 0
0 0 0 0 0
0 0 0 0 0
0 0 0 0 0
0 0 0 0 0
0 0 0 0 0
0 0 0 0 0
0 0 0 0 0
0 0 0 0 0
0 0 0 0 0
0 0 0 0 0
0 0 0 0 0
0 0 0 0 0
0 0 0 0 0
0 0 0 0 0
0 0 0 0 0
0 0 0 0 0
0 0 0 0 0
0 0 0 0 0
0 0 0 0 0
0 0 0 0 0
0 0 0 0 0
0 0 0 0 0
0 0 0 0 0
0 0 0 0 0
0 0 0 0 0
0 0 0 0 0
0 0 0 0 0
0 0 0 0 0
0 0 0 0 0
0 0 0 0 0
0 0 0 0 0
0 0 0 0 0
0 0 0 0 0
0 0 0 0 0
0 0 0 0 0
0 0 0 0 0
0 0 0 0 0
0 0 0 0 0
0 0 0 0 0
0 0 0 0 0
0 0 0 0 0
0 0 0 0 0
0 0 0 0 0
0 0 0 0 0
0 0 0 0 0
0 0 0 0 0
0 0 0 0 0
0 0 0 0 0
0 0 0 0 0
0 0 0 0 0
0 0 0 0 0
0 0 0 0 0
0 0 0 0 0
0 0 0 0 0
0 0 0 0 0
0 0 0 0 0
0 0 0 0 0
0 0 0 0 0
0 0 0 0 0
0 0 0 0 0
0 0 0 0 0
0 0 0 0 0
0 0 0 0 0
0 0 0 0 0
0 0 0 0 0
0 0 0 0 0
0 0 0 0 0
0 0 0 0 0
0 0 0 0 0
0 0 0 0 0
0 0 0 0 0
0 0 0 0 0
0 0 0 0 0
0 0 0 0 0
0 0 0 0 0
0 0 0 0 0
0 0 0 0 0
0 0 0 0 0
0 0 0 0 0
0 0 0 0 0
0 0 0 0 0
0 0 0 0 0
0 0 0 0 0
0 0 0 0 0
0 0 0 0 0
0 0 0 0 0
0 0 0 0 0
0 0 0 0 0
0 0 0 0 0
0 0 0 0 0
0 0 0 0 0
0 0 0 0 0
0 0 0 0 0
0 0 0 0 0
0 0 0 0 0
0 0 0 0 0
0 0 0 0 0
0 0 0 0 0
0 0 0 0 0
0 0 0 0 0
0 0 0 0 0
0 0 0 0 0
0 0 0 0 0
0 0 0 0 0
0 0 0 0 0
0 0 0 0 0
0 0 0 0 0
0 0 0 0 0
0 0 0 0 0
0 0 0 0 0
0 0 0 0 0
0 0 0 0 0
0 0 0 0 0
0 0 0 0 0
0 0 0 0 0
0 0 0 0 0
0 0 0 0 0
0 0 0 0 0
0 0 0 0 0
0 0 0 0 0
0 0 0 0 0
0 0 0 0 0
0 0 0 0 0
0 0 0 0 0
0 0 0 0 0
0 0 0 0 0
0 0 0 0 0
0 0 0 0 0
0 0 0 0 0
0 0 0 0 0
0 0 0 0 0
0 0 0 0 0
0 0 0 0 0
0 0 0 0 0
0 0 0 0 0
0 0 0 0 0
0 0 0 0 0
0 0 0 0 0
0 0 0 0 0
0 0 0 0 0
0 0 0 0 0
0 0 0 0 0
0 0 0 0 0
0 0 0 0 0
0 0 0 0 0
0 0 0 0 0
0 0 0 0 0
0 0 0 0 0
0 0 0 0 0
0 0 0 0 0
0 0 0 0 0
0 0 0 0 0
0 0 0 0 0
0 0 0 0 0
0 0 0 0 0
0 0 0 0 0
0 0 0 0 0
0 0 0 0 0
0 0 0 0 0
0 0 0 0 0
0 0 0 0 0
0 0 0 0 0
0 0 0 0 0
0 0 0 0 0
0 0 0 0 0
0 0 0 0 0
0 0 0 0 0
0 0 0 0 0
0 0 0 0 0
0 0 0 0 0
0 0 0 0 0
0 0 0 0 0
0 0 0 0 0
0 0 0 0 0
0 0 0 0 0
0 0 0 0 0
0 0 0 0 0
0 0 0 0 0
0 0 0 0 0
0 0 0 0 0
0 0 0 0 0
0 0 0 0 0
0 0 0 0 0
0 0 0 0 0
0 0 0 0 0
0 0 0 0 0
0 0 0 0 0
0 0 0 0 0
0 0 0 0 0
0 0 0 0 0
0 0 0 0 0
0 0 0 0 0
0 0 0 0 0
0 0 0 0 0
0 0 0 0 0
0 0 0 0 0
0 0 0 0 0
0 0 0 0 0
0 0 0 0 0
0 0 0 0 0
0 0 0 0 0
0 0 0 0 0
0 0 0 0 0
0 0 0 0 0
0 0 0 0 0
0 0 0 0 0
0 0 0 0 0
0 0 0 0 0
0 0 0 0 0
0 0 0 0 0
0 0 0 0 0
0 0 0 0 0
0 0 0 0 0
0 0 0 0 0
0 0 0 0 0
0 0 0 0 0
0 0 0 0 0
0 0 0 0 0
0 0 0 0 0
0 0 0 0 0
0 0 0 0 0
0 0 0 0 0
0 0 0 0 0
0 0 0 0 0
0 0 0 0 0
0 0 0 0 0
0 0 0 0 0
0 0 0 0 0
0 0 0 0 0
0 0 0 0 0
0 0 0 0 0
0 0 0 0 0
0 0 0 0 0
0 0 0 0 0
0 0 0 0 0
0 0 0 0 0
0 0 0 0 0
0 0 0 0 0
0 0 0 0 0
0 0 0 0 0
0 0 0 0 0
0 0 0 0 0
0 0 0 0 0
0 0 0 0 0
0 0 0 0 0
0 0 0 0 0
0 0 0 0 0
0 0 0 0 0
0 0 0 0 0
0 0 0 0 0
0 0 0 0 0
0 0 0 0 0
0 0 0 0 0
0 0 0 0 0
0 0 0 0 0
0 0 0 0 0
0 0 0 0 0
0 0 0 0 0
0 0 0 0 0
0 0 0 0 0
0 0 0 0 0
0 0 0 0 0
0 0 0 0 0
0 0 0 0 0
0 0 0 0 0
0 0 0 0 0
0 0 0 0 0
0 0 0 0 0
0 0 0 0 0
0 0 0 0 0
0 0 0 0 0
0 0 0 0 0
0 0 0 0 0
0 0 0 0 0
0 0 0 0 0
0 0 0 0 0
0 0 0 0 0
0 0 0 0 0
0 0 0 0 0
0 0 0 0 0
0 0 0 0 0
0 0 0 0 0
0 0 0 0 0
0 0 0 0 0
0 0 0 0 0
0 0 0 0 0
0 0 0 0 0
0 0 0 0 0
0 0 0 0 0
0 0 0 0 0
0 0 0 0 0
0 0 0 0 0
0 0 0 0 0
0 0 0 0 0
0 0 0 0 0
0 0 0 0 0
0 0 0 0 0
0 0 0 0 0
0 0 0 0 0
0 0 0 0 0
0 0 0 0 0
0 0 0 0 0
0 0 0 0 0
0 0 0 0 0
0 0 0 0 0
0 0 0 0 0
0 0 0 0 0
0 0 0 0 0
0 0 0 0 0
0 0 0 0 0
0 0 0 0 0
0 0 0 0 0
0 0 0 0 0
0 0 0 0 0
0 0 0 0 0
0 0 0 0 0
0 0 0 0 0
0 0 0 0 0
0 0 0 0 0
0 0 0 0 0
0 0 0 0 0
0 0 0 0 0
0 0 0 0 0
0 0 0 0 0
0 0 0 0 0
0 0 0 0 0
0 0 0 0 0
0 0 0 0 0
0 0 0 0 0
0 0 0 0 0
0 0 0 0 0
0 0 0 0 0
0 0 0 0 0
0 0 0 0 0
0 0 0 0 0
0 0 0 0 0
0 0 0 0 0
0 0 0 0 0
0 0 0 0 0
0 0 0 0 0
0 0 0 0 0
0 0 0 0 0
0 0 0 0 0
0 0 0 0 0
0 0 0 0 0
0 0 0 0 0
0 0 0 0 0
0 0 0 0 0
0 0 0 0 0
0 0 0 0 0
0 0 0 0 0
0 0 0 0 0
0 0 0 0 0
0 0 0 0 0
0 0 0 0 0
0 0 0 0 0
0 0 0 0 0
0 0 0 0 0
0 0 0 0 0
0 0 0 0 0
0 0 0 0 0
0 0 0 0 0
0 0 0 0 0
0 0 0 0 0
0 0 0 0 0
0 0 0 0 0
0 0 0 0 0
0 0 0 0 0
0 0 0 0 0
0 0 0 0 0
0 0 0 0 0
0 0 0 0 0
0 0 0 0 0
0 0 0 0 0
0 0 0 0 0
0 0 0 0 0
0 0 0 0 0
0 0 0 0 0
0 0 0 0 0
0 0 0 0 0
0 0 0 0 0
0 0 0 0 0
0 0 0 0 0
0 0 0 0 0
0 0 0 0 0
0 0 0 0 0
0 0 0 0 0
0 0 0 0 0
0 0 0 0 0
0 0 0 0 0
0 0 0 0 0
0 0 0 0 0
0 0 0 0 0
0 0 0 0 0
0 0 0 0 0
0 0 0 0 0
0 0 0 0 0
0 0 0 0 0
0 0 0 0 0
0 0 0 0 0
0 0 0 0 0
0 0 0 0 0
0 0 0 0 0
0 0 0 0 0
0 0 0 0 0
0 0 0 0 0
0 0 0 0 0
0 0 0 0 0
0 0 0 0 0
0 0 0 0 0
0 0 0 0 0
0 0 0 0 0
0 0 0 0 0
0 0 0 0 0
0 0 0 0 0
0 0 0 0 0
0 0 0 0 0
0 0 0 0 0
0 0 0 0 0
0 0 0 0 0
0 0 0 0 0
0 0 0 0 0
0 0 0 0 0
0 0 0 0 0
0 0 0 0 0
0 0 0 0 0
0 0 0 0 0
0 0 0 0 0
0 0 0 0 0
0 0 0 0 0
0 0 0 0 0
0 0 0 0 0
0 0 0 0 0
0 0 0 0 0
0 0 0 0 0
0 0 0 0 0
0 0 0 0 0
0 0 0 0 0
0 0 0 0 0
0 0 0 0 0
0 0 0 0 0
0 0 0 0 0
0 0 0 0 0
0 0 0 0 0
0 0 0 0 0
0 0 0 0 0
0 0 0 0 0
0 0 0 0 0
0 0 0 0 0
0 0 0 0 0
0 0 0 0 0
0 0 0 0 0
0 0 0 0 0
0 0 0 0 0
0 0 0 0 0
0 0 0 0 0
0 0 0 0 0
0 0 0 0 0
0 0 0 0 0
0 0 0 0 0
0 0 0 0 0
0 0 0 0 0
0 0 0 0 0
0 0 0 0 0
0 0 0 0 0
0 0 0 0 0
0 0 0 0 0
0 0 0 0 0
0 0 0 0 0
0 0 0 0 0
0 0 0 0 0
0 0 0 0 0
0 0 0 0 0
0 0 0 0 0
0 0 0 0 0
0 0 0 0 0
0 0 0 0 0
0 0 0 0 0
0 0 0 0 0
0 0 0 0 0
0 0 0 0 0
0 0 0 0 0
0 0 0 0 0
0 0 0 0 0
0 0 0 0 0
0 0 0 0 0
0 0 0 0 0
0 0 0 0 0
0 0 0 0 0
0 0 0 0 0
0 0 0 0 0
0 0 0 0 0
0 0 0 0 0
0 0 0 0 0
0 0 0 0 0
0 0 0 0 0
0 0 0 0 0
0 0 0 0 0
0 0 0 0 0
0 0 0 0 0
0 0 0 0 0
0 0 0 0 0
0 0 0 0 0
0 0 0 0 0
0 0 0 0 0
0 0 0 0 0
0 0 0 0 0
0 0 0 0 0
0 0 0 0 0
0 0 0 0 0
0 0 0 0 0
0 0 0 0 0
0 0 0 0 0
0 0 0 0 0
0 0 0 0 0
0 0 0 0 0
0 0 0 0 0
0 0 0 0 0
0 0 0 0 0
0 0 0 0 0
0 0 0 0 0
0 0 0 0 0
0 0 0 0 0
0 0 0 0 0
0 0 0 0 0
0 0 0 0 0
0 0 0 0 0
0 0 0 0 0
0 0 0 0 0
0 0 0 0 0
0 0 0 0 0
0 0 0 0 0
0 0 0 0 0
0 0 0 0 0
0 0 0 0 0
0 0 0 0 0
0 0 0 0 0
0 0 0 0 0
0 0 0 0 0
0 0 0 0 0
0 0 0 0 0
0 0 0 0 0
0 0 0 0 0
0 0 0 0 0
0 0 0 0 0
0 0 0 0 0
0 0 0 0 0
0 0 0 0 0
0 0 0 0 0
0 0 0 0 0
0 0 0 0 0
0 0 0 0 0
0 0 0 0 0
0 0 0 0 0
0 0 0 0 0
0 0 0 0 0
0 0 0 0 0
0 0 0 0 0
0 0 0 0 0
0 0 0 0 0
0 0 0 0 0
0 0 0 0 0
0 0 0 0 0
0 0 0 0 0
0 0 0 0 0
0 0 0 0 0
0 0 0 0 0
0 0 0 0 0
0 0 0 0 0
0 0 0 0 0
0 0 0 0 0
0 0 0 0 0
0 0 0 0 0
0 0 0 0 0
0 0 0 0 0
0 0 0 0 0
0 0 0 0 0
0 0 0 0 0
0 0 0 0 0
0 0 0 0 0
0 0 0 0 0
0 0 0 0 0
0 0 0 0 0
0 0 0 0 0
0 0 0 0 0
0 0 0 0 0
0 0 0 0 0
0 0 0 0 0
0 0 0 0 0
0 0 0 0 0
0 0 0 0 0
0 0 0 0 0
0 0 0 0 0
0 0 0 0 0
0 0 0 0 0
0 0 0 0 0
0 0 0 0 0
0 0 0 0 0
0 0 0 0 0
0 0 0 0 0
0 0 0 0 0
0 0 0 0 0
0 0 0 0 0
0 0 0 0 0
0 0 0 0 0
0 0 0 0 0
0 0 0 0 0
0 0 0 0 0
0 0 0 0 0
0 0 0 0 0
0 0 0 0 0
0 0 0 0 0
0 0 0 0 0
0 0 0 0 0
0 0 0 0 0
0 0 0 0 0
0 0 0 0 0
0 0 0 0 0
0 0 0 0 0
0 0 0 0 0
0 0 0 0 0
0 0 0 0 0
0 0 0 0 0
0 0 0 0 0
0 0 0 0 0
0 0 0 0 0
0 0 0 0 0
0 0 0 0 0
0 0 0 0 0
0 0 0 0 0
0 0 0 0 0
0 0 0 0 0
0 0 0 0 0
0 0 0 0 0
0 0 0 0 0
0 0 0 0 0
0 0 0 0 0
0 0 0 0 0
0 0 0 0 0
0 0 0 0 0
0 0 0 0 0
0 0 0 0 0
0 0 0 0 0
0 0 0 0 0
0 0 0 0 0
0 0 0 0 0
0 0 0 0 0
0 0 0 0 0
0 0 0 0 0
0 0 0 0 0
0 0 0 0 0
0 0 0 0 0
0 0 0 0 0
0 0 0 0 0
0 0 0 0 0
0 0 0 0 0
0 0 0 0 0
0 0 0 0 0
0 0 0 0 0
0 0 0 0 0
0 0 0 0 0
0 0 0 0 0
0 0 0 0 0
0 0 0 0 0
0 0 0 0 0
0 0 0 0 0
0 0 0 0 0
0 0 0 0 0
0 0 0 0 0
0 0 0 0 0
0 0 0 0 0
0 0 0 0 0
0 0 0 0 0
0 0 0 0 0
0 0 0 0 0
0 0 0 0 0
0 0 0 0 0
0 0 0 0 0
0 0 0 0 0
0 0 0 0 0
0 0 0 0 0
0 0 0 0 0
0 0 0 0 0
0 0 0 0 0
0 0 0 0 0
0 0 0 0 0
0 0 0 0 0
0 0 0 0 0
0 0 0 0 0
0 0 0 0 0
0 0 0 0 0
0 0 0 0 0
0 0 0 0 0
0 0 0 0 0
0 0 0 0 0
0 0 0 0 0
0 0 0 0 0
0 0 0 0 0
0 0 0 0 0
0 0 0 0 0
0 0 0 0 0
0 0 0 0 0
0 0 0 0 0
0 0 0 0 0
0 0 0 0 0
0 0 0 0 0
0 0 0 0 0
0 0 0 0 0
0 0 0 0 0
0 0 0 0 0
0 0 0 0 0
0 0 0 0 0
0 0 0 0 0
0 0 0 0 0
0 0 0 0 0
0 0 0 0 0
0 0 0 0 0
0 0 0 0 0
0 0 0 0 0
0 0 0 0 0
0 0 0 0 0
0 0 0 0 0
0 0 0 0 0
0 0 0 0 0
0 0 0 0 0
0 0 0 0 0
0 0 0 0 0
0 0 0 0 0
0 0 0 0 0
0 0 0 0 0
0 0 0 0 0
0 0 0 0 0
0 0 0 0 0
0 0 0 0 0
0 0 0 0 0
0 0 0 0 0
0 0 0 0 0
0 0 0 0 0
0 0 0 0 0
0 0 0 0 0
0 0 0 0 0
0 0 0 0 0
0 0 0 0 0
0 0 0 0 0
0 0 0 0 0
0 0 0 0 0
0 0 0 0 0
0 0 0 0 0
0 0 0 0 0
0 0 0 0 0
0 0 0 0 0
0 0 0 0 0
0 0 0 0 0
0 0 0 0 0
0 0 0 0 0
0 0 0 0 0
0 0 0 0 0
0 0 0 0 0
0 0 0 0 0
0 0 0 0 0
0 0 0 0 0
0 0 0 0 0
0 0 0 0 0
0 0 0 0 0
0 0 0 0 0
0 0 0 0 0
0 0 0 0 0
0 0 0 0 0
0 0 0 0 0
0 0 0 0 0
0 0 0 0 0
0 0 0 0 0
0 0 0 0 0
0 0 0 0 0
0 0 0 0 0
0 0 0 0 0
0 0 0 0 0
0 0 0 0 0
0 0 0 0 0
0 0 0 0 0
0 0 0 0 0
0 0 0 0 0
0 0 0 0 0
0 0 0 0 0
0 0 0 0 0
0 0 0 0 0
0 0 0 0 0
0 0 0 0 0
0 0 0 0 0
0 0 0 0 0
0 0 0 0 0
0 0 0 0 0
0 0 0 0 0
0 0 0 0 0
0 0 0 0 0
0 0 0 0 0
0 0 0 0 0
0 0 0 0 0
0 0 0 0 0
0 0 0 0 0
0 0 0 0 0
0 0 0 0 0
0 0 0 0 0
0 0 0 0 0
0 0 0 0 0
0 0 0 0 0
0 0 0 0 0
0 0 0 0 0
0 0 0 0 0
0 0 0 0 0
0 0 0 0 0
0 0 0 0 0
0 0 0 0 0
0 0 0 0 0
0 0 0 0 0
0 0 0 0 0
0 0 0 0 0
0 0 0 0 0
0 0 0 0 0
0 0 0 0 0
0 0 0 0 0
0 0 0 0 0
0 0 0 0 0
0 0 0 0 0
0 0 0 0 0
0 0 0 0 0
0 0 0 0 0
0 0 0 0 0
0 0 0 0 0
0 0 0 0 0
0 0 0 0 0
0 0 0 0 0
0 0 0 0 0
0 0 0 0 0
0 0 0 0 0
0 0 0 0 0
0 0 0 0 0
0 0 0 0 0
0 0 0 0 0
0 0 0 0 0
0 0 0 0 0
0 0 0 0 0
0 0 0 0 0
0 0 0 0 0
0 0 0 0 0
0 0 0 0 0
0 0 0 0 0
0 0 0 0 0
0 0 0 0 0
0 0 0 0 0
0 0 0 0 0
0 0 0 0 0
0 0 0 0 0
0 0 0 0 0
0 0 0 0 0
0 0 0 0 0
0 0 0 0 0
0 0 0 0 0
0 0 0 0 0
0 0 0 0 0
0 0 0 0 0
0 0 0 0 0
0 0 0 0 0
0 0 0 0 0
0 0 0 0 0
0 0 0 0 0
0 0 0 0 0
0 0 0 0 0
0 0 0 0 0
0 0 0 0 0
0 0 0 0 0
0 0 0 0 0
0 0 0 0 0
0 0 0 0 0
0 0 0 0 0
0 0 0 0 0
0 0 0 0 0
0 0 0 0 0
0 0 0 0 0
0 0 0 0 0
0 0 0 0 0
0 0 0 0 0
0 0 0 0 0
0 0 0 0 0
0 0 0 0 0
0 0 0 0 0
0 0 0 0 0
0 0 0 0 0
0 0 0 0 0
0 0 0 0 0
0 0 0 0 0
0 0 0 0 0
0 0 0 0 0
0 0 0 0 0
0 0 0 0 0
0 0 0 0 0
0 0 0 0 0
0 0 0 0 0
0 0 0 0 0
0 0 0 0 0
0 0 0 0 0
0 0 0 0 0
0 0 0 0 0
0 0 0 0 0
0 0 0 0 0
0 0 0 0 0
0 0 0 0 0
0 0 0 0 0
0 0 0 0 0
0 0 0 0 0
0 0 0 0 0
0 0 0 0 0
0 0 0 0 0
0 0 0 0 0
0 0 0 0 0
0 0 0 0 0
0 0 0 0 0
0 0 0 0 0
0 0 0 0 0
0 0 0 0 0
0 0 0 0 0
0 0 0 0 0
0 0 0 0 0
0 0 0 0 0
0 0 0 0 0
0 0 0 0 0
0 0 0 0 0
0 0 0 0 0
0 0 0 0 0
0 0 0 0 0
0 0 0 0 0
0 0 0 0 0
0 0 0 0 0
0 0 0 0 0
0 0 0 0 0
0 0 0 0 0
0 0 0 0 0
0 0 0 0 0
0 0 0 0 0
0 0 0 0 0
0 0 0 0 0
0 0 0 0 0
0 0 0 0 0
0 0 0 0 0
0 0 0 0 0
0 0 0 0 0
0 0 0 0 0
0 0 0 0 0
0 0 0 0 0
0 0 0 0 0
0 0 0 0 0
0 0 0 0 0
0 0 0 0 0
0 0 0 0 0
0 0 0 0 0
0 0 0 0 0
0 0 0 0 0
0 0 0 0 0
0 0 0 0 0
0 0 0 0 0
0 0 0 0 0
0 0 0 0 0
0 0 0 0 0
0 0 0 0 0
0 0 0 0 0
0 0 0 0 0
0 0 0 0 0
0 0 0 0 0
0 0 0 0 0
0 0 0 0 0
0 0 0 0 0
0 0 0 0 0
0 0 0 0 0
0 0 0 0 0
0 0 0 0 0
0 0 0 0 0
0 0 0 0 0
0 0 0 0 0
0 0 0 0 0
0 0 0 0 0
0 0 0 0 0
0 0 0 0 0
0 0 0 0 0
0 0 0 0 0
0 0 0 0 0
0 0 0 0 0
0 0 0 0 0
0 0 0 0 0
0 0 0 0 0
0 0 0 0 0
0 0 0 0 0
0 0 0 0 0
0 0 0 0 0
0 0 0 0 0
0 0 0 0 0
0 0 0 0 0
0 0 0 0 0
0 0 0 0 0
0 0 0 0 0
0 0 0 0 0
0 0 0 0 0
0 0 0 0 0
0 0 0 0 0
0 0 0 0 0
0 0 0 0 0
0 0 0 0 0
0 0 0 0 0
0 0 0 0 0
0 0 0 0 0
0 0 0 0 0
0 0 0 0 0
0 0 0 0 0
0 0 0 0 0
0 0 0 0 0
0 0 0 0 0
0 0 0 0 0
0 0 0 0 0
0 0 0 0 0
0 0 0 0 0
0 0 0 0 0
0 0 0 0 0
0 0 0 0 0
0 0 0 0 0
0 0 0 0 0
0 0 0 0 0
0 0 0 0 0
0 0 0 0 0
0 0 0 0 0
0 0 0 0 0
0 0 0 0 0
0 0 0 0 0
0 0 0 0 0
0 0 0 0 0
0 0 0 0 0
0 0 0 0 0
0 0 0 0 0
0 0 0 0 0
0 0 0 0 0
0 0 0 0 0
0 0 0 0 0
0 0 0 0 0
0 0 0 0 0
0 0 0 0 0
0 0 0 0 0
0 0 0 0 0
0 0 0 0 0
0 0 0 0 0
0 0 0 0 0
0 0 0 0 0
0 0 0 0 0
0 0 0 0 0
0 0 0 0 0
0 0 0 0 0
0 0 0 0 0
0 0 0 0 0
0 0 0 0 0
0 0 0 0 0
0 0 0 0 0
0 0 0 0 0
0 0 0 0 0
0 0 0 0 0
0 0 0 0 0
0 0 0 0 0
0 0 0 0 0
0 0 0 0 0
0 0 0 0 0
0 0 0 0 0
0 0 0 0 0
0 0 0 0 0
0 0 0 0 0
0 0 0 0 0
0 0 0 0 0
0 0 0 0 0
0 0 0 0 0
0 0 0 0 0
0 0 0 0 0
0 0 0 0 0
0 0 0 0 0
0 0 0 0 0
0 0 0 0 0
0 0 0 0 0
0 0 0 0 0
0 0 0 0 0
0 0 0 0 0
0 0 0 0 0
0 0 0 0 0
0 0 0 0 0
0 0 0 0 0
0 0 0 0 0
0 0 0 0 0
0 0 0 0 0
0 0 0 0 0
0 0 0 0 0
0 0 0 0 0
0 0 0 0 0
0 0 0 0 0
0 0 0 0 0
0 0 0 0 0
0 0 0 0 0
0 0 0 0 0
0 0 0 0 0
0 0 0 0 0
0 0 0 0 0
0 0 0 0 0
0 0 0 0 0
0 0 0 0 0
0 0 0 0 0
0 0 0 0 0
0 0 0 0 0
0 0 0 0 0
0 0 0 0 0
0 0 0 0 0
0 0 0 0 0
0 0 0 0 0
0 0 0 0 0
0 0 0 0 0
0 0 0 0 0
0 0 0 0 0
0 0 0 0 0
0 0 0 0 0
0 0 0 0 0
0 0 0 0 0
0 0 0 0 0
0 0 0 0 0
0 0 0 0 0
0 0 0 0 0
0 0 0 0 0
0 0 0 0 0
0 0 0 0 0
0 0 0 0 0
0 0 0 0 0
0 0 0 0 0
0 0 0 0 0
0 0 0 0 0
0 0 0 0 0
0 0 0 0 0
0 0 0 0 0
0 0 0 0 0
0 0 0 0 0
0 0 0 0 0
0 0 0 0 0
0 0 0 0 0
0 0 0 0 0
0 0 0 0 0
0 0 0 0 0
0 0 0 0 0
0 0 0 0 0
0 0 0 0 0
0 0 0 0 0
0 0 0 0 0
0 0 0 0 0
0 0 0 0 0
0 0 0 0 0
0 0 0 0 0
0 0 0 0 0
0 0 0 0 0
0 0 0 0 0
0 0 0 0 0
0 0 0 0 0
0 0 0 0 0
0 0 0 0 0
0 0 0 0 0
0 0 0 0 0
0 0 0 0 0
0 0 0 0 0
0 0 0 0 0
0 0 0 0 0
0 0 0 0 0
0 0 0 0 0
0 0 0 0 0
0 0 0 0 0
0 0 0 0 0
0 0 0 0 0
0 0 0 0 0
0 0 0 0 0
0 0 0 0 0
0 0 0 0 0
0 0 0 0 0
0 0 0 0 0
0 0 0 0 0
0 0 0 0 0
0 0 0 0 0
0 0 0 0 0
0 0 0 0 0
0 0 0 0 0
0 0 0 0 0
0 0 0 0 0
0 0 0 0 0
0 0 0 0 0
0 0 0 0 0
0 0 0 0 0
0 0 0 0 0
0 0 0 0 0
0 0 0 0 0
0 0 0 0 0
0 0 0 0 0
0 0 0 0 0
0 0 0 0 0
0 0 0 0 0
0 0 0 0 0
0 0 0 0 0
0 0 0 0 0
0 0 0 0 0
0 0 0 0 0
0 0 0 0 0
0 0 0 0 0
0 0 0 0 0
0 0 0 0 0
0 0 0 0 0
0 0 0 0 0
0 0 0 0 0
0 0 0 0 0
0 0 0 0 0
0 0 0 0 0
0 0 0 0 0
0 0 0 0 0
0 0 0 0 0
0 0 0 0 0
0 0 0 0 0
0 0 0 0 0
0 0 0 0 0
0 0 0 0 0
0 0 0 0 0
0 0 0 0 0
0 0 0 0 0
0 0 0 0 0
0 0 0 0 0
0 0 0 0 0
0 0 0 0 0
0 0 0 0 0
0 0 0 0 0
0 0 0 0 0
0 0 0 0 0
0 0 0 0 0
0 0 0 0 0
0 0 0 0 0
0 0 0 0 0
0 0 0 0 0
0 0 0 0 0
0 0 0 0 0
0 0 0 0 0
0 0 0 0 0
0 0 0 0 0
0 0 0 0 0
0 0 0 0 0
0 0 0 0 0
0 0 0 0 0
0 0 0 0 0
0 0 0 0 0
0 0 0 0 0
0 0 0 0 0
0 0 0 0 0
0 0 0 0 0
0 0 0 0 0
0 0 0 0 0
0 0 0 0 0
0 0 0 0 0
0 0 0 0 0
0 0 0 0 0
0 0 0 0 0
0 0 0 0 0
0 0 0 0 0
0 0 0 0 0
0 0 0 0 0
0 0 0 0 0
0 0 0 0 0
0 0 0 0 0
0 0 0 0 0
0 0 0 0 0
0 0 0 0 0
0 0 0 0 0
0 0 0 0 0
0 0 0 0 0
0 0 0 0 0
0 0 0 0 0
0 0 0 0 0
0 0 0 0 0
0 0 0 0 0
0 0 0 0 0
0 0 0 0 0
0 0 0 0 0
0 0 0 0 0
0 0 0 0 0
0 0 0 0 0
0 0 0 0 0
0 0 0 0 0
0 0 0 0 0
0 0 0 0 0
0 0 0 0 0
0 0 0 0 0
0 0 0 0 0
0 0 0 0 0
0 0 0 0 0
0 0 0 0 0
0 0 0 0 0
0 0 0 0 0
0 0 0 0 0
0 0 0 0 0
0 0 0 0 0
0 0 0 0 0
0 0 0 0 0
0 0 0 0 0
0 0 0 0 0
0 0 0 0 0
0 0 0 0 0
0 0 0 0 0
0 0 0 0 0
0 0 0 0 0
0 0 0 0 0
0 0 0 0 0
0 0 0 0 0
0 0 0 0 0
0 0 0 0 0
0 0 0 0 0
0 0 0 0 0
0 0 0 0 0
0 0 0 0 0
0 0 0 0 0
0 0 0 0 0
0 0 0 0 0
0 0 0 0 0
0 0 0 0 0
0 0 0 0 0
0 0 0 0 0
0 0 0 0 0
0 0 0 0 0
0 0 0 0 0
0 0 0 0 0
0 0 0 0 0
0 0 0 0 0
0 0 0 0 0
0 0 0 0 0
0 0 0 0 0
0 0 0 0 0
0 0 0 0 0
0 0 0 0 0
0 0 0 0 0
0 0 0 0 0
0 0 0 0 0
0 0 0 0 0
0 0 0 0 0
0 0 0 0 0
0 0 0 0 0
0 0 0 0 0
0 0 0 0 0
0 0 0 0 0
0 0 0 0 0
0 0 0 0 0
0 0 0 0 0
0 0 0 0 0
0 0 0 0 0
0 0 0 0 0
0 0 0 0 0
0 0 0 0 0
0 0 0 0 0
0 0 0 0 0
0 0 0 0 0
0 0 0 0 0
0 0 0 0 0
0 0 0 0 0
0 0 0 0 0
0 0 0 0 0
0 0 0 0 0
0 0 0 0 0
0 0 0 0 0
0 0 0 0 0
0 0 0 0 0
0 0 0 0 0
0 0 0 0 0
0 0 0 0 0
0 0 0 0 0
0 0 0 0 0
0 0 0 0 0
0 0 0 0 0
0 0 0 0 0
0 0 0 0 0
0 0 0 0 0
0 0 0 0 0
0 0 0 0 0
0 0 0 0 0
0 0 0 0 0
0 0 0 0 0
0 0 0 0 0
0 0 0 0 0
0 0 0 0 0
0 0 0 0 0
0 0 0 0 0
0 0 0 0 0
0 0 0 0 0
0 0 0 0 0
0 0 0 0 0
0 0 0 0 0
0 0 0 0 0
0 0 0 0 0
0 0 0 0 0
0 0 0 0 0
0 0 0 0 0
0 0 0 0 0
0 0 0 0 0
0 0 0 0 0
0 0 0 0 0
0 0 0 0 0
0 0 0 0 0
0 0 0 0 0
0 0 0 0 0
0 0 0 0 0
0 0 0 0 0
0 0 0 0 0
0 0 0 0 0
0 0 0 0 0
0 0 0 0 0
0 0 0 0 0
0 0 0 0 0
0 0 0 0 0
0 0 0 0 0
0 0 0 0 0
0 0 0 0 0
0 0 0 0 0
0 0 0 0 0
0 0 0 0 0
0 0 0 0 0
0 0 0 0 0
0 0 0 0 0
0 0 0 0 0
0 0 0 0 0
0 0 0 0 0
0 0 0 0 0
0 0 0 0 0
0 0 0 0 0
0 0 0 0 0
0 0 0 0 0
0 0 0 0 0
0 0 0 0 0
0 0 0 0 0
0 0 0 0 0
0 0 0 0 0
0 0 0 0 0
0 0 0 0 0
0 0 0 0 0
0 0 0 0 0
0 0 0 0 0
0 0 0 0 0
0 0 0 0 0
0 0 0 0 0
0 0 0 0 0
0 0 0 0 0
0 0 0 0 0
0 0 0 0 0
0 0 0 0 0
0 0 0 0 0
0 0 0 0 0
0 0 0 0 0
0 0 0 0 0
0 0 0 0 0
0 0 0 0 0
0 0 0 0 0
0 0 0 0 0
0 0 0 0 0
0 0 0 0 0
0 0 0 0 0
0 0 0 0 0
0 0 0 0 0
0 0 0 0 0
0 0 0 0 0
0 0 0 0 0
0 0 0 0 0
0 0 0 0 0
0 0 0 0 0
0 0 0 0 0
0 0 0 0 0
0 0 0 0 0
0 0 0 0 0
0 0 0 0 0
0 0 0 0 0
0 0 0 0 0
0 0 0 0 0
0 0 0 0 0
0 0 0 0 0
0 0 0 0 0
0 0 0 0 0
0 0 0 0 0
0 0 0 0 0
0 0 0 0 0
0 0 0 0 0
0 0 0 0 0
0 0 0 0 0
0 0 0 0 0
0 0 0 0 0
0 0 0 0 0
0 0 0 0 0
0 0 0 0 0
0 0 0 0 0
0 0 0 0 0
0 0 0 0 0
0 0 0 0 0
0 0 0 0 0
0 0 0 0 0
0 0 0 0 0
0 0 0 0 0
0 0 0 0 0
0 0 0 0 0
0 0 0 0 0
0 0 0 0 0
0 0 0 0 0
0 0 0 0 0
0 0 0 0 0
0 0 0 0 0
0 0 0 0 0
0 0 0 0 0
0 0 0 0 0
0 0 0 0 0
0 0 0 0 0
0 0 0 0 0
0 0 0 0 0
0 0 0 0 0
0 0 0 0 0
0 0 0 0 0
0 0 0 0 0
0 0 0 0 0
0 0 0 0 0
0 0 0 0 0
0 0 0 0 0
0 0 0 0 0
0 0 0 0 0
0 0 0 0 0
0 0 0 0 0
0 0 0 0 0
0 0 0 0 0
0 0 0 0 0
0 0 0 0 0
0 0 0 0 0
0 0 0 0 0
0 0 0 0 0
0 0 0 0 0
0 0 0 0 0
0 0 0 0 0
0 0 0 0 0
0 0 0 0 0
0 0 0 0 0
0 0 0 0 0
0 0 0 0 0
0 0 0 0 0
0 0 0 0 0
0 0 0 0 0
0 0 0 0 0
0 0 0 0 0
0 0 0 0 0
0 0 0 0 0
0 0 0 0 0
0 0 0 0 0
0 0 0 0 0
0 0 0 0 0
0 0 0 0 0
0 0 0 0 0
0 0 0 0 0
0 0 0 0 0
0 0 0 0 0
0 0 0 0 0
0 0 0 0 0
0 0 0 0 0
0 0 0 0 0
0 0 0 0 0
0 0 0 0 0
0 0 0 0 0
0 0 0 0 0
0 0 0 0 0
0 0 0 0 0
0 0 0 0 0
0 0 0 0 0
0 0 0 0 0
0 0 0 0 0
0 0 0 0 0
0 0 0 0 0
0 0 0 0 0
0 0 0 0 0
0 0 0 0 0
0 0 0 0 0
0 0 0 0 0
0 0 0 0 0
0 0 0 0 0
0 0 0 0 0
0 0 0 0 0
0 0 0 0 0
0 0 0 0 0
0 0 0 0 0
0 0 0 0 0
0 0 0 0 0
0 0 0 0 0
0 0 0 0 0
0 0 0 0 0
0 0 0 0 0
0 0 0 0 0
0 0 0 0 0
0 0 0 0 0
0 0 0 0 0
0 0 0 0 0
0 0 0 0 0
0 0 0 0 0
0 0 0 0 0
0 0 0 0 0
0 0 0 0 0
0 0 0 0 0
0 0 0 0 0
0 0 0 0 0
0 0 0 0 0
0 0 0 0 0
0 0 0 0 0
0 0 0 0 0
0 0 0 0 0
0 0 0 0 0
0 0 0 0 0
0 0 0 0 0
0 0 0 0 0
0 0 0 0 0
0 0 0 0 0
0 0 0 0 0
0 0 0 0 0
0 0 0 0 0
0 0 0 0 0
0 0 0 0 0
0 0 0 0 0
0 0 0 0 0
0 0 0 0 0
0 0 0 0 0
0 0 0 0 0
0 0 0 0 0
0 0 0 0 0
0 0 0 0 0
0 0 0 0 0
0 0 0 0 0
0 0 0 0 0
0 0 0 0 0
0 0 0 0 0
0 0 0 0 0
0 0 0 0 0
0 0 0 0 0
0 0 0 0 0
0 0 0 0 0
0 0 0 0 0
0 0 0 0 0
0 0 0 0 0
0 0 0 0 0
0 0 0 0 0
0 0 0 0 0
0 0 0 0 0
0 0 0 0 0
0 0 0 0 0
0 0 0 0 0
0 0 0 0 0
0 0 0 0 0
0 0 0 0 0
0 0 0 0 0
0 0 0 0 0
0 0 0 0 0
0 0 0 0 0
0 0 0 0 0
0 0 0 0 0
0 0 0 0 0
0 0 0 0 0
0 0 0 0 0
0 0 0 0 0
0 0 0 0 0
0 0 0 0 0
0 0 0 0 0
0 0 0 0 0
0 0 0 0 0
0 0 0 0 0
0 0 0 0 0
0 0 0 0 0
0 0 0 0 0
0 0 0 0 0
0 0 0 0 0
0 0 0 0 0
0 0 0 0 0
0 0 0 0 0
0 0 0 0 0
0 0 0 0 0
0 0 0 0 0
0 0 0 0 0
0 0 0 0 0
0 0 0 0 0
0 0 0 0 0
0 0 0 0 0
0 0 0 0 0
0 0 0 0 0
0 0 0 0 0
0 0 0 0 0
0 0 0 0 0
0 0 0 0 0
0 0 0 0 0
0 0 0 0 0
0 0 0 0 0
0 0 0 0 0
0 0 0 0 0
0 0 0 0 0
0 0 0 0 0
0 0 0 0 0
0 0 0 0 0
0 0 0 0 0
0 0 0 0 0
0 0 0 0 0
0 0 0 0 0
0 0 0 0 0
0 0 0 0 0
0 0 0 0 0
0 0 0 0 0
0 0 0 0 0
0 0 0 0 0
0 0 0 0 0
0 0 0 0 0
0 0 0 0 0
0 0 0 0 0
0 0 0 0 0
0 0 0 0 0
0 0 0 0 0
0 0 0 0 0
0 0 0 0 0
0 0 0 0 0
0 0 0 0 0
0 0 0 0 0
0 0 0 0 0
0 0 0 0 0
0 0 0 0 0
0 0 0 0 0
0 0 0 0 0
0 0 0 0 0
0 0 0 0 0
0 0 0 0 0
0 0 0 0 0
0 0 0 0 0
0 0 0 0 0
0 0 0 0 0
0 0 0 0 0
0 0 0 0 0
0 0 0 0 0
0 0 0 0 0
0 0 0 0 0
0 0 0 0 0
0 0 0 0 0
0 0 0 0 0
0 0 0 0 0
0 0 0 0 0
0 0 0 0 0
0 0 0 0 0
0 0 0 0 0
0 0 0 0 0
0 0 0 0 0
0 0 0 0 0
0 0 0 0 0
0 0 0 0 0
0 0 0 0 0
0 0 0 0 0
0 0 0 0 0
0 0 0 0 0
0 0 0 0 0
0 0 0 0 0
0 0 0 0 0
0 0 0 0 0
0 0 0 0 0
0 0 0 0 0
0 0 0 0 0
0 0 0 0 0
0 0 0 0 0
0 0 0 0 0
0 0 0 0 0
0 0 0 0 0
0 0 0 0 0
0 0 0 0 0
0 0 0 0 0
0 0 0 0 0
0 0 0 0 0
0 0 0 0 0
0 0 0 0 0
0 0 0 0 0
0 0 0 0 0
0 0 0 0 0
0 0 0 0 0
0 0 0 0 0
0 0 0 0 0
0 0 0 0 0
0 0 0 0 0
0 0 0 0 0
0 0 0 0 0
0 0 0 0 0
0 0 0 0 0
0 0 0 0 0
0 0 0 0 0
0 0 0 0 0
0 0 0 0 0
0 0 0 0 0
0 0 0 0 0
0 0 0 0 0
0 0 0 0 0
0 0 0 0 0
0 0 0 0 0
0 0 0 0 0
0 0 0 0 0
0 0 0 0 0
0 0 0 0 0
0 0 0 0 0
0 0 0 0 0
0 0 0 0 0
0 0 0 0 0
0 0 0 0 0
0 0 0 0 0
0 0 0 0 0
0 0 0 0 0
0 0 0 0 0
0 0 0 0 0
0 0 0 0 0
0 0 0 0 0
0 0 0 0 0
0 0 0 0 0
0 0 0 0 0
0 0 0 0 0
0 0 0 0 0
0 0 0 0 0
0 0 0 0 0
0 0 0 0 0
0 0 0 0 0
0 0 0 0 0
0 0 0 0 0
0 0 0 0 0
0 0 0 0 0
0 0 0 0 0
0 0 0 0 0
0 0 0 0 0
0 0 0 0 0
0 0 0 0 0
0 0 0 0 0
0 0 0 0 0
0 0 0 0 0
0 0 0 0 0
0 0 0 0 0
0 0 0 0 0
0 0 0 0 0
0 0 0 0 0
0 0 0 0 0
0 0 0 0 0
0 0 0 0 0
0 0 0 0 0
0 0 0 0 0
0 0 0 0 0
0 0 0 0 0
0 0 0 0 0
0 0 0 0 0
0 0 0 0 0
0 0 0 0 0
0 0 0 0 0
0 0 0 0 0
0 0 0 0 0
0 0 0 0 0
0 0 0 0 0
0 0 0 0 0
0 0 0 0 0
0 0 0 0 0
0 0 0 0 0
0 0 0 0 0
0 0 0 0 0
0 0 0 0 0
0 0 0 0 0
0 0 0 0 0
0 0 0 0 0
0 0 0 0 0
0 0 0 0 0
0 0 0 0 0
0 0 0 0 0
0 0 0 0 0
0 0 0 0 0
0 0 0 0 0
0 0 0 0 0
0 0 0 0 0
0 0 0 0 0
0 0 0 0 0
0 0 0 0 0
0 0 0 0 0
0 0 0 0 0
0 0 0 0 0
0 0 0 0 0
0 0 0 0 0
0 0 0 0 0
0 0 0 0 0
0 0 0 0 0
0 0 0 0 0
0 0 0 0 0
0 0 0 0 0
0 0 0 0 0
0 0 0 0 0
0 0 0 0 0
0 0 0 0 0
0 0 0 0 0
0 0 0 0 0
0 0 0 0 0
0 0 0 0 0
0 0 0 0 0
0 0 0 0 0
0 0 0 0 0
0 0 0 0 0
0 0 0 0 0
0 0 0 0 0
0 0 0 0 0
0 0 0 0 0
0 0 0 0 0
0 0 0 0 0
0 0 0 0 0
0 0 0 0 0
0 0 0 0 0
0 0 0 0 0
0 0 0 0 0
0 0 0 0 0
0 0 0 0 0
0 0 0 0 0
0 0 0 0 0
0 0 0 0 0
0 0 0 0 0
0 0 0 0 0
0 0 0 0 0
0 0 0 0 0
0 0 0 0 0
0 0 0 0 0
0 0 0 0 0
0 0 0 0 0
0 0 0 0 0
0 0 0 0 0
0 0 0 0 0
0 0 0 0 0
0 0 0 0 0
0 0 0 0 0
0 0 0 0 0
0 0 0 0 0
0 0 0 0 0
0 0 0 0 0
0 0 0 0 0
0 0 0 0 0
0 0 0 0 0
0 0 0 0 0
0 0 0 0 0
0 0 0 0 0
0 0 0 0 0
0 0 0 0 0
0 0 0 0 0
0 0 0 0 0
0 0 0 0 0
0 0 0 0 0
0 0 0 0 0
0 0 0 0 0
0 0 0 0 0
0 0 0 0 0
0 0 0 0 0
0 0 0 0 0
0 0 0 0 0
0 0 0 0 0
0 0 0 0 0
0 0 0 0 0
0 0 0 0 0
0 0 0 0 0
0 0 0 0 0
0 0 0 0 0
0 0 0 0 0
0 0 0 0 0
0 0 0 0 0
0 0 0 0 0
0 0 0 0 0
0 0 0 0 0
0 0 0 0 0
0 0 0 0 0
0 0 0 0 0
0 0 0 0 0
0 0 0 0 0
0 0 0 0 0
0 0 0 0 0
0 0 0 0 0
0 0 0 0 0
0 0 0 0 0
0 0 0 0 0
0 0 0 0 0
0 0 0 0 0
0 0 0 0 0
0 0 0 0 0
0 0 0 0 0
0 0 0 0 0
0 0 0 0 0
0 0 0 0 0
0 0 0 0 0
0 0 0 0 0
0 0 0 0 0
0 0 0 0 0
0 0 0 0 0
0 0 0 0 0
0 0 0 0 0
0 0 0 0 0
0 0 0 0 0
0 0 0 0 0
0 0 0 0 0
0 0 0 0 0
0 0 0 0 0
0 0 0 0 0
0 0 0 0 0
0 0 0 0 0
0 0 0 0 0
0 0 0 0 0
0 0 0 0 0
0 0 0 0 0
0 0 0 0 0
0 0 0 0 0
0 0 0 0 0
0 0 0 0 0
0 0 0 0 0
0 0 0 0 0
0 0 0 0 0
0 0 0 0 0
0 0 0 0 0
0 0 0 0 0
0 0 0 0 0
0 0 0 0 0
0 0 0 0 0
0 0 0 0 0
0 0 0 0 0
0 0 0 0 0
0 0 0 0 0
0 0 0 0 0
0 0 0 0 0
0 0 0 0 0
0 0 0 0 0
0 0 0 0 0
0 0 0 0 0
0 0 0 0 0
0 0 0 0 0
0 0 0 0 0
0 0 0 0 0
0 0 0 0 0
0 0 0 0 0
0 0 0 0 0
0 0 0 0 0
0 0 0 0 0
0 0 0 0 0
0 0 0 0 0
0 0 0 0 0
0 0 0 0 0
0 0 0 0 0
0 0 0 0 0
0 0 0 0 0
0 0 0 0 0
0 0 0 0 0
0 0 0 0 0
0 0 0 0 0
0 0 0 0 0
0 0 0 0 0
0 0 0 0 0
0 0 0 0 0
0 0 0 0 0
0 0 0 0 0
0 0 0 0 0
0 0 0 0 0
0 0 0 0 0
0 0 0 0 0
0 0 0 0 0
0 0 0 0 0
0 0 0 0 0
0 0 0 0 0
0 0 0 0 0
0 0 0 0 0
0 0 0 0 0
0 0 0 0 0
0 0 0 0 0
0 0 0 0 0
0 0 0 0 0
0 0 0 0 0
0 0 0 0 0
0 0 0 0 0
0 0 0 0 0
0 0 0 0 0
0 0 0 0 0
0 0 0 0 0
0 0 0 0 0
0 0 0 0 0
0 0 0 0 0
0 0 0 0 0
0 0 0 0 0
0 0 0 0 0
0 0 0 0 0
0 0 0 0 0
0 0 0 0 0
0 0 0 0 0
0 0 0 0 0
0 0 0 0 0
0 0 0 0 0
0 0 0 0 0
0 0 0 0 0
0 0 0 0 0
0 0 0 0 0
0 0 0 0 0
0 0 0 0 0
0 0 0 0 0
0 0 0 0 0
0 0 0 0 0
0 0 0 0 0
0 0 0 0 0
0 0 0 0 0
0 0 0 0 0
0 0 0 0 0
0 0 0 0 0
0 0 0 0 0
0 0 0 0 0
0 0 0 0 0
0 0 0 0 0
0 0 0 0 0
0 0 0 0 0
0 0 0 0 0
0 0 0 0 0
0 0 0 0 0
0 0 0 0 0
0 0 0 0 0
0 0 0 0 0
0 0 0 0 0
0 0 0 0 0
0 0 0 0 0
0 0 0 0 0
0 0 0 0 0
0 0 0 0 0
0 0 0 0 0
0 0 0 0 0
0 0 0 0 0
0 0 0 0 0
0 0 0 0 0
0 0 0 0 0
0 0 0 0 0
0 0 0 0 0
0 0 0 0 0
0 0 0 0 0
0 0 0 0 0
0 0 0 0 0
0 0 0 0 0
0 0 0 0 0
0 0 0 0 0
0 0 0 0 0
0 0 0 0 0
0 0 0 0 0
0 0 0 0 0
0 0 0 0 0
0 0 0 0 0
0 0 0 0 0
0 0 0 0 0
0 0 0 0 0
0 0 0 0 0
0 0 0 0 0
0 0 0 0 0
0 0 0 0 0
0 0 0 0 0
0 0 0 0 0
0 0 0 0 0
0 0 0 0 0
0 0 0 0 0
0 0 0 0 0
0 0 0 0 0
0 0 0 0 0
0 0 0 0 0
0 0 0 0 0
0 0 0 0 0
0 0 0 0 0
0 0 0 0 0
0 0 0 0 0
0 0 0 0 0
0 0 0 0 0
0 0 0 0 0
0 0 0 0 0
0 0 0 0 0
0 0 0 0 0
0 0 0 0 0
0 0 0 0 0
0 0 0 0 0
0 0 0 0 0
0 0 0 0 0
0 0 0 0 0
0 0 0 0 0
0 0 0 0 0
0 0 0 0 0
0 0 0 0 0
0 0 0 0 0
0 0 0 0 0
0 0 0 0 0
0 0 0 0 0
0 0 0 0 0
0 0 0 0 0
0 0 0 0 0
0 0 0 0 0
0 0 0 0 0
0 0 0 0 0
0 0 0 0 0
0 0 0 0 0
0 0 0 0 0
0 0 0 0 0
0 0 0 0 0
0 0 0 0 0
0 0 0 0 0
0 0 0 0 0
0 0 0 0 0
0 0 0 0 0
0 0 0 0 0
0 0 0 0 0
0 0 0 0 0
0 0 0 0 0
0 0 0 0 0
0 0 0 0 0
0 0 0 0 0
0 0 0 0 0
0 0 0 0 0
0 0 0 0 0
0 0 0 0 0
0 0 0 0 0
0 0 0 0 0
0 0 0 0 0
0 0 0 0 0
0 0 0 0 0
0 0 0 0 0
0 0 0 0 0
0 0 0 0 0
0 0 0 0 0
0 0 0 0 0
0 0 0 0 0
0 0 0 0 0
0 0 0 0 0
0 0 0 0 0
0 0 0 0 0
0 0 0 0 0
0 0 0 0 0
0 0 0 0 0
0 0 0 0 0
0 0 0 0 0
0 0 0 0 0
0 0 0 0 0
0 0 0 0 0
0 0 0 0 0
0 0 0 0 0
0 0 0 0 0
0 0 0 0 0
0 0 0 0 0
0 0 0 0 0
0 0 0 0 0
0 0 0 0 0
0 0 0 0 0
0 0 0 0 0
0 0 0 0 0
0 0 0 0 0
0 0 0 0 0
0 0 0 0 0
0 0 0 0 0
0 0 0 0 0
0 0 0 0 0
0 0 0 0 0
0 0 0 0 0
0 0 0 0 0
0 0 0 0 0
0 0 0 0 0
0 0 0 0 0
0 0 0 0 0
0 0 0 0 0
0 0 0 0 0
0 0 0 0 0
0 0 0 0 0
0 0 0 0 0
0 0 0 0 0
0 0 0 0 0
0 0 0 0 0
0 0 0 0 0
0 0 0 0 0
0 0 0 0 0
0 0 0 0 0
0 0 0 0 0
0 0 0 0 0
0 0 0 0 0
0 0 0 0 0
0 0 0 0 0
0 0 0 0 0
0 0 0 0 0
0 0 0 0 0
0 0 0 0 0
0 0 0 0 0
0 0 0 0 0
0 0 0 0 0
0 0 0 0 0
0 0 0 0 0
0 0 0 0 0
0 0 0 0 0
0 0 0 0 0
0 0 0 0 0
0 0 0 0 0
0 0 0 0 0
0 0 0 0 0
0 0 0 0 0
0 0 0 0 0
0 0 0 0 0
0 0 0 0 0
0 0 0 0 0
0 0 0 0 0
0 0 0 0 0
0 0 0 0 0
0 0 0 0 0
0 0 0 0 0
0 0 0 0 0
0 0 0 0 0
0 0 0 0 0
0 0 0 0 0
0 0 0 0 0
0 0 0 0 0
0 0 0 0 0
0 0 0 0 0
0 0 0 0 0
0 0 0 0 0
0 0 0 0 0
0 0 0 0 0
0 0 0 0 0
0 0 0 0 0
0 0 0 0 0
0 0 0 0 0
0 0 0 0 0
0 0 0 0 0
0 0 0 0 0
0 0 0 0 0
0 0 0 0 0
0 0 0 0 0
0 0 0 0 0
0 0 0 0 0
0 0 0 0 0
0 0 0 0 0
0 0 0 0 0
0 0 0 0 0
0 0 0 0 0
0 0 0 0 0
0 0 0 0 0
0 0 0 0 0
0 0 0 0 0
0 0 0 0 0
0 0 0 0 0
0 0 0 0 0
0 0 0 0 0
0 0 0 0 0
0 0 0 0 0
0 0 0 0 0
0 0 0 0 0
0 0 0 0 0
0 0 0 0 0
0 0 0 0 0
0 0 0 0 0
0 0 0 0 0
0 0 0 0 0
0 0 0 0 0
0 0 0 0 0
0 0 0 0 0
0 0 0 0 0
0 0 0 0 0
0 0 0 0 0
0 0 0 0 0
0 0 0 0 0
0 0 0 0 0
0 0 0 0 0
0 0 0 0 0
0 0 0 0 0
0 0 0 0 0
0 0 0 0 0
0 0 0 0 0
0 0 0 0 0
0 0 0 0 0
0 0 0 0 0
0 0 0 0 0
0 0 0 0 0
0 0 0 0 0
0 0 0 0 0
0 0 0 0 0
0 0 0 0 0
0 0 0 0 0
0 0 0 0 0
0 0 0 0 0
0 0 0 0 0
0 0 0 0 0
0 0 0 0 0
0 0 0 0 0
0 0 0 0 0
0 0 0 0 0
0 0 0 0 0
0 0 0 0 0
0 0 0 0 0
0 0 0 0 0
0 0 0 0 0
0 0 0 0 0
0 0 0 0 0
0 0 0 0 0
0 0 0 0 0
0 0 0 0 0
0 0 0 0 0
0 0 0 0 0
0 0 0 0 0
0 0 0 0 0
0 0 0 0 0
0 0 0 0 0
0 0 0 0 0
0 0 0 0 0
0 0 0 0 0
0 0 0 0 0
0 0 0 0 0
0 0 0 0 0
0 0 0 0 0
0 0 0 0 0
0 0 0 0 0
0 0 0 0 0
0 0 0 0 0
0 0 0 0 0
0 0 0 0 0
0 0 0 0 0
0 0 0 0 0
0 0 0 0 0
0 0 0 0 0
0 0 0 0 0
0 0 0 0 0
0 0 0 0 0
0 0 0 0 0
0 0 0 0 0
0 0 0 0 0
0 0 0 0 0
0 0 0 0 0
0 0 0 0 0
0 0 0 0 0
0 0 0 0 0
0 0 0 0 0
0 0 0 0 0
0 0 0 0 0
0 0 0 0 0
0 0 0 0 0
0 0 0 0 0
0 0 0 0 0
0 0 0 0 0
0 0 0 0 0
0 0 0 0 0
0 0 0 0 0
0 0 0 0 0
0 0 0 0 0
0 0 0 0 0
0 0 0 0 0
0 0 0 0 0
0 0 0 0 0
0 0 0 0 0
0 0 0 0 0
0 0 0 0 0
0 0 0 0 0
0 0 0 0 0
0 0 0 0 0
0 0 0 0 0
0 0 0 0 0
0 0 0 0 0
0 0 0 0 0
0 0 0 0 0
0 0 0 0 0
0 0 0 0 0
0 0 0 0 0
0 0 0 0 0
0 0 0 0 0
0 0 0 0 0
0 0 0 0 0
0 0 0 0 0
0 0 0 0 0
0 0 0 0 0
0 0 0 0 0
0 0 0 0 0
0 0 0 0 0
0 0 0 0 0
0 0 0 0 0
0 0 0 0 0
0 0 0 0 0
0 0 0 0 0
0 0 0 0 0
0 0 0 0 0
0 0 0 0 0
0 0 0 0 0
0 0 0 0 0
0 0 0 0 0
0 0 0 0 0
0 0 0 0 0
0 0 0 0 0
0 0 0 0 0
0 0 0 0 0
0 0 0 0 0
0 0 0 0 0
0 0 0 0 0
0 0 0 0 0
0 0 0 0 0
0 0 0 0 0
0 0 0 0 0
0 0 0 0 0
0 0 0 0 0
0 0 0 0 0
0 0 0 0 0
0 0 0 0 0
0 0 0 0 0
0 0 0 0 0
0 0 0 0 0
0 0 0 0 0
0 0 0 0 0
0 0 0 0 0
0 0 0 0 0
0 0 0 0 0
0 0 0 0 0
0 0 0 0 0
0 0 0 0 0
0 0 0 0 0
0 0 0 0 0
0 0 0 0 0
0 0 0 0 0
0 0 0 0 0
0 0 0 0 0
0 0 0 0 0
0 0 0 0 0
0 0 0 0 0
0 0 0 0 0
0 0 0 0 0
0 0 0 0 0
0 0 0 0 0
0 0 0 0 0
0 0 0 0 0
0 0 0 0 0
0 0 0 0 0
0 0 0 0 0
0 0 0 0 0
0 0 0 0 0
0 0 0 0 0
0 0 0 0 0
0 0 0 0 0
0 0 0 0 0
0 0 0 0 0
0 0 0 0 0
0 0 0 0 0
0 0 0 0 0
0 0 0 0 0
0 0 0 0 0
0 0 0 0 0
0 0 0 0 0
0 0 0 0 0
0 0 0 0 0
0 0 0 0 0
0 0 0 0 0
0 0 0 0 0
0 0 0 0 0
0 0 0 0 0
0 0 0 0 0
0 0 0 0 0
0 0 0 0 0
0 0 0 0 0
0 0 0 0 0
0 0 0 0 0
0 0 0 0 0
0 0 0 0 0
0 0 0 0 0
0 0 0 0 0
0 0 0 0 0
0 0 0 0 0
0 0 0 0 0
0 0 0 0 0
0 0 0 0 0
0 0 0 0 0
0 0 0 0 0
0 0 0 0 0
0 0 0 0 0
0 0 0 0 0
0 0 0 0 0
0 0 0 0 0
0 0 0 0 0
0 0 0 0 0
0 0 0 0 0
0 0 0 0 0
0 0 0 0 0
0 0 0 0 0
0 0 0 0 0
0 0 0 0 0
0 0 0 0 0
0 0 0 0 0
0 0 0 0 0
0 0 0 0 0
0 0 0 0 0
0 0 0 0 0
0 0 0 0 0
0 0 0 0 0
0 0 0 0 0
0 0 0 0 0
0 0 0 0 0
0 0 0 0 0
0 0 0 0 0
0 0 0 0 0
0 0 0 0 0
0 0 0 0 0
0 0 0 0 0
0 0 0 0 0
0 0 0 0 0
0 0 0 0 0
0 0 0 0 0
0 0 0 0 0
0 0 0 0 0
0 0 0 0 0
0 0 0 0 0
0 0 0 0 0
0 0 0 0 0
0 0 0 0 0
0 0 0 0 0
0 0 0 0 0
0 0 0 0 0
0 0 0 0 0
0 0 0 0 0
0 0 0 0 0
0 0 0 0 0
0 0 0 0 0
0 0 0 0 0
0 0 0 0 0
0 0 0 0 0
0 0 0 0 0
0 0 0 0 0
0 0 0 0 0
