STA EM for 4He (S. Patore et al.)
2 4 STA_EM 900 5
1 0.002 0.004 0.006 0.008 0.01 0.012 0.014 0.016 0.018 0.02 0.022 0.024 0.026 0.028 0.03 0.032 0.034 0.036 0.038 0.04 0.042 0.044 0.046 0.048 0.05 0.052 0.054 0.056 0.058 0.06 0.062 0.064 0.066 0.068 0.07 0.072 0.074 0.076 0.078 0.08 0.082 0.084 0.086 0.088 0.09 0.092 0.094 0.096 0.098 0.1 0.102 0.104 0.106 0.108 0.11 0.112 0.114 0.116 0.118 0.12 0.122 0.124 0.126 0.128 0.13 0.132 0.134 0.136 0.138 0.14 0.142 0.144 0.146 0.148 0.15 0.152 0.154 0.156 0.158 0.16 0.162 0.164 0.166 0.168 0.17 0.172 0.174 0.176 0.178 0.18 0.182 0.184 0.186 0.188 0.19 0.192 0.194 0.196 0.198 0.2 0.202 0.204 0.206 0.208 0.21 0.212 0.214 0.216 0.218 0.22 0.222 0.224 0.226 0.228 0.23 0.232 0.234 0.236 0.238 0.24 0.242 0.244 0.246 0.248 0.25 0.252 0.254 0.256 0.258 0.26 0.262 0.264 0.266 0.268 0.27 0.272 0.274 0.276 0.278 0.28 0.282 0.284 0.286 0.288 0.29 0.292 0.294 0.296 0.298 0.3 0.302 0.304 0.306 0.308 0.31 0.312 0.314 0.316 0.318 0.32 0.322 0.324 0.326 0.328 0.33 0.332 0.334 0.336 0.338 0.34 0.342 0.344 0.346 0.348 0.35 0.352 0.354 0.356 0.358 0.36 0.362 0.364 0.366 0.368 0.37 0.372 0.374 0.376 0.378 0.38 0.382 0.384 0.386 0.388 0.39 0.392 0.394 0.396 0.398 0.4 0.402 0.404 0.406 0.408 0.41 0.412 0.414 0.416 0.418 0.42 0.422 0.424 0.426 0.428 0.43 0.432 0.434 0.436 0.438 0.44 0.442 0.444 0.446 0.448 0.45 0.452 0.454 0.456 0.458 0.46 0.462 0.464 0.466 0.468 0.47 0.472 0.474 0.476 0.478 0.48 0.482 0.484 0.486 0.488 0.49 0.492 0.494 0.496 0.498 0.5 0.502 0.504 0.506 0.508 0.51 0.512 0.514 0.516 0.518 0.52 0.522 0.524 0.526 0.528 0.53 0.532 0.534 0.536 0.538 0.54 0.542 0.544 0.546 0.548 0.55 0.552 0.554 0.556 0.558 0.56 0.562 0.564 0.566 0.568 0.57 0.572 0.574 0.576 0.578 0.58 0.582 0.584 0.586 0.588 0.59 0.592 0.594 0.596 0.598 0.6 0.602 0.604 0.606 0.608 0.61 0.612 0.614 0.616 0.618 0.62 0.622 0.624 0.626 0.628 0.63 0.632 0.634 0.636 0.638 0.64 0.642 0.644 0.646 0.648 0.65 0.652 0.654 0.656 0.658 0.66 0.662 0.664 0.666 0.668 0.67 0.672 0.674 0.676 0.678 0.68 0.682 0.684 0.686 0.688 0.69 0.692 0.694 0.696 0.698 0.7 0.702 0.704 0.706 0.708 0.71 0.712 0.714 0.716 0.718 0.72 0.722 0.724 0.726 0.728 0.73 0.732 0.734 0.736 0.738 0.74 0.742 0.744 0.746 0.748 0.75 0.752 0.754 0.756 0.758 0.76 0.762 0.764 0.766 0.768 0.77 0.772 0.774 0.776 0.778 0.78 0.782 0.784 0.786 0.788 0.79 0.792 0.794 0.796 0.798 0.8 0.802 0.804 0.806 0.808 0.81 0.812 0.814 0.816 0.818 0.82 0.822 0.824 0.826 0.828 0.83 0.832 0.834 0.836 0.838 0.84 0.842 0.844 0.846 0.848 0.85 0.852 0.854 0.856 0.858 0.86 0.862 0.864 0.866 0.868 0.87 0.872 0.874 0.876 0.878 0.88 0.882 0.884 0.886 0.888 0.89 0.892 0.894 0.896 0.898 0.9 0.902 0.904 0.906 0.908 0.91 0.912 0.914 0.916 0.918 0.92 0.922 0.924 0.926 0.928 0.93 0.932 0.934 0.936 0.938 0.94 0.942 0.944 0.946 0.948 0.95 0.952 0.954 0.956 0.958 0.96 0.962 0.964 0.966 0.968 0.97 0.972 0.974 0.976 0.978 0.98 0.982 0.984 0.986 0.988 0.99 0.992 0.994 0.996 0.998 1 1.002 1.004 1.006 1.008 1.01 1.012 1.014 1.016 1.018 1.02 1.022 1.024 1.026 1.028 1.03 1.032 1.034 1.036 1.038 1.04 1.042 1.044 1.046 1.048 1.05 1.052 1.054 1.056 1.058 1.06 1.062 1.064 1.066 1.068 1.07 1.072 1.074 1.076 1.078 1.08 1.082 1.084 1.086 1.088 1.09 1.092 1.094 1.096 1.098 1.1 1.102 1.104 1.106 1.108 1.11 1.112 1.114 1.116 1.118 1.12 1.122 1.124 1.126 1.128 1.13 1.132 1.134 1.136 1.138 1.14 1.142 1.144 1.146 1.148 1.15 1.152 1.154 1.156 1.158 1.16 1.162 1.164 1.166 1.168 1.17 1.172 1.174 1.176 1.178 1.18 1.182 1.184 1.186 1.188 1.19 1.192 1.194 1.196 1.198 1.2 1.202 1.204 1.206 1.208 1.21 1.212 1.214 1.216 1.218 1.22 1.222 1.224 1.226 1.228 1.23 1.232 1.234 1.236 1.238 1.24 1.242 1.244 1.246 1.248 1.25 1.252 1.254 1.256 1.258 1.26 1.262 1.264 1.266 1.268 1.27 1.272 1.274 1.276 1.278 1.28 1.282 1.284 1.286 1.288 1.29 1.292 1.294 1.296 1.298 1.3 1.302 1.304 1.306 1.308 1.31 1.312 1.314 1.316 1.318 1.32 1.322 1.324 1.326 1.328 1.33 1.332 1.334 1.336 1.338 1.34 1.342 1.344 1.346 1.348 1.35 1.352 1.354 1.356 1.358 1.36 1.362 1.364 1.366 1.368 1.37 1.372 1.374 1.376 1.378 1.38 1.382 1.384 1.386 1.388 1.39 1.392 1.394 1.396 1.398 1.4 1.402 1.404 1.406 1.408 1.41 1.412 1.414 1.416 1.418 1.42 1.422 1.424 1.426 1.428 1.43 1.432 1.434 1.436 1.438 1.44 1.442 1.444 1.446 1.448 1.45 1.452 1.454 1.456 1.458 1.46 1.462 1.464 1.466 1.468 1.47 1.472 1.474 1.476 1.478 1.48 1.482 1.484 1.486 1.488 1.49 1.492 1.494 1.496 1.498 1.5 1.502 1.504 1.506 1.508 1.51 1.512 1.514 1.516 1.518 1.52 1.522 1.524 1.526 1.528 1.53 1.532 1.534 1.536 1.538 1.54 1.542 1.544 1.546 1.548 1.55 1.552 1.554 1.556 1.558 1.56 1.562 1.564 1.566 1.568 1.57 1.572 1.574 1.576 1.578 1.58 1.582 1.584 1.586 1.588 1.59 1.592 1.594 1.596 1.598 1.6 1.602 1.604 1.606 1.608 1.61 1.612 1.614 1.616 1.618 1.62 1.622 1.624 1.626 1.628 1.63 1.632 1.634 1.636 1.638 1.64 1.642 1.644 1.646 1.648 1.65 1.652 1.654 1.656 1.658 1.66 1.662 1.664 1.666 1.668 1.67 1.672 1.674 1.676 1.678 1.68 1.682 1.684 1.686 1.688 1.69 1.692 1.694 1.696 1.698 1.7 1.702 1.704 1.706 1.708 1.71 1.712 1.714 1.716 1.718 1.72 1.722 1.724 1.726 1.728 1.73 1.732 1.734 1.736 1.738 1.74 1.742 1.744 1.746 1.748 1.75 1.752 1.754 1.756 1.758 1.76 1.762 1.764 1.766 1.768 1.77 1.772 1.774 1.776 1.778 1.78 1.782 1.784 1.786 1.788 1.79 1.792 1.794 1.796 1.798 1.8
1 0.3 0.4 0.5 0.6 0.7
0 0 0 0 0
0 0 0 0 0
0 0 0 0 0
0 0 0 0 0
0 0 0 0 0
7.08207e-06 0 2.99173e-06 0 0
1.78723e-07 0 -1.85707e-05 0 0
1.92145e-08 0 -8.93085e-06 0 0
2.82764e-08 0 5.2175e-06 0 0
1.10871e-07 0 -2.71169e-06 0 0
2.08716e-05 0 9.63626e-06 0 0
5.45688e-07 0 -5.67418e-05 0 0
5.87418e-08 0 -2.72166e-05 0 0
8.62054e-08 0 1.60062e-05 0 0
3.41567e-07 0 -8.42785e-06 0 0
4.6689e-05 0 5.91472e-05 0 0
1.46497e-06 0 -0.000107364 0 0
1.88521e-07 0 -5.99882e-05 0 0
1.97134e-07 0 3.19598e-05 0 0
7.14603e-07 0 -1.81404e-05 0 0
9.15745e-05 0 0.000209251 0 0
3.49281e-06 0 -0.000159574 0 0
5.03021e-07 0 -0.000113459 0 0
3.94927e-07 0 5.27428e-05 0 0
1.26785e-06 0 -3.29447e-05 0 0
0.00016311 0 0.000529789 0 0
7.35469e-06 0 -0.000201836 0 0
1.10186e-06 0 -0.000193575 0 0
7.22453e-07 0 7.9079e-05 0 0
2.06931e-06 0 -5.38505e-05 0 0
0.000269389 0 0.00110991 0 0
1.40176e-05 0 -0.000218537 0 0
2.10096e-06 0 -0.000305649 0 0
1.23164e-06 0 0.000112433 0 0
3.21288e-06 0 -8.17009e-05 0 0
0.000419647 0 0.00207486 0 0
2.48293e-05 0 -0.000181428 0 0
3.66613e-06 0 -0.000454494 0 0
1.98344e-06 0 0.000153671 0 0
4.79765e-06 0 -0.000117137 0 0
0.00062407 0 0.00359634 0 0
4.1618e-05 0 -4.28114e-05 0 0
6.03268e-06 0 -0.000643428 0 0
3.04465e-06 0 0.000202222 0 0
6.91028e-06 0 -0.000160382 0 0
0.000892988 0 0.00589783 0 0
6.67511e-05 0 0.00026981 0 0
9.50847e-06 0 -0.000872124 0 0
4.48628e-06 0 0.000255628 0 0
9.61166e-06 0 -0.000210613 0 0
0.00123565 0 0.0092543 0 0
0.00010315 0 0.00085768 0 0
1.44654e-05 0 -0.00113366 0 0
6.38275e-06 0 0.000309446 0 0
1.29253e-05 0 -0.000265117 0 0
0.00165905 0 0.0139876 0 0
0.000154279 0 0.00185448 0 0
2.13343e-05 0 -0.00141169 0 0
8.80845e-06 0 0.000357237 0 0
1.68208e-05 0 -0.000318721 0 0
0.00216688 0 0.020456 0 0
0.000224088 0 0.00342823 0 0
3.06001e-05 0 -0.00167767 0 0
1.18303e-05 0 0.000390873 0 0
2.11981e-05 0 -0.000363529 0 0
0.00275866 0 0.029037 0 0
0.000316902 0 0.00578033 0 0
4.27951e-05 0 -0.00188862 0 0
1.54993e-05 0 0.000401318 0 0
2.5878e-05 0 -0.000389115 0 0
0.00342917 0 0.0401011 0 0
0.000437245 0 0.00914057 0 0
5.84932e-05 0 -0.00198606 0 0
1.98467e-05 0 0.000380071 0 0
3.06048e-05 0 -0.000383259 0 0
0.0041681 0 0.0539792 0 0
0.000589609 0 0.0137585 0 0
7.83054e-05 0 -0.00189656 0 0
2.48844e-05 0 0.000321172 0 0
3.50625e-05 0 -0.00033329 0 0
0.00496037 0 0.0709273 0 0
0.000778194 0 0.0198915 0 0
0.000102882 0 -0.00153386 0 0
3.06094e-05 0 0.000223444 0 0
3.89038e-05 0 -0.000227906 0 0
0.00578671 0 0.0910931 0 0
0.00100663 0 0.0277917 0 0
0.000132924 0 -0.000802899 0 0
3.7012e-05 0 9.25003e-05 0 0
4.17913e-05 0 -5.92162e-05 0 0
0.00662492 0 0.114488 0 0
0.0012777 0 0.0376914 0 0
0.000169196 0 0.000394993 0 0
4.40873e-05 0 -5.78569e-05 0 0
4.3443e-05 0 0.000175331 0 0
0.00745114 0 0.140968 0 0
0.00159315 0 0.0497913 0 0
0.000212549 0 0.00215602 0 0
5.18488e-05 0 -0.000205182 0 0
4.36767e-05 0 0.000471577 0 0
0.00824148 0 0.170228 0 0
0.00195348 0 0.0642496 0 0
0.000263938 0 0.00456811 0 0
6.03389e-05 0 -0.000319087 0 0
4.24459e-05 0 0.000818194 0 0
0.00897344 0 0.201814 0 0
0.00235788 0 0.0811747 0 0
0.000324426 0 0.00770605 0 0
6.96356e-05 0 -0.000363094 0 0
3.98623e-05 0 0.0011973 0 0
0.00962718 0 0.235138 0 0
0.00280412 0 0.100621 0 0
0.000395182 0 0.0116282 0 0
7.98545e-05 0 -0.000297411 0 0
3.61986e-05 0 0.00158616 0 0
0.0101865 0 0.269512 0 0
0.00328869 0 0.122589 0 0
0.000477461 0 0.0163753 0 0
9.11446e-05 0 -8.22396e-05 0 0
3.18701e-05 0 0.00195971 0 0
0.0106396 0 0.304188 0 0
0.00380678 0 0.147024 0 0
0.000572558 0 0.0219713 0 0
0.00010368 0 0.000318911 0 0
2.73994e-05 0 0.00229356 0 0
0.0109791 0 0.3384 0 0
0.00435251 0 0.173818 0 0
0.000681764 0 0.0284263 0 0
0.000117649 0 0.000936405 0 0
2.3367e-05 0 0.00256685 0 0
0.0112021 0 0.371403 0 0
0.00491906 0 0.202816 0 0
0.000806297 0 0.03574 0 0
0.000133245 0 0.00179252 0 0
2.03553e-05 0 0.00276473 0 0
0.0113101 0 0.402511 0 0
0.00549891 0 0.233818 0 0
0.000947236 0 0.0439069 0 0
0.000150659 0 0.00290061 0 0
1.88929e-05 0 0.00287994 0 0
0.0113079 0 0.431128 0 0
0.00608403 0 0.266582 0 0
0.00110546 0 0.0529198 0 0
0.000170075 0 0.00426535 0 0
1.94071e-05 0 0.00291346 0 0
0.0112036 0 0.456766 0 0
0.00666619 0 0.30083 0 0
0.00128159 0 0.0627735 0 0
0.000191675 0 0.00588398 0 0
2.21883e-05 0 0.00287415 0 0
0.0110074 0 0.47906 0 0
0.00723712 0 0.336251 0 0
0.00147595 0 0.0734674 0 0
0.000215649 0 0.00774825 0 0
2.73712e-05 0 0.00277773 0 0
0.0107309 0 0.497769 0 0
0.00778881 0 0.372509 0 0
0.00168854 0 0.085006 0 0
0.000242209 0 0.00984665 0 0
3.49319e-05 0 0.00264507 0 0
0.0103869 0 0.512775 0 0
0.00831368 0 0.409247 0 0
0.00191905 0 0.0973985 0 0
0.000271602 0 0.0121668 0 0
4.47012e-05 0 0.00250038 0 0
0.00998801 0 0.524072 0 0
0.0088048 0 0.446094 0 0
0.0021668 0 0.110658 0 0
0.000304122 0 0.0146976 0 0
5.63906e-05 0 0.00236923 0 0
0.00954693 0 0.531751 0 0
0.00925604 0 0.482675 0 0
0.00243084 0 0.124799 0 0
0.000340118 0 0.0174307 0 0
6.96276e-05 0 0.00227685 0 0
0.00907551 0 0.535984 0 0
0.00966221 0 0.518614 0 0
0.00270992 0 0.139834 0 0
0.000379993 0 0.0203622 0 0
8.39951e-05 0 0.00224665 0 0
0.00858465 0 0.537005 0 0
0.0100192 0 0.553548 0 0
0.00300254 0 0.155773 0 0
0.000424197 0 0.0234931 0 0
9.90716e-05 0 0.00229904 0 0
0.00808408 0 0.535096 0 0
0.0103238 0 0.587128 0 0
0.003307 0 0.172619 0 0
0.000473209 0 0.0268298 0 0
0.000114467 0 0.00245069 0 0
0.00758228 0 0.530562 0 0
0.0105741 0 0.619031 0 0
0.00362143 0 0.19037 0 0
0.000527523 0 0.0303837 0 0
0.000129855 0 0.00271403 0 0
0.00708636 0 0.523727 0 0
0.0107692 0 0.648962 0 0
0.00394383 0 0.20901 0 0
0.000587614 0 0.0341714 0 0
0.000144992 0 0.00309712 0 0
0.00660218 0 0.514915 0 0
0.0109091 0 0.676664 0 0
0.00427214 0 0.228515 0 0
0.000653919 0 0.0382133 0 0
0.000159737 0 0.0036038 0 0
0.00613437 0 0.504441 0 0
0.0109949 0 0.701916 0 0
0.00460422 0 0.24885 0 0
0.000726813 0 0.0425332 0 0
0.000174053 0 0.00423401 0 0
0.00568645 0 0.492603 0 0
0.0110283 0 0.724542 0 0
0.00493794 0 0.269964 0 0
0.000806585 0 0.0471569 0 0
0.000188003 0 0.00498442 0 0
0.00526093 0 0.47968 0 0
0.011012 0 0.744407 0 0
0.00527122 0 0.291798 0 0
0.000893429 0 0.0521113 0 0
0.000201742 0 0.00584915 0 0
0.00485948 0 0.465926 0 0
0.0109489 0 0.761422 0 0
0.00560199 0 0.314277 0 0
0.000987435 0 0.0574229 0 0
0.000215498 0 0.0068206 0 0
0.00448304 0 0.451567 0 0
0.0108428 0 0.775537 0 0
0.00592827 0 0.337318 0 0
0.00108859 0 0.0631173 0 0
0.000229552 0 0.00789038 0 0
0.00413192 0 0.436803 0 0
0.0106973 0 0.786748 0 0
0.00624817 0 0.360824 0 0
0.00119679 0 0.0692174 0 0
0.000244219 0 0.00905019 0 0
0.00380597 0 0.421808 0 0
0.0105167 0 0.795084 0 0
0.00655992 0 0.384687 0 0
0.00131183 0 0.0757431 0 0
0.00025982 0 0.0102927 0 0
0.00350464 0 0.40673 0 0
0.0103051 0 0.800612 0 0
0.00686184 0 0.408793 0 0
0.00143346 0 0.0827104 0 0
0.000276668 0 0.0116122 0 0
0.00322709 0 0.391695 0 0
0.0100666 0 0.803426 0 0
0.00715241 0 0.433018 0 0
0.00156138 0 0.0901314 0 0
0.000295043 0 0.0130053 0 0
0.00297227 0 0.376807 0 0
0.00980554 0 0.803649 0 0
0.00743022 0 0.457234 0 0
0.00169522 0 0.0980136 0 0
0.000315185 0 0.0144711 0 0
0.00273899 0 0.362151 0 0
0.0095257 0 0.801422 0 0
0.00769401 0 0.481306 0 0
0.00183465 0 0.10636 0 0
0.000337279 0 0.0160117 0 0
0.00252595 0 0.347796 0 0
0.0092309 0 0.796905 0 0
0.00794263 0 0.505101 0 0
0.00197931 0 0.115171 0 0
0.000361454 0 0.017632 0 0
0.00233184 0 0.333796 0 0
0.00892468 0 0.79027 0 0
0.00817512 0 0.528482 0 0
0.00212885 0 0.124442 0 0
0.000387779 0 0.0193392 0 0
0.00215529 0 0.320192 0 0
0.00861029 0 0.781696 0 0
0.00839062 0 0.551316 0 0
0.00228295 0 0.134165 0 0
0.000416271 0 0.021143 0 0
0.001995 0 0.307016 0 0
0.00829072 0 0.771367 0 0
0.0085884 0 0.573474 0 0
0.00244132 0 0.14433 0 0
0.000446898 0 0.0230548 0 0
0.00184965 0 0.29429 0 0
0.00796864 0 0.759469 0 0
0.00876791 0 0.594833 0 0
0.00260369 0 0.154926 0 0
0.00047959 0 0.0250868 0 0
0.00171802 0 0.282028 0 0
0.00764646 0 0.746184 0 0
0.00892869 0 0.615273 0 0
0.0027698 0 0.165937 0 0
0.000514251 0 0.0272519 0 0
0.00159893 0 0.270238 0 0
0.00732628 0 0.731692 0 0
0.00907042 0 0.634688 0 0
0.00293944 0 0.17735 0 0
0.000550769 0 0.0295628 0 0
0.00149126 0 0.258923 0 0
0.00700992 0 0.716165 0 0
0.00919289 0 0.652979 0 0
0.00311239 0 0.189148 0 0
0.000589026 0 0.0320313 0 0
8.89334e-06 0 0.248083 0 0
0.00669893 0 0.699769 0 0
0.00929602 0 0.670056 0 0
0.00328844 0 0.201313 0 0
0.000628909 0 0.0346679 0 0
8.21435e-06 0 0.237711 0 0
0.00639463 0 0.682659 0 0
0.00937983 0 0.685842 0 0
0.00346736 0 0.213827 0 0
0.000670318 0 0.0374814 0 0
7.5773e-06 0 0.227801 0 0
0.00609809 0 0.664982 0 0
0.00944443 0 0.700271 0 0
0.00364894 0 0.226672 0 0
0.000713178 0 0.0404788 0 0
6.98044e-06 0 0.218342 0 0
0.00581018 0 0.646871 0 0
0.00949006 0 0.71329 0 0
0.00383292 0 0.239826 0 0
0.000757437 0 0.0436649 0 0
6.42221e-06 0 0.209323 0 0
0.00553157 0 0.628453 0 0
0.00951702 0 0.724856 0 0
0.00401903 0 0.25327 0 0
0.00080308 0 0.0470424 0 0
5.90074e-06 0 0.20073 0 0
0.00526278 0 0.60984 0 0
0.0095257 0 0.734939 0 0
0.00420697 0 0.266981 0 0
0.000850123 0 0.050612 0 0
5.41362e-06 0 0.192548 0 0
5.31034e-05 0 0.591136 0 0
0.00951658 0 0.743521 0 0
0.00439641 0 0.280934 0 0
0.00089862 0 0.0543726 0 0
4.95774e-06 0 0.184762 0 0
4.93404e-05 0 0.572433 0 0
0.00949021 0 0.750594 0 0
0.00458697 0 0.295105 0 0
0.000948658 0 0.058322 0 0
4.52943e-06 0 0.177357 0 0
4.57916e-05 0 0.553813 0 0
0.00944721 0 0.756161 0 0
0.00477825 0 0.309466 0 0
0.00100036 0 0.0624564 0 0
4.1247e-06 0 0.170315 0 0
4.24528e-05 0 0.53535 0 0
0.00938828 0 0.760236 0 0
0.00496983 0 0.323987 0 0
0.00105386 0 0.0667719 0 0
3.73968e-06 0 0.163621 0 0
3.93188e-05 0 0.517105 0 0
0.00931414 0 0.762842 0 0
0.00516123 0 0.338638 0 0
0.00110935 0 0.0712638 0 0
3.37104e-06 0 0.157259 0 0
3.63827e-05 0 0.499136 0 0
0.00922562 0 0.764012 0 0
0.00535199 0 0.353384 0 0
0.00116699 0 0.075928 0 0
3.01638e-06 0 0.15121 0 0
3.36368e-05 0 0.481488 0 0
0.00912354 0 0.763786 0 0
0.0055416 0 0.36819 0 0
0.00122699 0 0.0807605 0 0
2.67454e-06 0 0.145461 0 0
3.10718e-05 0 0.464203 0 0
0.0090088 0 0.76221 0 0
0.00572957 0 0.383018 0 0
0.00128954 0 0.0857581 0 0
2.34565e-06 0 0.139995 0 0
2.86782e-05 0 0.447313 0 0
0.0088823 0 0.759339 0 0
0.00591536 0 0.397829 0 0
0.00135484 0 0.0909184 0 0
2.03112e-06 0 0.134797 0 0
2.64459e-05 0 0.430846 0 0
0.00874499 0 0.755233 0 0
0.00609848 0 0.412582 0 0
0.00142307 0 0.0962403 0 0
1.73334e-06 0 0.129853 0 0
2.43647e-05 0 0.414823 0 0
0.00859781 0 0.749956 0 0
0.00627838 0 0.427233 0 0
0.00149441 0 0.101723 0 0
1.45532e-06 0 0.125147 0 0
2.24247e-05 0 0.399262 0 0
0.0084417 0 0.743575 0 0
0.00645454 0 0.441739 0 0
0.001569 0 0.107369 0 0
1.20018e-06 0 0.120668 0 0
2.06168e-05 0 0.384174 0 0
0.00827763 0 0.736161 0 0
0.00662645 0 0.456053 0 0
0.00164699 0 0.113178 0 0
9.70704e-07 0 0.116402 0 0
1.89324e-05 0 0.369569 0 0
0.00810652 0 0.727789 0 0
0.00679356 0 0.47013 0 0
0.0017285 0 0.119153 0 0
7.68887e-07 0 0.112337 0 0
1.73636e-05 0 0.355452 0 0
0.00792931 0 0.718531 0 0
0.00695535 0 0.483925 0 0
0.00181361 0 0.125299 0 0
5.95684e-07 0 0.108462 0 0
1.5903e-05 0 0.341825 0 0
0.00774689 0 0.708465 0 0
0.0071113 0 0.497389 0 0
0.00190239 0 0.131617 0 0
4.50854e-07 0 0.104766 0 0
1.45436e-05 0 0.328688 0 0
0.00756014 0 0.697663 0 0
0.00726088 0 0.510479 0 0
0.00199489 0 0.138113 0 0
3.33016e-07 0 0.101239 0 0
1.32786e-05 0 0.316037 0 0
0.00736991 0 0.686201 0 0
0.00740359 0 0.523147 0 0
0.00209113 0 0.14479 0 0
2.39823e-07 0 0.0978708 0 0
1.21014e-05 0 0.303867 0 0
0.00717701 0 0.674152 0 0
0.00753893 0 0.53535 0 0
0.00219109 0 0.151651 0 0
1.68246e-07 0 0.0946536 0 0
1.10054e-05 0 0.292173 0 0
0.00698222 0 0.661588 0 0
0.00766642 0 0.547047 0 0
0.00229476 0 0.1587 0 0
1.14894e-07 0 0.0915786 0 0
9.98408e-06 0 0.280946 0 0
0.00678628 0 0.648577 0 0
0.0077856 0 0.558195 0 0
0.00240206 0 0.165938 0 0
7.63241e-08 0 0.0886379 0 0
9.03107e-06 0 0.270176 0 0
0.00658987 0 0.635187 0 0
0.00789605 0 0.568757 0 0
0.00251293 0 0.173367 0 0
4.92923e-08 0 0.0858244 0 0
8.13994e-06 0 0.259853 0 0
0.00639365 0 0.621481 0 0
0.00799738 0 0.578697 0 0
0.00262727 0 0.180988 0 0
3.09332e-08 0 0.0831311 0 0
7.30434e-06 0 0.249966 0 0
0.00619823 0 0.607519 0 0
0.00808923 0 0.587981 0 0
0.00274495 0 0.188799 0 0
1.8854e-08 0 0.0805516 0 0
6.51817e-06 0 0.240502 0 0
0.00600416 0 0.59336 0 0
0.00817129 0 0.59658 0 0
0.00286583 0 0.196798 0 0
1.11569e-08 0 0.0780798 0 0
5.77576e-06 0 0.231449 0 0
0.00581195 0 0.579059 0 0
0.00824329 0 0.604468 0 0
0.00298976 0 0.204982 0 0
6.40757e-09 0 0.0757101 0 0
5.07236e-06 0 0.222792 0 0
0.00562206 0 0.564665 0 0
0.00830501 0 0.61162 0 0
0.00311655 0 0.213346 0 0
3.57051e-09 0 0.0734369 0 0
4.40447e-06 0 0.214519 0 0
0.00543491 0 0.550226 0 0
0.00835627 0 0.618018 0 0
0.00324602 0 0.221883 0 0
1.92994e-09 0 0.0712553 0 0
3.77031e-06 0 0.206616 0 0
0.00525086 0 0.535786 0 0
0.00839694 0 0.623645 0 0
0.00337795 0 0.230587 0 0
1.01166e-09 0 0.0691605 0 0
3.16997e-06 0 0.199068 0 0
0.00507022 0 0.521386 0 0
0.00842693 0 0.62849 0 0
0.00351212 0 0.239446 0 0
5.14199e-10 0 0.0671478 0 0
2.60532e-06 0 0.191861 0 0
0.00489328 0 0.507063 0 0
0.0084462 0 0.632546 0 0
0.00364829 0 0.248452 0 0
2.53371e-10 0 0.0652131 0 0
2.07968e-06 0 0.184981 0 0
0.00472028 0 0.492852 0 0
0.00845476 0 0.635807 0 0
0.00378621 0 0.257593 0 0
1.21019e-10 0 0.0633521 0 0
1.59705e-06 0 0.178414 0 0
0.00455141 0 0.478782 0 0
0.00845268 0 0.638274 0 0
0.00392561 0 0.266854 0 0
5.60234e-11 0 0.0615611 0 0
1.16133e-06 0 0.172146 0 0
0.00438684 0 0.464883 0 0
0.00844004 0 0.639951 0 0
0.00406621 0 0.276222 0 0
2.5134e-11 0 0.0598364 0 0
7.75437e-07 0 0.166164 0 0
0.0042267 0 0.451179 0 0
0.00841701 0 0.640843 0 0
0.00420772 0 0.285681 0 0
1.09267e-11 0 0.0581745 0 0
4.40604e-07 0 0.160453 0 0
0.00407108 0 0.437692 0 0
0.00838378 0 0.640963 0 0
0.00434983 0 0.295215 0 0
4.60277e-12 0 0.0565722 0 0
1.55974e-07 0 0.155001 0 0
0.00392006 0 0.424443 0 0
0.00834058 0 0.640323 0 0
0.00449225 0 0.304807 0 0
1.87853e-12 0 0.0550265 0 0
-8.14544e-08 0 0.149795 0 0
0.0037737 0 0.411448 0 0
0.00828771 0 0.638942 0 0
0.00463463 0 0.314437 0 0
7.42766e-13 0 0.0535345 0 0
-2.76552e-07 0 0.144821 0 0
0.003632 0 0.398722 0 0
0.00822548 0 0.636839 0 0
0.00477667 0 0.324087 0 0
2.8451e-13 0 0.0520935 0 0
-4.3552e-07 0 0.140069 0 0
0.00349499 0 0.386278 0 0
0.00815425 0 0.634037 0 0
0.00491801 0 0.333736 0 0
1.05568e-13 0 0.0507011 0 0
-5.65221e-07 0 0.135526 0 0
0.00336264 0 0.374126 0 0
0.00807442 0 0.63056 0 0
0.00505832 0 0.343365 0 0
3.7944e-14 0 0.0493549 0 0
-6.72513e-07 0 0.131182 0 0
0.00323493 0 0.362276 0 0
0.00798639 0 0.626436 0 0
0.00519726 0 0.352952 0 0
1.32103e-14 0 0.048053 0 0
-7.63683e-07 0 0.127025 0 0
0.00311183 0 0.350733 0 0
0.00789062 0 0.621693 0 0
0.00533448 0 0.362475 0 0
4.45434e-15 0 0.0467933 0 0
-8.44071e-07 0 0.123045 0 0
0.00299329 0 0.339503 0 0
0.00778758 0 0.616364 0 0
0.00546964 0 0.371913 0 0
1.45432e-15 0 0.0455741 0 0
-9.17878e-07 0 0.119233 0 0
0.00287925 0 0.32859 0 0
0.00767774 0 0.610479 0 0
0.00560239 0 0.381244 0 0
4.59674e-16 0 0.0443938 0 0
-9.88169e-07 0 0.115579 0 0
0.00276965 0 0.317995 0 0
0.00756162 0 0.604072 0 0
0.00573239 0 0.390446 0 0
1.4071e-16 0 0.0432508 0 0
-1.05699e-06 0 0.112074 0 0
0.00266441 0 0.307719 0 0
0.00743972 0 0.597177 0 0
0.00585928 0 0.399496 0 0
4.17852e-17 0 0.0421438 0 0
-1.12556e-06 0 0.108711 0 0
0.00256345 0 0.297762 0 0
0.00731257 0 0.589828 0 0
0.00598274 0 0.408372 0 0
1.20628e-17 0 0.0410715 0 0
-1.19453e-06 0 0.10548 0 0
0.00246669 0 0.288121 0 0
0.0071807 0 0.58206 0 0
0.00610241 0 0.417052 0 0
3.37276e-18 0 0.040033 0 0
-1.26413e-06 0 0.102375 0 0
0.00237402 0 0.278795 0 0
0.00704464 0 0.573909 0 0
0.00621797 0 0.425515 0 0
8.93596e-19 0 0.039027 0 0
-1.33436e-06 0 0.0993888 0 0
0.00228533 0 0.26978 0 0
0.00690492 0 0.565409 0 0
0.0063291 0 0.433739 0 0
2.15302e-19 0 0.0380526 0 0
-1.40514e-06 0 0.0965149 0 0
0.00220052 0 0.261071 0 0
0.00676206 0 0.556594 0 0
0.00643547 0 0.441702 0 0
4.84738e-20 0 0.037109 0 0
-1.47631e-06 0 0.0937472 0 0
0.00211948 0 0.252663 0 0
0.00661656 0 0.5475 0 0
0.00653678 0 0.449385 0 0
1.52628e-20 0 0.0361953 0 0
-1.54773e-06 0 0.0910799 0 0
0.00204207 0 0.24455 0 0
0.00646892 0 0.53816 0 0
0.00663275 0 0.456768 0 0
8.34204e-21 0 0.0353108 0 0
-1.61928e-06 0 0.088508 0 0
0.00196818 0 0.236726 0 0
0.00631962 0 0.528606 0 0
0.00672308 0 0.463831 0 0
3.64595e-21 0 0.0344546 0 0
-1.69082e-06 0 0.0860265 0 0
0.00189769 0 0.229184 0 0
0.0061691 0 0.51887 0 0
0.00680754 0 0.470556 0 0
-1.05941e-23 0 0.033626 0 0
-1.76224e-06 0 0.0836309 0 0
0.00183049 0 0.221917 0 0
0.00601781 0 0.508984 0 0
0.00688587 0 0.476925 0 0
-1.27449e-21 0 0.0328244 0 0
-1.83339e-06 0 0.0813172 0 0
0.00176645 0 0.214917 0 0
0.00586616 0 0.498976 0 0
0.00695787 0 0.482922 0 0
-7.7187e-22 0 0.032049 0 0
-1.90409e-06 0 0.0790815 0 0
0.00170545 0 0.208177 0 0
0.00571454 0 0.488875 0 0
0.00702333 0 0.488531 0 0
3.84068e-23 0 0.0312992 0 0
-1.97411e-06 0 0.0769204 0 0
0.00164738 0 0.201688 0 0
0.00556334 0 0.478707 0 0
0.00708209 0 0.493738 0 0
3.48206e-22 0 0.0305741 0 0
-2.04319e-06 0 0.0748308 0 0
0.0015921 0 0.195442 0 0
0.00541289 0 0.4685 0 0
0.00713398 0 0.49853 0 0
2.11586e-22 0 0.0298731 0 0
-2.11103e-06 0 0.0728096 0 0
0.00153952 0 0.18943 0 0
0.00526352 0 0.458277 0 0
0.00717889 0 0.502894 0 0
-6.66309e-24 0 0.0291954 0 0
-2.17729e-06 0 0.0708545 0 0
0.0014895 0 0.183646 0 0
0.00511554 0 0.44806 0 0
0.0072167 0 0.506821 0 0
-9.21631e-23 0 0.0285403 0 0
-2.24168e-06 0 0.0689628 0 0
0.00144192 0 0.17808 0 0
0.00496923 0 0.43787 0 0
0.00724734 0 0.5103 0 0
-5.7289e-23 0 0.027907 0 0
-2.30392e-06 0 0.0671326 0 0
0.00139666 0 0.172723 0 0
0.00482483 0 0.427729 0 0
0.00727074 0 0.513326 0 0
9.4374e-25 0 0.0272946 0 0
-2.36386e-06 0 0.0653618 0 0
0.00135361 0 0.167568 0 0
0.00468258 0 0.417653 0 0
0.00728688 0 0.51589 0 0
2.438e-23 0 0.0267023 0 0
-2.42143e-06 0 0.0636485 0 0
0.00131265 0 0.162607 0 0
0.00454268 0 0.40766 0 0
0.00729576 0 0.517989 0 0
1.54877e-23 0 0.0261293 0 0
-2.47669e-06 0 0.0619913 0 0
0.00127367 0 0.157832 0 0
0.00440531 0 0.397765 0 0
0.0072974 0 0.51962 0 0
-3.00093e-26 0 0.0255747 0 0
-2.52978e-06 0 0.0603885 0 0
0.00123655 0 0.153234 0 0
0.00427063 0 0.387982 0 0
0.00729186 0 0.520781 0 0
-6.43938e-24 0 0.0250376 0 0
-2.58088e-06 0 0.0588388 0 0
0.0012012 0 0.148807 0 0
0.00413878 0 0.378323 0 0
0.00727921 0 0.521473 0 0
-4.17973e-24 0 0.0245172 0 0
-2.63016e-06 0 0.057341 0 0
0.00116751 0 0.144542 0 0
0.00400989 0 0.368799 0 0
0.00725957 0 0.521698 0 0
-5.08716e-26 0 0.0240125 0 0
-2.67771e-06 0 0.0558937 0 0
0.00113538 0 0.140433 0 0
0.00388404 0 0.359422 0 0
0.00723307 0 0.521459 0 0
1.69812e-24 0 0.0235227 0 0
-2.72347e-06 0 0.054496 0 0
0.00110474 0 0.136473 0 0
0.00376133 0 0.350199 0 0
0.00719986 0 0.520761 0 0
1.12614e-24 0 0.023047 0 0
-2.76723e-06 0 0.0531468 0 0
0.00107549 0 0.132654 0 0
0.00364182 0 0.341137 0 0
0.00716012 0 0.51961 0 0
2.92292e-26 0 0.0225846 0 0
-2.8087e-06 0 0.0518448 0 0
0.00104755 0 0.128971 0 0
0.00352555 0 0.332244 0 0
0.00711404 0 0.518017 0 0
-4.47069e-25 0 0.0221346 0 0
-2.84751e-06 0 0.0505893 0 0
0.00102086 0 0.125417 0 0
0.00341256 0 0.323524 0 0
0.00706184 0 0.515989 0 0
-3.02932e-25 0 0.0216963 0 0
-2.88336e-06 0 0.049379 0 0
0.000995329 0 0.121986 0 0
0.00330288 0 0.314982 0 0
0.00700375 0 0.513538 0 0
-1.19677e-26 0 0.021269 0 0
-2.91612e-06 0 0.048213 0 0
0.000970903 0 0.118672 0 0
0.0031965 0 0.306621 0 0
0.00694001 0 0.510676 0 0
1.17497e-25 0 0.0208521 0 0
-2.94588e-06 0 0.0470901 0 0
0.000947514 0 0.115471 0 0
0.00309342 0 0.298445 0 0
0.00687088 0 0.507417 0 0
8.13638e-26 0 0.0204449 0 0
-2.97303e-06 0 0.0460093 0 0
0.000925096 0 0.112377 0 0
0.00299363 0 0.290455 0 0
0.00679661 0 0.503777 0 0
4.30473e-27 0 0.0200469 0 0
-2.99821e-06 0 0.0449694 0 0
0.000903584 0 0.109385 0 0
0.00289708 0 0.282652 0 0
0.0067175 0 0.49977 0 0
-3.08239e-26 0 0.0196576 0 0
-3.02229e-06 0 0.0439693 0 0
0.000882917 0 0.10649 0 0
0.00280375 0 0.275037 0 0
0.00663383 0 0.495413 0 0
-2.18207e-26 0 0.0192766 0 0
-3.04623e-06 0 0.0430077 0 0
0.000863034 0 0.103689 0 0
0.00271359 0 0.267609 0 0
0.0065459 0 0.490724 0 0
-1.4453e-27 0 0.0189034 0 0
-3.07094e-06 0 0.0420834 0 0
0.000843876 0 0.100977 0 0
0.00262654 0 0.260368 0 0
0.00645401 0 0.485722 0 0
0 0 0 0 0
-3.09718e-06 0 0.0411951 0 0
0.000825388 0 0.0983506 0 0
0.00254255 0 0.253313 0 0
0.00635846 0 0.480425 0 0
0 0 0 0 0
-3.12539e-06 0 0.0403415 0 0
0.00080752 0 0.095806 0 0
0.00246155 0 0.246443 0 0
0.00625957 0 0.474853 0 0
0 0 0 0 0
-3.15567e-06 0 0.0395213 0 0
0.000790228 0 0.0933399 0 0
0.00238348 0 0.239755 0 0
0.00615765 0 0.469026 0 0
0 0 0 0 0
-3.1877e-06 0 0.038733 0 0
0.000773471 0 0.0909495 0 0
0.00230828 0 0.233247 0 0
0.006053 0 0.462964 0 0
0 0 0 0 0
-3.22083e-06 0 0.0379751 0 0
0.000757216 0 0.0886318 0 0
0.00223586 0 0.226916 0 0
0.00594593 0 0.456686 0 0
0 0 0 0 0
-3.25412e-06 0 0.0372464 0 0
0.000741433 0 0.0863842 0 0
0.00216616 0 0.22076 0 0
0.00583675 0 0.450213 0 0
0 0 0 0 0
-3.28651e-06 0 0.0365452 0 0
0.000726098 0 0.0842043 0 0
0.00209908 0 0.214776 0 0
0.00572574 0 0.443566 0 0
0 0 0 0 0
-3.31691e-06 0 0.03587 0 0
0.000711191 0 0.0820899 0 0
0.00203456 0 0.20896 0 0
0.00561321 0 0.436764 0 0
0 0 0 0 0
-3.34436e-06 0 0.0352194 0 0
0.000696694 0 0.080039 0 0
0.0019725 0 0.203308 0 0
0.00549944 0 0.429827 0 0
0 0 0 0 0
-3.36806e-06 0 0.0345919 0 0
0.000682591 0 0.0780496 0 0
0.00191281 0 0.197818 0 0
0.00538471 0 0.422774 0 0
0 0 0 0 0
-3.38744e-06 0 0.0339861 0 0
0.000668869 0 0.0761201 0 0
0.0018554 0 0.192486 0 0
0.0052693 0 0.415625 0 0
0 0 0 0 0
-3.40216e-06 0 0.0334003 0 0
0.000655515 0 0.0742487 0 0
0.00180018 0 0.187308 0 0
0.00515348 0 0.408396 0 0
0 0 0 0 0
-3.41202e-06 0 0.0328333 0 0
0.000642518 0 0.0724341 0 0
0.00174707 0 0.18228 0 0
0.00503751 0 0.401106 0 0
0 0 0 0 0
-3.41696e-06 0 0.0322836 0 0
0.000629867 0 0.0706747 0 0
0.00169598 0 0.177398 0 0
0.00492164 0 0.393772 0 0
0 0 0 0 0
-3.41695e-06 0 0.03175 0 0
0.000617554 0 0.0689693 0 0
0.00164681 0 0.172659 0 0
0.00480612 0 0.38641 0 0
0 0 0 0 0
-3.41201e-06 0 0.0312312 0 0
0.000605571 0 0.0673166 0 0
0.00159949 0 0.168059 0 0
0.00469116 0 0.379036 0 0
0 0 0 0 0
-3.40214e-06 0 0.0307259 0 0
0.000593909 0 0.0657155 0 0
0.00155394 0 0.163595 0 0
0.00457698 0 0.371663 0 0
0 0 0 0 0
-3.38744e-06 0 0.0302331 0 0
0.000582561 0 0.0641647 0 0
0.00151008 0 0.159261 0 0
0.00446378 0 0.364306 0 0
0 0 0 0 0
-3.36808e-06 0 0.0297517 0 0
0.000571521 0 0.0626632 0 0
0.00146784 0 0.155055 0 0
0.00435172 0 0.356978 0 0
0 0 0 0 0
-3.34444e-06 0 0.0292808 0 0
0.000560778 0 0.0612099 0 0
0.00142715 0 0.150974 0 0
0.00424098 0 0.34969 0 0
0 0 0 0 0
-3.31709e-06 0 0.0288194 0 0
0.000550326 0 0.0598037 0 0
0.00138794 0 0.147012 0 0
0.00413169 0 0.342455 0 0
0 0 0 0 0
-3.28686e-06 0 0.0283667 0 0
0.000540154 0 0.0584435 0 0
0.00135016 0 0.143168 0 0
0.00402399 0 0.335281 0 0
0 0 0 0 0
-3.25479e-06 0 0.0279221 0 0
0.000530252 0 0.0571283 0 0
0.00131375 0 0.139437 0 0
0.003918 0 0.328178 0 0
0 0 0 0 0
-3.22204e-06 0 0.0274849 0 0
0.000520609 0 0.055857 0 0
0.00127866 0 0.135817 0 0
0.00381381 0 0.321156 0 0
0 0 0 0 0
-3.18984e-06 0 0.0270545 0 0
0.000511218 0 0.0546283 0 0
0.00124484 0 0.132303 0 0
0.00371151 0 0.314221 0 0
0 0 0 0 0
-3.15932e-06 0 0.0266306 0 0
0.00050207 0 0.0534413 0 0
0.00121224 0 0.128893 0 0
0.0036112 0 0.30738 0 0
0 0 0 0 0
-3.13142e-06 0 0.0262126 0 0
0.000493159 0 0.0522947 0 0
0.0011808 0 0.125583 0 0
0.00351294 0 0.30064 0 0
0 0 0 0 0
-3.10685e-06 0 0.0258003 0 0
0.000484479 0 0.0511872 0 0
0.00115048 0 0.122372 0 0
0.0034168 0 0.294005 0 0
0 0 0 0 0
-3.08597e-06 0 0.0253935 0 0
0.000476027 0 0.0501178 0 0
0.00112123 0 0.119255 0 0
0.00332282 0 0.287481 0 0
0 0 0 0 0
-3.06888e-06 0 0.0249919 0 0
0.000467799 0 0.049085 0 0
0.00109298 0 0.11623 0 0
0.00323105 0 0.28107 0 0
0 0 0 0 0
-3.05538e-06 0 0.0245954 0 0
0.000459788 0 0.0480876 0 0
0.00106568 0 0.113294 0 0
0.00314151 0 0.274776 0 0
0 0 0 0 0
-3.0451e-06 0 0.0242039 0 0
0.000451991 0 0.0471243 0 0
0.00103927 0 0.110445 0 0
0.00305422 0 0.268602 0 0
0 0 0 0 0
-3.03756e-06 0 0.0238175 0 0
0.000444401 0 0.0461937 0 0
0.0010137 0 0.10768 0 0
0.00296921 0 0.262549 0 0
0 0 0 0 0
-3.03221e-06 0 0.0234362 0 0
0.000437011 0 0.0452944 0 0
0.000988909 0 0.104997 0 0
0.00288645 0 0.256619 0 0
0 0 0 0 0
-3.02853e-06 0 0.02306 0 0
0.000429813 0 0.0444252 0 0
0.000964862 0 0.102394 0 0
0.00280596 0 0.250814 0 0
0 0 0 0 0
-3.02606e-06 0 0.0226889 0 0
0.000422799 0 0.0435847 0 0
0.000941518 0 0.0998683 0 0
0.0027277 0 0.245132 0 0
0 0 0 0 0
-3.02438e-06 0 0.0223233 0 0
0.000415958 0 0.0427715 0 0
0.000918846 0 0.0974179 0 0
0.00265167 0 0.239575 0 0
0 0 0 0 0
-3.02316e-06 0 0.0219631 0 0
0.000409283 0 0.0419843 0 0
0.000896823 0 0.095041 0 0
0.00257784 0 0.234142 0 0
0 0 0 0 0
-3.02207e-06 0 0.0216085 0 0
0.000402767 0 0.0412217 0 0
0.000875428 0 0.0927356 0 0
0.00250618 0 0.228831 0 0
0 0 0 0 0
-3.02084e-06 0 0.0212597 0 0
0.000396403 0 0.0404825 0 0
0.000854642 0 0.0904999 0 0
0.00243668 0 0.223644 0 0
0 0 0 0 0
-3.01916e-06 0 0.0209169 0 0
0.000390185 0 0.0397655 0 0
0.000834449 0 0.088332 0 0
0.00236929 0 0.218577 0 0
0 0 0 0 0
-3.01669e-06 0 0.0205802 0 0
0.000384109 0 0.0390693 0 0
0.000814827 0 0.0862304 0 0
0.00230398 0 0.213629 0 0
0 0 0 0 0
-3.01301e-06 0 0.0202497 0 0
0.000378168 0 0.0383931 0 0
0.000795754 0 0.0841934 0 0
0.00224073 0 0.208799 0 0
0 0 0 0 0
-3.00766e-06 0 0.0199257 0 0
0.000372359 0 0.0377354 0 0
0.000777207 0 0.0822193 0 0
0.00217949 0 0.204084 0 0
0 0 0 0 0
-3.00011e-06 0 0.0196082 0 0
0.000366677 0 0.0370955 0 0
0.000759159 0 0.0803067 0 0
0.00212022 0 0.199483 0 0
0 0 0 0 0
-2.98984e-06 0 0.0192973 0 0
0.000361118 0 0.0364723 0 0
0.000741589 0 0.0784541 0 0
0.00206287 0 0.194993 0 0
0 0 0 0 0
-2.97634e-06 0 0.018993 0 0
0.000355677 0 0.0358648 0 0
0.000724473 0 0.0766599 0 0
0.00200738 0 0.190611 0 0
0 0 0 0 0
0.000235979 0 0.0186955 0 0
0.000350352 0 0.0352723 0 0
0.000707796 0 0.0749229 0 0
0.0019537 0 0.186336 0 0
0 0 0 0 0
0.000232957 0 0.0184046 0 0
0.000345139 0 0.0346939 0 0
0.000691545 0 0.0732417 0 0
0.00190176 0 0.182165 0 0
0 0 0 0 0
0.000229914 0 0.0181203 0 0
0.000340034 0 0.034129 0 0
0.000675714 0 0.0716149 0 0
0.00185151 0 0.178095 0 0
0 0 0 0 0
0 0 0 0 0
0.000335033 0 0.033577 0 0
0.000660301 0 0.0700411 0 0
0.00180287 0 0.174123 0 0
0 0 0 0 0
0 0 0 0 0
0.000330128 0 0.0330372 0 0
0.000645308 0 0.0685191 0 0
0.00175579 0 0.170247 0 0
0 0 0 0 0
0 0 0 0 0
0.000325314 0 0.0325091 0 0
0.000630735 0 0.0670476 0 0
0.0017102 0 0.166464 0 0
0 0 0 0 0
0 0 0 0 0
0.000320583 0 0.0319923 0 0
0.000616584 0 0.0656252 0 0
0.00166604 0 0.162771 0 0
0 0 0 0 0
0 0 0 0 0
0.000315926 0 0.0314864 0 0
0.000602852 0 0.0642507 0 0
0.00162327 0 0.159166 0 0
0 0 0 0 0
0 0 0 0 0
0.000311339 0 0.0309912 0 0
0.000589533 0 0.0629228 0 0
0.00158183 0 0.155647 0 0
0 0 0 0 0
0 0 0 0 0
0.000306815 0 0.0305063 0 0
0.000576619 0 0.0616403 0 0
0.00154167 0 0.15221 0 0
0 0 0 0 0
0 0 0 0 0
0.000302353 0 0.0300317 0 0
0.000564099 0 0.0604017 0 0
0.00150276 0 0.148854 0 0
0 0 0 0 0
0 0 0 0 0
0.000297952 0 0.029567 0 0
0.00055196 0 0.0592059 0 0
0.00146505 0 0.145575 0 0
0 0 0 0 0
0 0 0 0 0
0.000293613 0 0.0291123 0 0
0.000540189 0 0.0580516 0 0
0.00142851 0 0.142372 0 0
0 0 0 0 0
0 0 0 0 0
0.000289338 0 0.0286675 0 0
0.000528771 0 0.0569374 0 0
0.00139309 0 0.139241 0 0
0 0 0 0 0
0 0 0 0 0
0.00028513 0 0.0282325 0 0
0.000517696 0 0.0558621 0 0
0.00135875 0 0.136182 0 0
0 0 0 0 0
0 0 0 0 0
0.000280989 0 0.0278074 0 0
0.000506953 0 0.0548244 0 0
0.00132544 0 0.133192 0 0
0 0 0 0 0
0 0 0 0 0
0.000276914 0 0.027392 0 0
0.000496536 0 0.053823 0 0
0.00129313 0 0.130269 0 0
0 0 0 0 0
0 0 0 0 0
0.000272903 0 0.0269865 0 0
0.000486438 0 0.0528566 0 0
0.00126175 0 0.12741 0 0
0 0 0 0 0
0 0 0 0 0
0.000268952 0 0.0265909 0 0
0.000476656 0 0.051924 0 0
0.00123125 0 0.124615 0 0
0 0 0 0 0
0 0 0 0 0
0.000265057 0 0.0262051 0 0
0.000467187 0 0.0510239 0 0
0.0012016 0 0.121882 0 0
0 0 0 0 0
0 0 0 0 0
0.000261213 0 0.0258292 0 0
0.000458027 0 0.050155 0 0
0.00117274 0 0.119208 0 0
0 0 0 0 0
0 0 0 0 0
0.000257421 0 0.0254632 0 0
0.000449178 0 0.0493161 0 0
0.00114465 0 0.116593 0 0
0 0 0 0 0
0 0 0 0 0
0.000253683 0 0.025107 0 0
0.000440637 0 0.0485059 0 0
0.00111729 0 0.114035 0 0
0 0 0 0 0
0 0 0 0 0
0.000250003 0 0.0247607 0 0
0.000432407 0 0.0477232 0 0
0.00109065 0 0.111533 0 0
0 0 0 0 0
0 0 0 0 0
0.00024639 0 0.0244243 0 0
0.000424486 0 0.0469668 0 0
0.00106471 0 0.109085 0 0
0 0 0 0 0
0 0 0 0 0
0.000242855 0 0.0240975 0 0
0.000416876 0 0.0462356 0 0
0.00103947 0 0.106692 0 0
0 0 0 0 0
0 0 0 0 0
0.000239409 0 0.0237805 0 0
0.000409575 0 0.0455283 0 0
0.00101491 0 0.10435 0 0
0 0 0 0 0
0 0 0 0 0
0.000236065 0 0.023473 0 0
0.000402581 0 0.0448439 0 0
0.000991045 0 0.102061 0 0
0 0 0 0 0
0 0 0 0 0
0.000232833 0 0.0231748 0 0
0.000395891 0 0.0441811 0 0
0.000967856 0 0.0998222 0 0
0 0 0 0 0
0 0 0 0 0
0.000229722 0 0.0228859 0 0
0.000389498 0 0.043539 0 0
0.000945333 0 0.0976337 0 0
0 0 0 0 0
0 0 0 0 0
0.000226736 0 0.0226059 0 0
0.000383393 0 0.0429164 0 0
0.00092346 0 0.0954947 0 0
0 0 0 0 0
0 0 0 0 0
0.000223877 0 0.0223346 0 0
0.000377564 0 0.0423124 0 0
0.000902216 0 0.0934046 0 0
0 0 0 0 0
0 0 0 0 0
0.000221144 0 0.0220717 0 0
0.000371995 0 0.0417259 0 0
0.000881578 0 0.091363 0 0
0 0 0 0 0
0 0 0 0 0
0.000218533 0 0.0218168 0 0
0.000366668 0 0.041156 0 0
0.000861516 0 0.0893694 0 0
0 0 0 0 0
0 0 0 0 0
0.00021604 0 0.0215697 0 0
0.000361566 0 0.0406018 0 0
0.000842002 0 0.0874234 0 0
0 0 0 0 0
0 0 0 0 0
0.000213661 0 0.0213299 0 0
0.000356667 0 0.0400625 0 0
0.000823009 0 0.0855247 0 0
0 0 0 0 0
0 0 0 0 0
0.000211392 0 0.0210969 0 0
0.000351951 0 0.0395372 0 0
0.000804511 0 0.0836729 0 0
0 0 0 0 0
0 0 0 0 0
0.000209233 0 0.0208705 0 0
0.000347401 0 0.039025 0 0
0.000786487 0 0.0818679 0 0
0 0 0 0 0
0 0 0 0 0
0.000207181 0 0.0206502 0 0
0.000342998 0 0.0385254 0 0
0.00076892 0 0.0801092 0 0
0 0 0 0 0
0 0 0 0 0
0.000205238 0 0.0204354 0 0
0.000338729 0 0.0380375 0 0
0.000751798 0 0.0783967 0 0
0 0 0 0 0
0 0 0 0 0
0.000203404 0 0.0202258 0 0
0.000334581 0 0.0375606 0 0
0.000735111 0 0.0767301 0 0
0 0 0 0 0
0 0 0 0 0
0.000201678 0 0.0200209 0 0
0.000330548 0 0.0370941 0 0
0.000718854 0 0.075109 0 0
0 0 0 0 0
0 0 0 0 0
0.000200059 0 0.0198202 0 0
0.000326625 0 0.0366375 0 0
0.000703023 0 0.0735334 0 0
0 0 0 0 0
0 0 0 0 0
0.000198544 0 0.0196232 0 0
0.000322808 0 0.03619 0 0
0.000687613 0 0.0720027 0 0
0 0 0 0 0
0 0 0 0 0
0.000197127 0 0.0194293 0 0
0.000319099 0 0.0357511 0 0
0.000672621 0 0.0705167 0 0
0 0 0 0 0
0 0 0 0 0
0.000195799 0 0.0192382 0 0
0.000315501 0 0.0353202 0 0
0.000658045 0 0.0690749 0 0
0 0 0 0 0
0 0 0 0 0
0.000194553 0 0.0190494 0 0
0.000312018 0 0.0348968 0 0
0.000643881 0 0.0676771 0 0
0 0 0 0 0
0 0 0 0 0
0.000193377 0 0.0188622 0 0
0.000308653 0 0.0344805 0 0
0.000630127 0 0.0663226 0 0
0 0 0 0 0
0 0 0 0 0
0.00019226 0 0.0186762 0 0
0.000305407 0 0.0340706 0 0
0.000616776 0 0.0650109 0 0
0 0 0 0 0
0 0 0 0 0
0.000191194 0 0.0184911 0 0
0.000302281 0 0.0336667 0 0
0.000603825 0 0.0637416 0 0
0 0 0 0 0
0 0 0 0 0
0.000190169 0 0.0183062 0 0
0.000299272 0 0.0332685 0 0
0.000591268 0 0.0625139 0 0
0 0 0 0 0
0 0 0 0 0
0.000189177 0 0.0181212 0 0
0.000296372 0 0.0328753 0 0
0.000579099 0 0.0613273 0 0
0 0 0 0 0
0 0 0 0 0
0.000188213 0 0.0179357 0 0
0.000293574 0 0.0324869 0 0
0.00056731 0 0.0601808 0 0
0 0 0 0 0
0 0 0 0 0
0 0 0 0 0
0.000290868 0 0.0321027 0 0
0.000555894 0 0.0590737 0 0
0 0 0 0 0
0 0 0 0 0
0 0 0 0 0
0.000288241 0 0.0317226 0 0
0.000544843 0 0.0580052 0 0
0 0 0 0 0
0 0 0 0 0
0 0 0 0 0
0.00028568 0 0.031346 0 0
0.000534149 0 0.0569742 0 0
0 0 0 0 0
0 0 0 0 0
0 0 0 0 0
0.000283176 0 0.0309726 0 0
0.000523805 0 0.0559798 0 0
0 0 0 0 0
0 0 0 0 0
0 0 0 0 0
0.000280717 0 0.0306022 0 0
0.000513803 0 0.0550209 0 0
0 0 0 0 0
0 0 0 0 0
0 0 0 0 0
0.000278296 0 0.0302343 0 0
0.000504133 0 0.0540963 0 0
0 0 0 0 0
0 0 0 0 0
0 0 0 0 0
0.000275908 0 0.0298686 0 0
0.000494788 0 0.0532049 0 0
0 0 0 0 0
0 0 0 0 0
0 0 0 0 0
0.000273549 0 0.0295048 0 0
0.00048576 0 0.0523455 0 0
0 0 0 0 0
0 0 0 0 0
0 0 0 0 0
0.00027122 0 0.0291426 0 0
0.000477041 0 0.0515167 0 0
0 0 0 0 0
0 0 0 0 0
0 0 0 0 0
0.000268921 0 0.0287817 0 0
0.000468626 0 0.0507174 0 0
0 0 0 0 0
0 0 0 0 0
0 0 0 0 0
0.000266657 0 0.0284217 0 0
0.000460508 0 0.049946 0 0
0 0 0 0 0
0 0 0 0 0
0 0 0 0 0
0.000264431 0 0.0280626 0 0
0.000452685 0 0.0492013 0 0
0 0 0 0 0
0 0 0 0 0
0 0 0 0 0
0.000262245 0 0.0277038 0 0
0.000445155 0 0.0484818 0 0
0 0 0 0 0
0 0 0 0 0
0 0 0 0 0
0.000260101 0 0.0273453 0 0
0.000437919 0 0.0477861 0 0
0 0 0 0 0
0 0 0 0 0
0 0 0 0 0
0.000257999 0 0.0269869 0 0
0.000430976 0 0.0471128 0 0
0 0 0 0 0
0 0 0 0 0
0 0 0 0 0
0.000255935 0 0.0266282 0 0
0.000424325 0 0.0464605 0 0
0 0 0 0 0
0 0 0 0 0
0 0 0 0 0
0.000253903 0 0.0262691 0 0
0.000417964 0 0.0458276 0 0
0 0 0 0 0
0 0 0 0 0
0 0 0 0 0
0.000251894 0 0.0259094 0 0
0.000411885 0 0.0452129 0 0
0 0 0 0 0
0 0 0 0 0
0 0 0 0 0
0.0002499 0 0.025549 0 0
0.000406078 0 0.0446147 0 0
0 0 0 0 0
0 0 0 0 0
0 0 0 0 0
0.00024791 0 0.0251878 0 0
0.000400527 0 0.0440318 0 0
0 0 0 0 0
0 0 0 0 0
0 0 0 0 0
0.000245916 0 0.0248256 0 0
0.000395214 0 0.0434628 0 0
0 0 0 0 0
0 0 0 0 0
0 0 0 0 0
0.000243915 0 0.0244624 0 0
0.000390118 0 0.0429062 0 0
0 0 0 0 0
0 0 0 0 0
0 0 0 0 0
0.000241903 0 0.0240981 0 0
0.000385217 0 0.0423609 0 0
0 0 0 0 0
0 0 0 0 0
0 0 0 0 0
0.000239884 0 0.0237326 0 0
0.000380491 0 0.0418255 0 0
0 0 0 0 0
0 0 0 0 0
0 0 0 0 0
0.000237864 0 0.023366 0 0
0.000375923 0 0.0412989 0 0
0 0 0 0 0
0 0 0 0 0
0 0 0 0 0
0.000235851 0 0.0229982 0 0
0.0003715 0 0.0407798 0 0
0 0 0 0 0
0 0 0 0 0
0 0 0 0 0
0.000233856 0 0.0226293 0 0
0.000367213 0 0.0402671 0 0
0 0 0 0 0
0 0 0 0 0
0 0 0 0 0
0.000231887 0 0.0222594 0 0
0.000363058 0 0.0397598 0 0
0 0 0 0 0
0 0 0 0 0
0 0 0 0 0
0.000229953 0 0.0218884 0 0
0.000359032 0 0.0392568 0 0
0 0 0 0 0
0 0 0 0 0
0 0 0 0 0
0.00022806 0 0.0215165 0 0
0.000355136 0 0.0387573 0 0
0 0 0 0 0
0 0 0 0 0
0 0 0 0 0
0.000226209 0 0.0211438 0 0
0.000351368 0 0.0382602 0 0
0 0 0 0 0
0 0 0 0 0
0 0 0 0 0
0.0002244 0 0.0207704 0 0
0.000347722 0 0.0377648 0 0
0 0 0 0 0
0 0 0 0 0
0 0 0 0 0
0.000222629 0 0.0203964 0 0
0.000344191 0 0.0372703 0 0
0 0 0 0 0
0 0 0 0 0
0 0 0 0 0
0.00022089 0 0.0200221 0 0
0.000340761 0 0.0367761 0 0
0 0 0 0 0
0 0 0 0 0
0 0 0 0 0
0.000219175 0 0.0196475 0 0
0.000337415 0 0.0362814 0 0
0 0 0 0 0
0 0 0 0 0
0 0 0 0 0
0.000217477 0 0.019273 0 0
0.000334135 0 0.0357857 0 0
0 0 0 0 0
0 0 0 0 0
0 0 0 0 0
0.000215787 0 0.0188986 0 0
0.000330898 0 0.0352886 0 0
0 0 0 0 0
0 0 0 0 0
0 0 0 0 0
0.000214096 0 0.0185246 0 0
0.000327688 0 0.0347897 0 0
0 0 0 0 0
0 0 0 0 0
0 0 0 0 0
0.000212398 0 0.0181512 0 0
0.000324488 0 0.0342887 0 0
0 0 0 0 0
0 0 0 0 0
0 0 0 0 0
0.000210683 0 0.0177788 0 0
0.000321289 0 0.0337852 0 0
0 0 0 0 0
0 0 0 0 0
0 0 0 0 0
0.000208944 0 0.0174076 0 0
0.000318085 0 0.033279 0 0
0 0 0 0 0
0 0 0 0 0
0 0 0 0 0
0.000207174 0 0.0170378 0 0
0.000314877 0 0.0327702 0 0
0 0 0 0 0
0 0 0 0 0
0 0 0 0 0
0.000205365 0 0.0166697 0 0
0.000311667 0 0.0322586 0 0
0 0 0 0 0
0 0 0 0 0
0 0 0 0 0
0.00020351 0 0.0163037 0 0
0.000308464 0 0.0317442 0 0
0 0 0 0 0
0 0 0 0 0
0 0 0 0 0
0.000201603 0 0.0159399 0 0
0.000305273 0 0.0312271 0 0
0 0 0 0 0
0 0 0 0 0
0 0 0 0 0
0.00019964 0 0.0155787 0 0
0.0003021 0 0.0307074 0 0
0 0 0 0 0
0 0 0 0 0
0 0 0 0 0
0.000197621 0 0.0152204 0 0
0.000298945 0 0.0301852 0 0
0 0 0 0 0
0 0 0 0 0
0 0 0 0 0
0.000195547 0 0.0148652 0 0
0.000295807 0 0.029661 0 0
0 0 0 0 0
0 0 0 0 0
0 0 0 0 0
0.000193423 0 0.0145134 0 0
0.000292678 0 0.0291348 0 0
0 0 0 0 0
0 0 0 0 0
0 0 0 0 0
0.000191258 0 0.0141653 0 0
0.000289551 0 0.0286071 0 0
0 0 0 0 0
0 0 0 0 0
0 0 0 0 0
0 0 0 0 0
0.000286414 0 0.0280782 0 0
0 0 0 0 0
0 0 0 0 0
0 0 0 0 0
0 0 0 0 0
0.000283257 0 0.0275487 0 0
0 0 0 0 0
0 0 0 0 0
0 0 0 0 0
0 0 0 0 0
0.000280073 0 0.0270188 0 0
0 0 0 0 0
0 0 0 0 0
0 0 0 0 0
0 0 0 0 0
0.000276858 0 0.0264891 0 0
0 0 0 0 0
0 0 0 0 0
0 0 0 0 0
0 0 0 0 0
0.000273613 0 0.0259602 0 0
0 0 0 0 0
0 0 0 0 0
0 0 0 0 0
0 0 0 0 0
0.000270341 0 0.0254324 0 0
0 0 0 0 0
0 0 0 0 0
0 0 0 0 0
0 0 0 0 0
0.00026705 0 0.0249064 0 0
0 0 0 0 0
0 0 0 0 0
0 0 0 0 0
0 0 0 0 0
0.00026375 0 0.0243828 0 0
0 0 0 0 0
0 0 0 0 0
0 0 0 0 0
0 0 0 0 0
0.00026045 0 0.0238619 0 0
0 0 0 0 0
0 0 0 0 0
0 0 0 0 0
0 0 0 0 0
0.000257157 0 0.0233444 0 0
0 0 0 0 0
0 0 0 0 0
0 0 0 0 0
0 0 0 0 0
0.000253874 0 0.0228307 0 0
0 0 0 0 0
0 0 0 0 0
0 0 0 0 0
0 0 0 0 0
0.000250599 0 0.0223213 0 0
0 0 0 0 0
0 0 0 0 0
0 0 0 0 0
0 0 0 0 0
0.000247326 0 0.0218167 0 0
0 0 0 0 0
0 0 0 0 0
0 0 0 0 0
0 0 0 0 0
0.000244045 0 0.0213173 0 0
0 0 0 0 0
0 0 0 0 0
0 0 0 0 0
0 0 0 0 0
0.000240744 0 0.0208235 0 0
0 0 0 0 0
0 0 0 0 0
0 0 0 0 0
0 0 0 0 0
0.000237414 0 0.0203357 0 0
0 0 0 0 0
0 0 0 0 0
0 0 0 0 0
0 0 0 0 0
0.000234046 0 0.0198542 0 0
0 0 0 0 0
0 0 0 0 0
0 0 0 0 0
0 0 0 0 0
0.000230638 0 0.0193795 0 0
0 0 0 0 0
0 0 0 0 0
0 0 0 0 0
0 0 0 0 0
0.000227195 0 0.0189117 0 0
0 0 0 0 0
0 0 0 0 0
0 0 0 0 0
0 0 0 0 0
0.000223731 0 0.0184511 0 0
0 0 0 0 0
0 0 0 0 0
0 0 0 0 0
0 0 0 0 0
0.000220265 0 0.017998 0 0
0 0 0 0 0
0 0 0 0 0
0 0 0 0 0
0 0 0 0 0
0.000216822 0 0.0175526 0 0
0 0 0 0 0
0 0 0 0 0
0 0 0 0 0
0 0 0 0 0
0.000213429 0 0.017115 0 0
0 0 0 0 0
0 0 0 0 0
0 0 0 0 0
0 0 0 0 0
0.000210114 0 0.0166854 0 0
0 0 0 0 0
0 0 0 0 0
0 0 0 0 0
0 0 0 0 0
0.0002069 0 0.0162639 0 0
0 0 0 0 0
0 0 0 0 0
0 0 0 0 0
0 0 0 0 0
0.000203807 0 0.0158507 0 0
0 0 0 0 0
0 0 0 0 0
0 0 0 0 0
0 0 0 0 0
0.000200844 0 0.0154456 0 0
0 0 0 0 0
0 0 0 0 0
0 0 0 0 0
0 0 0 0 0
0.000198018 0 0.0150489 0 0
0 0 0 0 0
0 0 0 0 0
0 0 0 0 0
0 0 0 0 0
0.000195322 0 0.0146605 0 0
0 0 0 0 0
0 0 0 0 0
0 0 0 0 0
0 0 0 0 0
0.000192749 0 0.0142803 0 0
0 0 0 0 0
0 0 0 0 0
0 0 0 0 0
0 0 0 0 0
0.00019028 0 0.0139084 0 0
0 0 0 0 0
0 0 0 0 0
0 0 0 0 0
0 0 0 0 0
0.000187899 0 0.0135447 0 0
0 0 0 0 0
0 0 0 0 0
0 0 0 0 0
0 0 0 0 0
0.000185583 0 0.0131892 0 0
0 0 0 0 0
0 0 0 0 0
0 0 0 0 0
0 0 0 0 0
0.000183313 0 0.0128417 0 0
0 0 0 0 0
0 0 0 0 0
0 0 0 0 0
0 0 0 0 0
0.000181071 0 0.0125022 0 0
0 0 0 0 0
0 0 0 0 0
0 0 0 0 0
0 0 0 0 0
0.000178841 0 0.0121707 0 0
0 0 0 0 0
0 0 0 0 0
0 0 0 0 0
0 0 0 0 0
0.000176614 0 0.011847 0 0
0 0 0 0 0
0 0 0 0 0
0 0 0 0 0
0 0 0 0 0
0.000174384 0 0.0115312 0 0
0 0 0 0 0
0 0 0 0 0
0 0 0 0 0
0 0 0 0 0
0.000172148 0 0.0112231 0 0
0 0 0 0 0
0 0 0 0 0
0 0 0 0 0
0 0 0 0 0
0.00016991 0 0.0109228 0 0
0 0 0 0 0
0 0 0 0 0
0 0 0 0 0
0 0 0 0 0
0.000167673 0 0.0106303 0 0
0 0 0 0 0
0 0 0 0 0
0 0 0 0 0
0 0 0 0 0
0.000165447 0 0.0103454 0 0
0 0 0 0 0
0 0 0 0 0
0 0 0 0 0
0 0 0 0 0
0.00016324 0 0.0100682 0 0
0 0 0 0 0
0 0 0 0 0
0 0 0 0 0
0 0 0 0 0
0.000161062 0 0.00979869 0 0
0 0 0 0 0
0 0 0 0 0
0 0 0 0 0
0 0 0 0 0
0.000158922 0 0.00953683 0 0
0 0 0 0 0
0 0 0 0 0
0 0 0 0 0
0 0 0 0 0
0.000156829 0 0.00928261 0 0
0 0 0 0 0
0 0 0 0 0
0 0 0 0 0
0 0 0 0 0
0.00015479 0 0.00903604 0 0
0 0 0 0 0
0 0 0 0 0
0 0 0 0 0
0 0 0 0 0
0.000152812 0 0.0087971 0 0
0 0 0 0 0
0 0 0 0 0
0 0 0 0 0
0 0 0 0 0
0.000150899 0 0.00856581 0 0
0 0 0 0 0
0 0 0 0 0
0 0 0 0 0
0 0 0 0 0
0.000149053 0 0.00834216 0 0
0 0 0 0 0
0 0 0 0 0
0 0 0 0 0
0 0 0 0 0
0 0 0 0 0
0 0 0 0 0
0 0 0 0 0
0 0 0 0 0
0 0 0 0 0
0 0 0 0 0
0 0 0 0 0
0 0 0 0 0
0 0 0 0 0
0 0 0 0 0
0 0 0 0 0
0 0 0 0 0
0 0 0 0 0
0 0 0 0 0
0 0 0 0 0
0 0 0 0 0
0 0 0 0 0
0 0 0 0 0
0 0 0 0 0
0 0 0 0 0
0 0 0 0 0
0 0 0 0 0
0 0 0 0 0
0 0 0 0 0
0 0 0 0 0
0 0 0 0 0
0 0 0 0 0
0 0 0 0 0
0 0 0 0 0
0 0 0 0 0
0 0 0 0 0
0 0 0 0 0
0 0 0 0 0
0 0 0 0 0
0 0 0 0 0
0 0 0 0 0
0 0 0 0 0
0 0 0 0 0
0 0 0 0 0
0 0 0 0 0
0 0 0 0 0
0 0 0 0 0
0 0 0 0 0
0 0 0 0 0
0 0 0 0 0
0 0 0 0 0
0 0 0 0 0
0 0 0 0 0
0 0 0 0 0
0 0 0 0 0
0 0 0 0 0
0 0 0 0 0
0 0 0 0 0
0 0 0 0 0
0 0 0 0 0
0 0 0 0 0
0 0 0 0 0
0 0 0 0 0
0 0 0 0 0
0 0 0 0 0
0 0 0 0 0
0 0 0 0 0
0 0 0 0 0
0 0 0 0 0
0 0 0 0 0
0 0 0 0 0
0 0 0 0 0
0 0 0 0 0
0 0 0 0 0
0 0 0 0 0
0 0 0 0 0
0 0 0 0 0
0 0 0 0 0
0 0 0 0 0
0 0 0 0 0
0 0 0 0 0
0 0 0 0 0
0 0 0 0 0
0 0 0 0 0
0 0 0 0 0
0 0 0 0 0
0 0 0 0 0
0 0 0 0 0
0 0 0 0 0
0 0 0 0 0
0 0 0 0 0
0 0 0 0 0
0 0 0 0 0
0 0 0 0 0
0 0 0 0 0
0 0 0 0 0
0 0 0 0 0
0 0 0 0 0
0 0 0 0 0
0 0 0 0 0
0 0 0 0 0
0 0 0 0 0
0 0 0 0 0
0 0 0 0 0
0 0 0 0 0
0 0 0 0 0
0 0 0 0 0
0 0 0 0 0
0 0 0 0 0
0 0 0 0 0
0 0 0 0 0
0 0 0 0 0
0 0 0 0 0
0 0 0 0 0
0 0 0 0 0
0 0 0 0 0
0 0 0 0 0
0 0 0 0 0
0 0 0 0 0
0 0 0 0 0
0 0 0 0 0
0 0 0 0 0
0 0 0 0 0
0 0 0 0 0
0 0 0 0 0
0 0 0 0 0
0 0 0 0 0
0 0 0 0 0
0 0 0 0 0
0 0 0 0 0
0 0 0 0 0
0 0 0 0 0
0 0 0 0 0
0 0 0 0 0
0 0 0 0 0
0 0 0 0 0
0 0 0 0 0
0 0 0 0 0
0 0 0 0 0
0 0 0 0 0
0 0 0 0 0
0 0 0 0 0
0 0 0 0 0
0 0 0 0 0
0 0 0 0 0
0 0 0 0 0
0 0 0 0 0
0 0 0 0 0
0 0 0 0 0
0 0 0 0 0
0 0 0 0 0
0 0 0 0 0
0 0 0 0 0
0 0 0 0 0
0 0 0 0 0
0 0 0 0 0
0 0 0 0 0
0 0 0 0 0
0 0 0 0 0
0 0 0 0 0
0 0 0 0 0
0 0 0 0 0
0 0 0 0 0
0 0 0 0 0
0 0 0 0 0
0 0 0 0 0
0 0 0 0 0
0 0 0 0 0
0 0 0 0 0
0 0 0 0 0
0 0 0 0 0
0 0 0 0 0
0 0 0 0 0
0 0 0 0 0
0 0 0 0 0
0 0 0 0 0
0 0 0 0 0
0 0 0 0 0
0 0 0 0 0
0 0 0 0 0
0 0 0 0 0
0 0 0 0 0
0 0 0 0 0
0 0 0 0 0
0 0 0 0 0
0 0 0 0 0
0 0 0 0 0
0 0 0 0 0
0 0 0 0 0
0 0 0 0 0
0 0 0 0 0
0 0 0 0 0
0 0 0 0 0
0 0 0 0 0
0 0 0 0 0
0 0 0 0 0
0 0 0 0 0
0 0 0 0 0
0 0 0 0 0
0 0 0 0 0
0 0 0 0 0
0 0 0 0 0
0 0 0 0 0
0 0 0 0 0
0 0 0 0 0
0 0 0 0 0
0 0 0 0 0
0 0 0 0 0
0 0 0 0 0
0 0 0 0 0
0 0 0 0 0
0 0 0 0 0
0 0 0 0 0
0 0 0 0 0
0 0 0 0 0
0 0 0 0 0
0 0 0 0 0
0 0 0 0 0
0 0 0 0 0
0 0 0 0 0
0 0 0 0 0
0 0 0 0 0
0 0 0 0 0
0 0 0 0 0
0 0 0 0 0
0 0 0 0 0
0 0 0 0 0
0 0 0 0 0
0 0 0 0 0
0 0 0 0 0
0 0 0 0 0
0 0 0 0 0
0 0 0 0 0
0 0 0 0 0
0 0 0 0 0
0 0 0 0 0
0 0 0 0 0
0 0 0 0 0
0 0 0 0 0
0 0 0 0 0
0 0 0 0 0
0 0 0 0 0
0 0 0 0 0
0 0 0 0 0
0 0 0 0 0
0 0 0 0 0
0 0 0 0 0
0 0 0 0 0
0 0 0 0 0
0 0 0 0 0
0 0 0 0 0
0 0 0 0 0
0 0 0 0 0
0 0 0 0 0
0 0 0 0 0
0 0 0 0 0
0 0 0 0 0
0 0 0 0 0
0 0 0 0 0
0 0 0 0 0
0 0 0 0 0
0 0 0 0 0
0 0 0 0 0
0 0 0 0 0
0 0 0 0 0
0 0 0 0 0
0 0 0 0 0
0 0 0 0 0
0 0 0 0 0
0 0 0 0 0
0 0 0 0 0
0 0 0 0 0
0 0 0 0 0
0 0 0 0 0
0 0 0 0 0
0 0 0 0 0
0 0 0 0 0
0 0 0 0 0
0 0 0 0 0
0 0 0 0 0
0 0 0 0 0
0 0 0 0 0
0 0 0 0 0
0 0 0 0 0
0 0 0 0 0
0 0 0 0 0
0 0 0 0 0
0 0 0 0 0
0 0 0 0 0
0 0 0 0 0
0 0 0 0 0
0 0 0 0 0
0 0 0 0 0
0 0 0 0 0
0 0 0 0 0
0 0 0 0 0
0 0 0 0 0
0 0 0 0 0
0 0 0 0 0
0 0 0 0 0
0 0 0 0 0
0 0 0 0 0
0 0 0 0 0
0 0 0 0 0
0 0 0 0 0
0 0 0 0 0
0 0 0 0 0
0 0 0 0 0
0 0 0 0 0
0 0 0 0 0
0 0 0 0 0
0 0 0 0 0
0 0 0 0 0
0 0 0 0 0
0 0 0 0 0
0 0 0 0 0
0 0 0 0 0
0 0 0 0 0
0 0 0 0 0
0 0 0 0 0
0 0 0 0 0
0 0 0 0 0
0 0 0 0 0
0 0 0 0 0
0 0 0 0 0
0 0 0 0 0
0 0 0 0 0
0 0 0 0 0
0 0 0 0 0
0 0 0 0 0
0 0 0 0 0
0 0 0 0 0
0 0 0 0 0
0 0 0 0 0
0 0 0 0 0
0 0 0 0 0
0 0 0 0 0
0 0 0 0 0
0 0 0 0 0
0 0 0 0 0
0 0 0 0 0
0 0 0 0 0
0 0 0 0 0
0 0 0 0 0
0 0 0 0 0
0 0 0 0 0
0 0 0 0 0
0 0 0 0 0
0 0 0 0 0
0 0 0 0 0
0 0 0 0 0
0 0 0 0 0
0 0 0 0 0
0 0 0 0 0
0 0 0 0 0
0 0 0 0 0
0 0 0 0 0
0 0 0 0 0
0 0 0 0 0
0 0 0 0 0
0 0 0 0 0
0 0 0 0 0
0 0 0 0 0
0 0 0 0 0
0 0 0 0 0
0 0 0 0 0
0 0 0 0 0
0 0 0 0 0
0 0 0 0 0
0 0 0 0 0
0 0 0 0 0
0 0 0 0 0
0 0 0 0 0
0 0 0 0 0
0 0 0 0 0
0 0 0 0 0
0 0 0 0 0
0 0 0 0 0
0 0 0 0 0
0 0 0 0 0
0 0 0 0 0
0 0 0 0 0
0 0 0 0 0
0 0 0 0 0
0 0 0 0 0
0 0 0 0 0
0 0 0 0 0
0 0 0 0 0
0 0 0 0 0
0 0 0 0 0
0 0 0 0 0
0 0 0 0 0
0 0 0 0 0
0 0 0 0 0
0 0 0 0 0
0 0 0 0 0
0 0 0 0 0
0 0 0 0 0
0 0 0 0 0
0 0 0 0 0
0 0 0 0 0
0 0 0 0 0
0 0 0 0 0
0 0 0 0 0
0 0 0 0 0
0 0 0 0 0
0 0 0 0 0
0 0 0 0 0
0 0 0 0 0
0 0 0 0 0
0 0 0 0 0
0 0 0 0 0
0 0 0 0 0
0 0 0 0 0
0 0 0 0 0
0 0 0 0 0
0 0 0 0 0
0 0 0 0 0
0 0 0 0 0
0 0 0 0 0
0 0 0 0 0
0 0 0 0 0
0 0 0 0 0
0 0 0 0 0
0 0 0 0 0
0 0 0 0 0
0 0 0 0 0
0 0 0 0 0
0 0 0 0 0
0 0 0 0 0
0 0 0 0 0
0 0 0 0 0
0 0 0 0 0
0 0 0 0 0
0 0 0 0 0
0 0 0 0 0
0 0 0 0 0
0 0 0 0 0
0 0 0 0 0
0 0 0 0 0
0 0 0 0 0
0 0 0 0 0
0 0 0 0 0
0 0 0 0 0
0 0 0 0 0
0 0 0 0 0
0 0 0 0 0
0 0 0 0 0
0 0 0 0 0
0 0 0 0 0
0 0 0 0 0
0 0 0 0 0
0 0 0 0 0
0 0 0 0 0
0 0 0 0 0
0 0 0 0 0
0 0 0 0 0
0 0 0 0 0
0 0 0 0 0
0 0 0 0 0
0 0 0 0 0
0 0 0 0 0
0 0 0 0 0
0 0 0 0 0
0 0 0 0 0
0 0 0 0 0
0 0 0 0 0
0 0 0 0 0
0 0 0 0 0
0 0 0 0 0
0 0 0 0 0
0 0 0 0 0
0 0 0 0 0
0 0 0 0 0
0 0 0 0 0
0 0 0 0 0
0 0 0 0 0
0 0 0 0 0
0 0 0 0 0
0 0 0 0 0
0 0 0 0 0
0 0 0 0 0
0 0 0 0 0
0 0 0 0 0
0 0 0 0 0
0 0 0 0 0
0 0 0 0 0
0 0 0 0 0
0 0 0 0 0
0 0 0 0 0
0 0 0 0 0
0 0 0 0 0
0 0 0 0 0
0 0 0 0 0
0 0 0 0 0
0 0 0 0 0
0 0 0 0 0
0 0 0 0 0
0 0 0 0 0
0 0 0 0 0
0 0 0 0 0
0 0 0 0 0
0 0 0 0 0
0 0 0 0 0
0 0 0 0 0
0 0 0 0 0
0 0 0 0 0
0 0 0 0 0
0 0 0 0 0
0 0 0 0 0
0 0 0 0 0
0 0 0 0 0
0 0 0 0 0
0 0 0 0 0
0 0 0 0 0
0 0 0 0 0
0 0 0 0 0
0 0 0 0 0
0 0 0 0 0
0 0 0 0 0
0 0 0 0 0
0 0 0 0 0
0 0 0 0 0
0 0 0 0 0
0 0 0 0 0
0 0 0 0 0
0 0 0 0 0
0 0 0 0 0
0 0 0 0 0
0 0 0 0 0
0 0 0 0 0
0 0 0 0 0
0 0 0 0 0
0 0 0 0 0
0 0 0 0 0
0 0 0 0 0
0 0 0 0 0
0 0 0 0 0
0 0 0 0 0
0 0 0 0 0
0 0 0 0 0
0 0 0 0 0
0 0 0 0 0
0 0 0 0 0
0 0 0 0 0
0 0 0 0 0
0 0 0 0 0
0 0 0 0 0
0 0 0 0 0
0 0 0 0 0
0 0 0 0 0
0 0 0 0 0
0 0 0 0 0
0 0 0 0 0
0 0 0 0 0
0 0 0 0 0
0 0 0 0 0
0 0 0 0 0
0 0 0 0 0
0 0 0 0 0
0 0 0 0 0
0 0 0 0 0
0 0 0 0 0
0 0 0 0 0
0 0 0 0 0
0 0 0 0 0
0 0 0 0 0
0 0 0 0 0
0 0 0 0 0
0 0 0 0 0
0 0 0 0 0
0 0 0 0 0
0 0 0 0 0
0 0 0 0 0
0 0 0 0 0
0 0 0 0 0
0 0 0 0 0
0 0 0 0 0
0 0 0 0 0
0 0 0 0 0
0 0 0 0 0
0 0 0 0 0
0 0 0 0 0
0 0 0 0 0
0 0 0 0 0
0 0 0 0 0
0 0 0 0 0
0 0 0 0 0
0 0 0 0 0
0 0 0 0 0
0 0 0 0 0
0 0 0 0 0
0 0 0 0 0
0 0 0 0 0
0 0 0 0 0
0 0 0 0 0
0 0 0 0 0
0 0 0 0 0
0 0 0 0 0
0 0 0 0 0
0 0 0 0 0
0 0 0 0 0
0 0 0 0 0
0 0 0 0 0
0 0 0 0 0
0 0 0 0 0
0 0 0 0 0
0 0 0 0 0
0 0 0 0 0
0 0 0 0 0
0 0 0 0 0
0 0 0 0 0
0 0 0 0 0
0 0 0 0 0
0 0 0 0 0
0 0 0 0 0
0 0 0 0 0
0 0 0 0 0
0 0 0 0 0
0 0 0 0 0
0 0 0 0 0
0 0 0 0 0
0 0 0 0 0
0 0 0 0 0
0 0 0 0 0
0 0 0 0 0
0 0 0 0 0
0 0 0 0 0
0 0 0 0 0
0 0 0 0 0
0 0 0 0 0
0 0 0 0 0
0 0 0 0 0
0 0 0 0 0
0 0 0 0 0
0 0 0 0 0
0 0 0 0 0
0 0 0 0 0
0 0 0 0 0
0 0 0 0 0
0 0 0 0 0
0 0 0 0 0
0 0 0 0 0
0 0 0 0 0
0 0 0 0 0
0 0 0 0 0
0 0 0 0 0
0 0 0 0 0
0 0 0 0 0
0 0 0 0 0
0 0 0 0 0
0 0 0 0 0
0 0 0 0 0
0 0 0 0 0
0 0 0 0 0
0 0 0 0 0
0 0 0 0 0
0 0 0 0 0
0 0 0 0 0
0 0 0 0 0
0 0 0 0 0
0 0 0 0 0
0 0 0 0 0
0 0 0 0 0
0 0 0 0 0
0 0 0 0 0
0 0 0 0 0
0 0 0 0 0
0 0 0 0 0
0 0 0 0 0
0 0 0 0 0
0 0 0 0 0
0 0 0 0 0
0 0 0 0 0
0 0 0 0 0
0 0 0 0 0
0 0 0 0 0
0 0 0 0 0
0 0 0 0 0
0 0 0 0 0
0 0 0 0 0
0 0 0 0 0
0 0 0 0 0
0 0 0 0 0
0 0 0 0 0
0 0 0 0 0
0 0 0 0 0
0 0 0 0 0
0 0 0 0 0
0 0 0 0 0
0 0 0 0 0
0 0 0 0 0
0 0 0 0 0
0 0 0 0 0
0 0 0 0 0
0 0 0 0 0
0 0 0 0 0
0 0 0 0 0
0 0 0 0 0
0 0 0 0 0
0 0 0 0 0
0 0 0 0 0
0 0 0 0 0
0 0 0 0 0
0 0 0 0 0
0 0 0 0 0
0 0 0 0 0
0 0 0 0 0
0 0 0 0 0
0 0 0 0 0
0 0 0 0 0
0 0 0 0 0
0 0 0 0 0
0 0 0 0 0
0 0 0 0 0
0 0 0 0 0
0 0 0 0 0
0 0 0 0 0
0 0 0 0 0
0 0 0 0 0
0 0 0 0 0
0 0 0 0 0
0 0 0 0 0
0 0 0 0 0
0 0 0 0 0
0 0 0 0 0
0 0 0 0 0
0 0 0 0 0
0 0 0 0 0
0 0 0 0 0
0 0 0 0 0
0 0 0 0 0
0 0 0 0 0
0 0 0 0 0
0 0 0 0 0
0 0 0 0 0
0 0 0 0 0
0 0 0 0 0
0 0 0 0 0
0 0 0 0 0
0 0 0 0 0
0 0 0 0 0
0 0 0 0 0
0 0 0 0 0
0 0 0 0 0
0 0 0 0 0
0 0 0 0 0
0 0 0 0 0
0 0 0 0 0
0 0 0 0 0
0 0 0 0 0
0 0 0 0 0
0 0 0 0 0
0 0 0 0 0
0 0 0 0 0
0 0 0 0 0
0 0 0 0 0
0 0 0 0 0
0 0 0 0 0
0 0 0 0 0
0 0 0 0 0
0 0 0 0 0
0 0 0 0 0
0 0 0 0 0
0 0 0 0 0
0 0 0 0 0
0 0 0 0 0
0 0 0 0 0
0 0 0 0 0
0 0 0 0 0
0 0 0 0 0
0 0 0 0 0
0 0 0 0 0
0 0 0 0 0
0 0 0 0 0
0 0 0 0 0
0 0 0 0 0
0 0 0 0 0
0 0 0 0 0
0 0 0 0 0
0 0 0 0 0
0 0 0 0 0
0 0 0 0 0
0 0 0 0 0
0 0 0 0 0
0 0 0 0 0
0 0 0 0 0
0 0 0 0 0
0 0 0 0 0
0 0 0 0 0
0 0 0 0 0
0 0 0 0 0
0 0 0 0 0
0 0 0 0 0
0 0 0 0 0
0 0 0 0 0
0 0 0 0 0
0 0 0 0 0
0 0 0 0 0
0 0 0 0 0
0 0 0 0 0
0 0 0 0 0
0 0 0 0 0
0 0 0 0 0
0 0 0 0 0
0 0 0 0 0
0 0 0 0 0
0 0 0 0 0
0 0 0 0 0
0 0 0 0 0
0 0 0 0 0
0 0 0 0 0
0 0 0 0 0
0 0 0 0 0
0 0 0 0 0
0 0 0 0 0
0 0 0 0 0
0 0 0 0 0
0 0 0 0 0
0 0 0 0 0
0 0 0 0 0
0 0 0 0 0
0 0 0 0 0
0 0 0 0 0
0 0 0 0 0
0 0 0 0 0
0 0 0 0 0
0 0 0 0 0
0 0 0 0 0
0 0 0 0 0
0 0 0 0 0
0 0 0 0 0
0 0 0 0 0
0 0 0 0 0
0 0 0 0 0
0 0 0 0 0
0 0 0 0 0
0 0 0 0 0
0 0 0 0 0
0 0 0 0 0
0 0 0 0 0
0 0 0 0 0
0 0 0 0 0
0 0 0 0 0
0 0 0 0 0
0 0 0 0 0
0 0 0 0 0
0 0 0 0 0
0 0 0 0 0
0 0 0 0 0
0 0 0 0 0
0 0 0 0 0
0 0 0 0 0
0 0 0 0 0
0 0 0 0 0
0 0 0 0 0
0 0 0 0 0
0 0 0 0 0
0 0 0 0 0
0 0 0 0 0
0 0 0 0 0
0 0 0 0 0
0 0 0 0 0
0 0 0 0 0
0 0 0 0 0
0 0 0 0 0
0 0 0 0 0
0 0 0 0 0
0 0 0 0 0
0 0 0 0 0
0 0 0 0 0
0 0 0 0 0
0 0 0 0 0
0 0 0 0 0
0 0 0 0 0
0 0 0 0 0
0 0 0 0 0
0 0 0 0 0
0 0 0 0 0
0 0 0 0 0
0 0 0 0 0
0 0 0 0 0
0 0 0 0 0
0 0 0 0 0
0 0 0 0 0
0 0 0 0 0
0 0 0 0 0
0 0 0 0 0
0 0 0 0 0
0 0 0 0 0
0 0 0 0 0
0 0 0 0 0
0 0 0 0 0
0 0 0 0 0
0 0 0 0 0
0 0 0 0 0
0 0 0 0 0
0 0 0 0 0
0 0 0 0 0
0 0 0 0 0
0 0 0 0 0
0 0 0 0 0
0 0 0 0 0
0 0 0 0 0
0 0 0 0 0
0 0 0 0 0
0 0 0 0 0
0 0 0 0 0
0 0 0 0 0
0 0 0 0 0
0 0 0 0 0
0 0 0 0 0
0 0 0 0 0
0 0 0 0 0
0 0 0 0 0
0 0 0 0 0
0 0 0 0 0
0 0 0 0 0
0 0 0 0 0
0 0 0 0 0
0 0 0 0 0
0 0 0 0 0
0 0 0 0 0
0 0 0 0 0
0 0 0 0 0
0 0 0 0 0
0 0 0 0 0
0 0 0 0 0
0 0 0 0 0
0 0 0 0 0
0 0 0 0 0
0 0 0 0 0
0 0 0 0 0
0 0 0 0 0
0 0 0 0 0
0 0 0 0 0
0 0 0 0 0
0 0 0 0 0
0 0 0 0 0
0 0 0 0 0
0 0 0 0 0
0 0 0 0 0
0 0 0 0 0
0 0 0 0 0
0 0 0 0 0
0 0 0 0 0
0 0 0 0 0
0 0 0 0 0
0 0 0 0 0
0 0 0 0 0
0 0 0 0 0
0 0 0 0 0
0 0 0 0 0
0 0 0 0 0
0 0 0 0 0
0 0 0 0 0
0 0 0 0 0
0 0 0 0 0
0 0 0 0 0
0 0 0 0 0
0 0 0 0 0
0 0 0 0 0
0 0 0 0 0
0 0 0 0 0
0 0 0 0 0
0 0 0 0 0
0 0 0 0 0
0 0 0 0 0
0 0 0 0 0
0 0 0 0 0
0 0 0 0 0
0 0 0 0 0
0 0 0 0 0
0 0 0 0 0
0 0 0 0 0
0 0 0 0 0
0 0 0 0 0
0 0 0 0 0
0 0 0 0 0
0 0 0 0 0
0 0 0 0 0
0 0 0 0 0
0 0 0 0 0
0 0 0 0 0
0 0 0 0 0
0 0 0 0 0
0 0 0 0 0
0 0 0 0 0
0 0 0 0 0
0 0 0 0 0
0 0 0 0 0
0 0 0 0 0
0 0 0 0 0
0 0 0 0 0
0 0 0 0 0
0 0 0 0 0
0 0 0 0 0
0 0 0 0 0
0 0 0 0 0
0 0 0 0 0
0 0 0 0 0
0 0 0 0 0
0 0 0 0 0
0 0 0 0 0
0 0 0 0 0
0 0 0 0 0
0 0 0 0 0
0 0 0 0 0
0 0 0 0 0
0 0 0 0 0
0 0 0 0 0
0 0 0 0 0
0 0 0 0 0
0 0 0 0 0
0 0 0 0 0
0 0 0 0 0
0 0 0 0 0
0 0 0 0 0
0 0 0 0 0
0 0 0 0 0
0 0 0 0 0
0 0 0 0 0
0 0 0 0 0
0 0 0 0 0
0 0 0 0 0
0 0 0 0 0
0 0 0 0 0
0 0 0 0 0
0 0 0 0 0
0 0 0 0 0
0 0 0 0 0
0 0 0 0 0
0 0 0 0 0
0 0 0 0 0
0 0 0 0 0
0 0 0 0 0
0 0 0 0 0
0 0 0 0 0
0 0 0 0 0
0 0 0 0 0
0 0 0 0 0
0 0 0 0 0
0 0 0 0 0
0 0 0 0 0
0 0 0 0 0
0 0 0 0 0
0 0 0 0 0
0 0 0 0 0
0 0 0 0 0
0 0 0 0 0
0 0 0 0 0
0 0 0 0 0
0 0 0 0 0
0 0 0 0 0
0 0 0 0 0
0 0 0 0 0
0 0 0 0 0
0 0 0 0 0
0 0 0 0 0
0 0 0 0 0
0 0 0 0 0
0 0 0 0 0
0 0 0 0 0
0 0 0 0 0
0 0 0 0 0
0 0 0 0 0
0 0 0 0 0
0 0 0 0 0
0 0 0 0 0
0 0 0 0 0
0 0 0 0 0
0 0 0 0 0
0 0 0 0 0
0 0 0 0 0
0 0 0 0 0
0 0 0 0 0
0 0 0 0 0
0 0 0 0 0
0 0 0 0 0
0 0 0 0 0
0 0 0 0 0
0 0 0 0 0
0 0 0 0 0
0 0 0 0 0
0 0 0 0 0
0 0 0 0 0
0 0 0 0 0
0 0 0 0 0
0 0 0 0 0
0 0 0 0 0
0 0 0 0 0
0 0 0 0 0
0 0 0 0 0
0 0 0 0 0
0 0 0 0 0
0 0 0 0 0
0 0 0 0 0
0 0 0 0 0
0 0 0 0 0
0 0 0 0 0
0 0 0 0 0
0 0 0 0 0
0 0 0 0 0
0 0 0 0 0
0 0 0 0 0
0 0 0 0 0
0 0 0 0 0
0 0 0 0 0
0 0 0 0 0
0 0 0 0 0
0 0 0 0 0
0 0 0 0 0
0 0 0 0 0
0 0 0 0 0
0 0 0 0 0
0 0 0 0 0
0 0 0 0 0
0 0 0 0 0
0 0 0 0 0
0 0 0 0 0
0 0 0 0 0
0 0 0 0 0
0 0 0 0 0
0 0 0 0 0
0 0 0 0 0
0 0 0 0 0
0 0 0 0 0
0 0 0 0 0
0 0 0 0 0
0 0 0 0 0
0 0 0 0 0
0 0 0 0 0
0 0 0 0 0
0 0 0 0 0
0 0 0 0 0
0 0 0 0 0
0 0 0 0 0
0 0 0 0 0
0 0 0 0 0
0 0 0 0 0
0 0 0 0 0
0 0 0 0 0
0 0 0 0 0
0 0 0 0 0
0 0 0 0 0
0 0 0 0 0
0 0 0 0 0
0 0 0 0 0
0 0 0 0 0
0 0 0 0 0
0 0 0 0 0
0 0 0 0 0
0 0 0 0 0
0 0 0 0 0
0 0 0 0 0
0 0 0 0 0
0 0 0 0 0
0 0 0 0 0
0 0 0 0 0
0 0 0 0 0
0 0 0 0 0
0 0 0 0 0
0 0 0 0 0
0 0 0 0 0
0 0 0 0 0
0 0 0 0 0
0 0 0 0 0
0 0 0 0 0
0 0 0 0 0
0 0 0 0 0
0 0 0 0 0
0 0 0 0 0
0 0 0 0 0
0 0 0 0 0
0 0 0 0 0
0 0 0 0 0
0 0 0 0 0
0 0 0 0 0
0 0 0 0 0
0 0 0 0 0
0 0 0 0 0
0 0 0 0 0
0 0 0 0 0
0 0 0 0 0
0 0 0 0 0
0 0 0 0 0
0 0 0 0 0
0 0 0 0 0
0 0 0 0 0
0 0 0 0 0
0 0 0 0 0
0 0 0 0 0
0 0 0 0 0
0 0 0 0 0
0 0 0 0 0
0 0 0 0 0
0 0 0 0 0
0 0 0 0 0
0 0 0 0 0
0 0 0 0 0
0 0 0 0 0
0 0 0 0 0
0 0 0 0 0
0 0 0 0 0
0 0 0 0 0
0 0 0 0 0
0 0 0 0 0
0 0 0 0 0
0 0 0 0 0
0 0 0 0 0
0 0 0 0 0
0 0 0 0 0
0 0 0 0 0
0 0 0 0 0
0 0 0 0 0
0 0 0 0 0
0 0 0 0 0
0 0 0 0 0
0 0 0 0 0
0 0 0 0 0
0 0 0 0 0
0 0 0 0 0
0 0 0 0 0
0 0 0 0 0
0 0 0 0 0
0 0 0 0 0
0 0 0 0 0
0 0 0 0 0
0 0 0 0 0
0 0 0 0 0
0 0 0 0 0
0 0 0 0 0
0 0 0 0 0
0 0 0 0 0
0 0 0 0 0
0 0 0 0 0
0 0 0 0 0
0 0 0 0 0
0 0 0 0 0
0 0 0 0 0
0 0 0 0 0
0 0 0 0 0
0 0 0 0 0
0 0 0 0 0
0 0 0 0 0
0 0 0 0 0
0 0 0 0 0
0 0 0 0 0
0 0 0 0 0
0 0 0 0 0
0 0 0 0 0
0 0 0 0 0
0 0 0 0 0
0 0 0 0 0
0 0 0 0 0
0 0 0 0 0
0 0 0 0 0
0 0 0 0 0
0 0 0 0 0
0 0 0 0 0
0 0 0 0 0
0 0 0 0 0
0 0 0 0 0
0 0 0 0 0
0 0 0 0 0
0 0 0 0 0
0 0 0 0 0
0 0 0 0 0
0 0 0 0 0
0 0 0 0 0
0 0 0 0 0
0 0 0 0 0
0 0 0 0 0
0 0 0 0 0
0 0 0 0 0
0 0 0 0 0
0 0 0 0 0
0 0 0 0 0
0 0 0 0 0
0 0 0 0 0
0 0 0 0 0
0 0 0 0 0
0 0 0 0 0
0 0 0 0 0
0 0 0 0 0
0 0 0 0 0
0 0 0 0 0
0 0 0 0 0
0 0 0 0 0
0 0 0 0 0
0 0 0 0 0
0 0 0 0 0
0 0 0 0 0
0 0 0 0 0
0 0 0 0 0
0 0 0 0 0
0 0 0 0 0
0 0 0 0 0
0 0 0 0 0
0 0 0 0 0
0 0 0 0 0
0 0 0 0 0
0 0 0 0 0
0 0 0 0 0
0 0 0 0 0
0 0 0 0 0
0 0 0 0 0
0 0 0 0 0
0 0 0 0 0
0 0 0 0 0
0 0 0 0 0
0 0 0 0 0
0 0 0 0 0
0 0 0 0 0
0 0 0 0 0
0 0 0 0 0
0 0 0 0 0
0 0 0 0 0
0 0 0 0 0
0 0 0 0 0
0 0 0 0 0
0 0 0 0 0
0 0 0 0 0
0 0 0 0 0
0 0 0 0 0
0 0 0 0 0
0 0 0 0 0
0 0 0 0 0
0 0 0 0 0
0 0 0 0 0
0 0 0 0 0
0 0 0 0 0
0 0 0 0 0
0 0 0 0 0
0 0 0 0 0
0 0 0 0 0
0 0 0 0 0
0 0 0 0 0
0 0 0 0 0
0 0 0 0 0
0 0 0 0 0
0 0 0 0 0
0 0 0 0 0
0 0 0 0 0
0 0 0 0 0
0 0 0 0 0
0 0 0 0 0
0 0 0 0 0
0 0 0 0 0
0 0 0 0 0
0 0 0 0 0
0 0 0 0 0
0 0 0 0 0
0 0 0 0 0
0 0 0 0 0
0 0 0 0 0
0 0 0 0 0
0 0 0 0 0
0 0 0 0 0
0 0 0 0 0
0 0 0 0 0
0 0 0 0 0
0 0 0 0 0
0 0 0 0 0
0 0 0 0 0
0 0 0 0 0
0 0 0 0 0
0 0 0 0 0
0 0 0 0 0
0 0 0 0 0
0 0 0 0 0
0 0 0 0 0
0 0 0 0 0
0 0 0 0 0
0 0 0 0 0
0 0 0 0 0
0 0 0 0 0
0 0 0 0 0
0 0 0 0 0
0 0 0 0 0
0 0 0 0 0
0 0 0 0 0
0 0 0 0 0
0 0 0 0 0
0 0 0 0 0
0 0 0 0 0
0 0 0 0 0
0 0 0 0 0
0 0 0 0 0
0 0 0 0 0
0 0 0 0 0
0 0 0 0 0
0 0 0 0 0
0 0 0 0 0
0 0 0 0 0
0 0 0 0 0
0 0 0 0 0
0 0 0 0 0
0 0 0 0 0
0 0 0 0 0
0 0 0 0 0
0 0 0 0 0
0 0 0 0 0
0 0 0 0 0
0 0 0 0 0
0 0 0 0 0
0 0 0 0 0
0 0 0 0 0
0 0 0 0 0
0 0 0 0 0
0 0 0 0 0
0 0 0 0 0
0 0 0 0 0
0 0 0 0 0
0 0 0 0 0
0 0 0 0 0
0 0 0 0 0
0 0 0 0 0
0 0 0 0 0
0 0 0 0 0
0 0 0 0 0
0 0 0 0 0
0 0 0 0 0
0 0 0 0 0
0 0 0 0 0
0 0 0 0 0
0 0 0 0 0
0 0 0 0 0
0 0 0 0 0
0 0 0 0 0
0 0 0 0 0
0 0 0 0 0
0 0 0 0 0
0 0 0 0 0
0 0 0 0 0
0 0 0 0 0
0 0 0 0 0
0 0 0 0 0
0 0 0 0 0
0 0 0 0 0
0 0 0 0 0
0 0 0 0 0
0 0 0 0 0
0 0 0 0 0
0 0 0 0 0
0 0 0 0 0
0 0 0 0 0
0 0 0 0 0
0 0 0 0 0
0 0 0 0 0
0 0 0 0 0
0 0 0 0 0
0 0 0 0 0
0 0 0 0 0
0 0 0 0 0
0 0 0 0 0
0 0 0 0 0
0 0 0 0 0
0 0 0 0 0
0 0 0 0 0
0 0 0 0 0
0 0 0 0 0
0 0 0 0 0
0 0 0 0 0
0 0 0 0 0
0 0 0 0 0
0 0 0 0 0
0 0 0 0 0
0 0 0 0 0
0 0 0 0 0
0 0 0 0 0
0 0 0 0 0
0 0 0 0 0
0 0 0 0 0
0 0 0 0 0
0 0 0 0 0
0 0 0 0 0
0 0 0 0 0
0 0 0 0 0
0 0 0 0 0
0 0 0 0 0
0 0 0 0 0
0 0 0 0 0
0 0 0 0 0
0 0 0 0 0
0 0 0 0 0
0 0 0 0 0
0 0 0 0 0
0 0 0 0 0
0 0 0 0 0
0 0 0 0 0
0 0 0 0 0
0 0 0 0 0
0 0 0 0 0
0 0 0 0 0
0 0 0 0 0
0 0 0 0 0
0 0 0 0 0
0 0 0 0 0
0 0 0 0 0
0 0 0 0 0
0 0 0 0 0
0 0 0 0 0
0 0 0 0 0
0 0 0 0 0
0 0 0 0 0
0 0 0 0 0
0 0 0 0 0
0 0 0 0 0
0 0 0 0 0
0 0 0 0 0
0 0 0 0 0
0 0 0 0 0
0 0 0 0 0
0 0 0 0 0
0 0 0 0 0
0 0 0 0 0
0 0 0 0 0
0 0 0 0 0
0 0 0 0 0
0 0 0 0 0
0 0 0 0 0
0 0 0 0 0
0 0 0 0 0
0 0 0 0 0
0 0 0 0 0
0 0 0 0 0
0 0 0 0 0
0 0 0 0 0
0 0 0 0 0
0 0 0 0 0
0 0 0 0 0
0 0 0 0 0
0 0 0 0 0
0 0 0 0 0
0 0 0 0 0
0 0 0 0 0
0 0 0 0 0
0 0 0 0 0
0 0 0 0 0
0 0 0 0 0
0 0 0 0 0
0 0 0 0 0
0 0 0 0 0
0 0 0 0 0
0 0 0 0 0
0 0 0 0 0
0 0 0 0 0
0 0 0 0 0
0 0 0 0 0
0 0 0 0 0
0 0 0 0 0
0 0 0 0 0
0 0 0 0 0
0 0 0 0 0
0 0 0 0 0
0 0 0 0 0
0 0 0 0 0
0 0 0 0 0
0 0 0 0 0
0 0 0 0 0
0 0 0 0 0
0 0 0 0 0
0 0 0 0 0
0 0 0 0 0
0 0 0 0 0
0 0 0 0 0
0 0 0 0 0
0 0 0 0 0
0 0 0 0 0
0 0 0 0 0
0 0 0 0 0
0 0 0 0 0
0 0 0 0 0
0 0 0 0 0
0 0 0 0 0
0 0 0 0 0
0 0 0 0 0
0 0 0 0 0
0 0 0 0 0
0 0 0 0 0
0 0 0 0 0
0 0 0 0 0
0 0 0 0 0
0 0 0 0 0
0 0 0 0 0
0 0 0 0 0
0 0 0 0 0
0 0 0 0 0
0 0 0 0 0
0 0 0 0 0
0 0 0 0 0
0 0 0 0 0
0 0 0 0 0
0 0 0 0 0
0 0 0 0 0
0 0 0 0 0
0 0 0 0 0
0 0 0 0 0
0 0 0 0 0
0 0 0 0 0
0 0 0 0 0
0 0 0 0 0
0 0 0 0 0
0 0 0 0 0
0 0 0 0 0
0 0 0 0 0
0 0 0 0 0
0 0 0 0 0
0 0 0 0 0
0 0 0 0 0
0 0 0 0 0
0 0 0 0 0
0 0 0 0 0
0 0 0 0 0
0 0 0 0 0
0 0 0 0 0
0 0 0 0 0
0 0 0 0 0
0 0 0 0 0
0 0 0 0 0
0 0 0 0 0
0 0 0 0 0
0 0 0 0 0
0 0 0 0 0
0 0 0 0 0
0 0 0 0 0
0 0 0 0 0
0 0 0 0 0
0 0 0 0 0
0 0 0 0 0
0 0 0 0 0
0 0 0 0 0
0 0 0 0 0
0 0 0 0 0
0 0 0 0 0
0 0 0 0 0
0 0 0 0 0
0 0 0 0 0
0 0 0 0 0
0 0 0 0 0
0 0 0 0 0
0 0 0 0 0
0 0 0 0 0
0 0 0 0 0
0 0 0 0 0
0 0 0 0 0
0 0 0 0 0
0 0 0 0 0
0 0 0 0 0
0 0 0 0 0
0 0 0 0 0
0 0 0 0 0
0 0 0 0 0
0 0 0 0 0
0 0 0 0 0
0 0 0 0 0
0 0 0 0 0
0 0 0 0 0
0 0 0 0 0
0 0 0 0 0
0 0 0 0 0
0 0 0 0 0
0 0 0 0 0
0 0 0 0 0
0 0 0 0 0
0 0 0 0 0
0 0 0 0 0
0 0 0 0 0
0 0 0 0 0
0 0 0 0 0
0 0 0 0 0
0 0 0 0 0
0 0 0 0 0
0 0 0 0 0
0 0 0 0 0
0 0 0 0 0
0 0 0 0 0
0 0 0 0 0
0 0 0 0 0
0 0 0 0 0
0 0 0 0 0
0 0 0 0 0
0 0 0 0 0
0 0 0 0 0
0 0 0 0 0
0 0 0 0 0
0 0 0 0 0
0 0 0 0 0
0 0 0 0 0
0 0 0 0 0
0 0 0 0 0
0 0 0 0 0
0 0 0 0 0
0 0 0 0 0
0 0 0 0 0
0 0 0 0 0
0 0 0 0 0
0 0 0 0 0
0 0 0 0 0
0 0 0 0 0
0 0 0 0 0
0 0 0 0 0
0 0 0 0 0
0 0 0 0 0
0 0 0 0 0
0 0 0 0 0
0 0 0 0 0
0 0 0 0 0
0 0 0 0 0
0 0 0 0 0
0 0 0 0 0
0 0 0 0 0
0 0 0 0 0
0 0 0 0 0
0 0 0 0 0
0 0 0 0 0
0 0 0 0 0
0 0 0 0 0
0 0 0 0 0
0 0 0 0 0
0 0 0 0 0
0 0 0 0 0
0 0 0 0 0
0 0 0 0 0
0 0 0 0 0
0 0 0 0 0
0 0 0 0 0
0 0 0 0 0
0 0 0 0 0
0 0 0 0 0
0 0 0 0 0
0 0 0 0 0
0 0 0 0 0
0 0 0 0 0
0 0 0 0 0
0 0 0 0 0
0 0 0 0 0
0 0 0 0 0
0 0 0 0 0
0 0 0 0 0
0 0 0 0 0
0 0 0 0 0
0 0 0 0 0
0 0 0 0 0
0 0 0 0 0
0 0 0 0 0
0 0 0 0 0
0 0 0 0 0
0 0 0 0 0
0 0 0 0 0
0 0 0 0 0
0 0 0 0 0
0 0 0 0 0
0 0 0 0 0
0 0 0 0 0
0 0 0 0 0
0 0 0 0 0
0 0 0 0 0
0 0 0 0 0
0 0 0 0 0
0 0 0 0 0
0 0 0 0 0
0 0 0 0 0
0 0 0 0 0
0 0 0 0 0
0 0 0 0 0
0 0 0 0 0
0 0 0 0 0
0 0 0 0 0
0 0 0 0 0
0 0 0 0 0
0 0 0 0 0
0 0 0 0 0
0 0 0 0 0
0 0 0 0 0
0 0 0 0 0
0 0 0 0 0
0 0 0 0 0
0 0 0 0 0
0 0 0 0 0
0 0 0 0 0
0 0 0 0 0
0 0 0 0 0
0 0 0 0 0
0 0 0 0 0
0 0 0 0 0
0 0 0 0 0
0 0 0 0 0
0 0 0 0 0
0 0 0 0 0
0 0 0 0 0
0 0 0 0 0
0 0 0 0 0
0 0 0 0 0
0 0 0 0 0
0 0 0 0 0
0 0 0 0 0
0 0 0 0 0
0 0 0 0 0
0 0 0 0 0
0 0 0 0 0
0 0 0 0 0
0 0 0 0 0
0 0 0 0 0
0 0 0 0 0
0 0 0 0 0
0 0 0 0 0
0 0 0 0 0
0 0 0 0 0
0 0 0 0 0
0 0 0 0 0
0 0 0 0 0
0 0 0 0 0
0 0 0 0 0
0 0 0 0 0
0 0 0 0 0
0 0 0 0 0
0 0 0 0 0
0 0 0 0 0
0 0 0 0 0
0 0 0 0 0
0 0 0 0 0
0 0 0 0 0
0 0 0 0 0
0 0 0 0 0
0 0 0 0 0
0 0 0 0 0
0 0 0 0 0
0 0 0 0 0
0 0 0 0 0
0 0 0 0 0
0 0 0 0 0
0 0 0 0 0
0 0 0 0 0
0 0 0 0 0
0 0 0 0 0
0 0 0 0 0
0 0 0 0 0
0 0 0 0 0
0 0 0 0 0
0 0 0 0 0
0 0 0 0 0
0 0 0 0 0
0 0 0 0 0
0 0 0 0 0
0 0 0 0 0
0 0 0 0 0
0 0 0 0 0
0 0 0 0 0
0 0 0 0 0
0 0 0 0 0
0 0 0 0 0
0 0 0 0 0
0 0 0 0 0
0 0 0 0 0
0 0 0 0 0
0 0 0 0 0
0 0 0 0 0
0 0 0 0 0
0 0 0 0 0
0 0 0 0 0
0 0 0 0 0
0 0 0 0 0
0 0 0 0 0
0 0 0 0 0
0 0 0 0 0
0 0 0 0 0
0 0 0 0 0
0 0 0 0 0
0 0 0 0 0
0 0 0 0 0
0 0 0 0 0
0 0 0 0 0
0 0 0 0 0
0 0 0 0 0
0 0 0 0 0
0 0 0 0 0
0 0 0 0 0
0 0 0 0 0
0 0 0 0 0
0 0 0 0 0
0 0 0 0 0
0 0 0 0 0
0 0 0 0 0
0 0 0 0 0
0 0 0 0 0
0 0 0 0 0
0 0 0 0 0
0 0 0 0 0
0 0 0 0 0
0 0 0 0 0
0 0 0 0 0
0 0 0 0 0
0 0 0 0 0
0 0 0 0 0
0 0 0 0 0
0 0 0 0 0
0 0 0 0 0
0 0 0 0 0
0 0 0 0 0
0 0 0 0 0
0 0 0 0 0
0 0 0 0 0
0 0 0 0 0
0 0 0 0 0
0 0 0 0 0
0 0 0 0 0
0 0 0 0 0
0 0 0 0 0
0 0 0 0 0
0 0 0 0 0
0 0 0 0 0
0 0 0 0 0
0 0 0 0 0
0 0 0 0 0
0 0 0 0 0
0 0 0 0 0
0 0 0 0 0
0 0 0 0 0
0 0 0 0 0
0 0 0 0 0
0 0 0 0 0
0 0 0 0 0
0 0 0 0 0
0 0 0 0 0
0 0 0 0 0
0 0 0 0 0
0 0 0 0 0
0 0 0 0 0
0 0 0 0 0
0 0 0 0 0
0 0 0 0 0
0 0 0 0 0
0 0 0 0 0
0 0 0 0 0
0 0 0 0 0
0 0 0 0 0
0 0 0 0 0
0 0 0 0 0
0 0 0 0 0
0 0 0 0 0
0 0 0 0 0
0 0 0 0 0
0 0 0 0 0
0 0 0 0 0
0 0 0 0 0
0 0 0 0 0
0 0 0 0 0
0 0 0 0 0
0 0 0 0 0
0 0 0 0 0
0 0 0 0 0
0 0 0 0 0
0 0 0 0 0
0 0 0 0 0
0 0 0 0 0
0 0 0 0 0
0 0 0 0 0
0 0 0 0 0
0 0 0 0 0
0 0 0 0 0
0 0 0 0 0
0 0 0 0 0
0 0 0 0 0
0 0 0 0 0
0 0 0 0 0
0 0 0 0 0
0 0 0 0 0
0 0 0 0 0
0 0 0 0 0
0 0 0 0 0
0 0 0 0 0
0 0 0 0 0
0 0 0 0 0
0 0 0 0 0
0 0 0 0 0
0 0 0 0 0
0 0 0 0 0
0 0 0 0 0
0 0 0 0 0
0 0 0 0 0
0 0 0 0 0
0 0 0 0 0
0 0 0 0 0
0 0 0 0 0
0 0 0 0 0
0 0 0 0 0
0 0 0 0 0
0 0 0 0 0
0 0 0 0 0
0 0 0 0 0
0 0 0 0 0
0 0 0 0 0
0 0 0 0 0
0 0 0 0 0
0 0 0 0 0
0 0 0 0 0
0 0 0 0 0
0 0 0 0 0
0 0 0 0 0
0 0 0 0 0
0 0 0 0 0
0 0 0 0 0
0 0 0 0 0
0 0 0 0 0
0 0 0 0 0
0 0 0 0 0
0 0 0 0 0
0 0 0 0 0
0 0 0 0 0
0 0 0 0 0
0 0 0 0 0
0 0 0 0 0
0 0 0 0 0
0 0 0 0 0
0 0 0 0 0
0 0 0 0 0
0 0 0 0 0
0 0 0 0 0
0 0 0 0 0
0 0 0 0 0
0 0 0 0 0
0 0 0 0 0
0 0 0 0 0
0 0 0 0 0
0 0 0 0 0
0 0 0 0 0
0 0 0 0 0
0 0 0 0 0
0 0 0 0 0
0 0 0 0 0
0 0 0 0 0
0 0 0 0 0
0 0 0 0 0
0 0 0 0 0
0 0 0 0 0
0 0 0 0 0
0 0 0 0 0
0 0 0 0 0
0 0 0 0 0
0 0 0 0 0
0 0 0 0 0
0 0 0 0 0
0 0 0 0 0
0 0 0 0 0
0 0 0 0 0
0 0 0 0 0
0 0 0 0 0
0 0 0 0 0
0 0 0 0 0
0 0 0 0 0
0 0 0 0 0
0 0 0 0 0
0 0 0 0 0
0 0 0 0 0
0 0 0 0 0
0 0 0 0 0
0 0 0 0 0
0 0 0 0 0
0 0 0 0 0
0 0 0 0 0
0 0 0 0 0
0 0 0 0 0
0 0 0 0 0
0 0 0 0 0
0 0 0 0 0
0 0 0 0 0
0 0 0 0 0
0 0 0 0 0
0 0 0 0 0
0 0 0 0 0
0 0 0 0 0
0 0 0 0 0
0 0 0 0 0
0 0 0 0 0
0 0 0 0 0
0 0 0 0 0
0 0 0 0 0
0 0 0 0 0
0 0 0 0 0
0 0 0 0 0
0 0 0 0 0
0 0 0 0 0
0 0 0 0 0
0 0 0 0 0
0 0 0 0 0
0 0 0 0 0
0 0 0 0 0
0 0 0 0 0
0 0 0 0 0
0 0 0 0 0
0 0 0 0 0
0 0 0 0 0
0 0 0 0 0
0 0 0 0 0
0 0 0 0 0
0 0 0 0 0
0 0 0 0 0
0 0 0 0 0
0 0 0 0 0
0 0 0 0 0
0 0 0 0 0
0 0 0 0 0
0 0 0 0 0
0 0 0 0 0
0 0 0 0 0
0 0 0 0 0
0 0 0 0 0
0 0 0 0 0
0 0 0 0 0
0 0 0 0 0
0 0 0 0 0
0 0 0 0 0
0 0 0 0 0
0 0 0 0 0
0 0 0 0 0
0 0 0 0 0
0 0 0 0 0
0 0 0 0 0
0 0 0 0 0
0 0 0 0 0
0 0 0 0 0
0 0 0 0 0
0 0 0 0 0
0 0 0 0 0
0 0 0 0 0
0 0 0 0 0
0 0 0 0 0
0 0 0 0 0
0 0 0 0 0
0 0 0 0 0
0 0 0 0 0
0 0 0 0 0
0 0 0 0 0
0 0 0 0 0
0 0 0 0 0
0 0 0 0 0
0 0 0 0 0
0 0 0 0 0
0 0 0 0 0
0 0 0 0 0
0 0 0 0 0
0 0 0 0 0
0 0 0 0 0
0 0 0 0 0
0 0 0 0 0
0 0 0 0 0
0 0 0 0 0
0 0 0 0 0
0 0 0 0 0
0 0 0 0 0
0 0 0 0 0
0 0 0 0 0
0 0 0 0 0
0 0 0 0 0
0 0 0 0 0
0 0 0 0 0
0 0 0 0 0
0 0 0 0 0
0 0 0 0 0
0 0 0 0 0
0 0 0 0 0
0 0 0 0 0
0 0 0 0 0
0 0 0 0 0
0 0 0 0 0
0 0 0 0 0
0 0 0 0 0
0 0 0 0 0
0 0 0 0 0
0 0 0 0 0
0 0 0 0 0
0 0 0 0 0
0 0 0 0 0
0 0 0 0 0
0 0 0 0 0
0 0 0 0 0
0 0 0 0 0
0 0 0 0 0
0 0 0 0 0
0 0 0 0 0
0 0 0 0 0
0 0 0 0 0
0 0 0 0 0
0 0 0 0 0
0 0 0 0 0
0 0 0 0 0
0 0 0 0 0
0 0 0 0 0
0 0 0 0 0
0 0 0 0 0
0 0 0 0 0
0 0 0 0 0
0 0 0 0 0
0 0 0 0 0
0 0 0 0 0
0 0 0 0 0
0 0 0 0 0
0 0 0 0 0
0 0 0 0 0
0 0 0 0 0
0 0 0 0 0
0 0 0 0 0
0 0 0 0 0
0 0 0 0 0
0 0 0 0 0
0 0 0 0 0
0 0 0 0 0
0 0 0 0 0
0 0 0 0 0
0 0 0 0 0
0 0 0 0 0
0 0 0 0 0
0 0 0 0 0
0 0 0 0 0
0 0 0 0 0
0 0 0 0 0
0 0 0 0 0
0 0 0 0 0
0 0 0 0 0
0 0 0 0 0
0 0 0 0 0
0 0 0 0 0
0 0 0 0 0
0 0 0 0 0
0 0 0 0 0
0 0 0 0 0
0 0 0 0 0
0 0 0 0 0
0 0 0 0 0
0 0 0 0 0
0 0 0 0 0
0 0 0 0 0
0 0 0 0 0
0 0 0 0 0
0 0 0 0 0
0 0 0 0 0
0 0 0 0 0
0 0 0 0 0
0 0 0 0 0
0 0 0 0 0
0 0 0 0 0
0 0 0 0 0
0 0 0 0 0
0 0 0 0 0
0 0 0 0 0
0 0 0 0 0
0 0 0 0 0
0 0 0 0 0
0 0 0 0 0
0 0 0 0 0
0 0 0 0 0
0 0 0 0 0
0 0 0 0 0
0 0 0 0 0
0 0 0 0 0
0 0 0 0 0
0 0 0 0 0
0 0 0 0 0
0 0 0 0 0
0 0 0 0 0
0 0 0 0 0
0 0 0 0 0
0 0 0 0 0
0 0 0 0 0
0 0 0 0 0
0 0 0 0 0
0 0 0 0 0
0 0 0 0 0
0 0 0 0 0
0 0 0 0 0
0 0 0 0 0
0 0 0 0 0
0 0 0 0 0
0 0 0 0 0
0 0 0 0 0
0 0 0 0 0
0 0 0 0 0
0 0 0 0 0
0 0 0 0 0
0 0 0 0 0
0 0 0 0 0
0 0 0 0 0
0 0 0 0 0
0 0 0 0 0
0 0 0 0 0
0 0 0 0 0
0 0 0 0 0
0 0 0 0 0
0 0 0 0 0
0 0 0 0 0
0 0 0 0 0
0 0 0 0 0
0 0 0 0 0
0 0 0 0 0
0 0 0 0 0
0 0 0 0 0
0 0 0 0 0
0 0 0 0 0
0 0 0 0 0
0 0 0 0 0
0 0 0 0 0
0 0 0 0 0
0 0 0 0 0
0 0 0 0 0
0 0 0 0 0
0 0 0 0 0
0 0 0 0 0
0 0 0 0 0
0 0 0 0 0
0 0 0 0 0
0 0 0 0 0
0 0 0 0 0
0 0 0 0 0
0 0 0 0 0
0 0 0 0 0
0 0 0 0 0
0 0 0 0 0
0 0 0 0 0
0 0 0 0 0
0 0 0 0 0
0 0 0 0 0
0 0 0 0 0
0 0 0 0 0
0 0 0 0 0
0 0 0 0 0
0 0 0 0 0
0 0 0 0 0
0 0 0 0 0
0 0 0 0 0
0 0 0 0 0
0 0 0 0 0
0 0 0 0 0
0 0 0 0 0
0 0 0 0 0
0 0 0 0 0
0 0 0 0 0
0 0 0 0 0
0 0 0 0 0
0 0 0 0 0
0 0 0 0 0
0 0 0 0 0
0 0 0 0 0
0 0 0 0 0
0 0 0 0 0
0 0 0 0 0
0 0 0 0 0
0 0 0 0 0
0 0 0 0 0
0 0 0 0 0
0 0 0 0 0
0 0 0 0 0
0 0 0 0 0
0 0 0 0 0
0 0 0 0 0
0 0 0 0 0
0 0 0 0 0
0 0 0 0 0
0 0 0 0 0
0 0 0 0 0
0 0 0 0 0
0 0 0 0 0
0 0 0 0 0
0 0 0 0 0
0 0 0 0 0
0 0 0 0 0
0 0 0 0 0
0 0 0 0 0
0 0 0 0 0
0 0 0 0 0
0 0 0 0 0
0 0 0 0 0
0 0 0 0 0
0 0 0 0 0
0 0 0 0 0
0 0 0 0 0
0 0 0 0 0
0 0 0 0 0
0 0 0 0 0
0 0 0 0 0
0 0 0 0 0
0 0 0 0 0
0 0 0 0 0
0 0 0 0 0
0 0 0 0 0
0 0 0 0 0
0 0 0 0 0
0 0 0 0 0
0 0 0 0 0
0 0 0 0 0
0 0 0 0 0
0 0 0 0 0
0 0 0 0 0
0 0 0 0 0
0 0 0 0 0
0 0 0 0 0
0 0 0 0 0
0 0 0 0 0
0 0 0 0 0
0 0 0 0 0
0 0 0 0 0
0 0 0 0 0
0 0 0 0 0
0 0 0 0 0
0 0 0 0 0
0 0 0 0 0
0 0 0 0 0
0 0 0 0 0
0 0 0 0 0
0 0 0 0 0
0 0 0 0 0
0 0 0 0 0
0 0 0 0 0
0 0 0 0 0
0 0 0 0 0
0 0 0 0 0
0 0 0 0 0
0 0 0 0 0
0 0 0 0 0
0 0 0 0 0
0 0 0 0 0
0 0 0 0 0
0 0 0 0 0
0 0 0 0 0
0 0 0 0 0
0 0 0 0 0
0 0 0 0 0
0 0 0 0 0
0 0 0 0 0
0 0 0 0 0
0 0 0 0 0
0 0 0 0 0
0 0 0 0 0
0 0 0 0 0
0 0 0 0 0
0 0 0 0 0
0 0 0 0 0
0 0 0 0 0
0 0 0 0 0
0 0 0 0 0
0 0 0 0 0
0 0 0 0 0
0 0 0 0 0
0 0 0 0 0
0 0 0 0 0
0 0 0 0 0
0 0 0 0 0
0 0 0 0 0
0 0 0 0 0
0 0 0 0 0
0 0 0 0 0
0 0 0 0 0
0 0 0 0 0
0 0 0 0 0
0 0 0 0 0
0 0 0 0 0
0 0 0 0 0
0 0 0 0 0
0 0 0 0 0
0 0 0 0 0
0 0 0 0 0
0 0 0 0 0
0 0 0 0 0
0 0 0 0 0
0 0 0 0 0
0 0 0 0 0
0 0 0 0 0
0 0 0 0 0
0 0 0 0 0
0 0 0 0 0
0 0 0 0 0
0 0 0 0 0
0 0 0 0 0
0 0 0 0 0
0 0 0 0 0
0 0 0 0 0
0 0 0 0 0
0 0 0 0 0
0 0 0 0 0
0 0 0 0 0
0 0 0 0 0
0 0 0 0 0
0 0 0 0 0
0 0 0 0 0
0 0 0 0 0
0 0 0 0 0
0 0 0 0 0
0 0 0 0 0
0 0 0 0 0
0 0 0 0 0
0 0 0 0 0
0 0 0 0 0
0 0 0 0 0
0 0 0 0 0
0 0 0 0 0
0 0 0 0 0
0 0 0 0 0
0 0 0 0 0
0 0 0 0 0
0 0 0 0 0
0 0 0 0 0
0 0 0 0 0
0 0 0 0 0
0 0 0 0 0
0 0 0 0 0
0 0 0 0 0
0 0 0 0 0
0 0 0 0 0
0 0 0 0 0
0 0 0 0 0
0 0 0 0 0
0 0 0 0 0
0 0 0 0 0
0 0 0 0 0
0 0 0 0 0
0 0 0 0 0
0 0 0 0 0
0 0 0 0 0
0 0 0 0 0
0 0 0 0 0
0 0 0 0 0
0 0 0 0 0
0 0 0 0 0
0 0 0 0 0
0 0 0 0 0
0 0 0 0 0
0 0 0 0 0
0 0 0 0 0
0 0 0 0 0
0 0 0 0 0
0 0 0 0 0
0 0 0 0 0
0 0 0 0 0
0 0 0 0 0
0 0 0 0 0
0 0 0 0 0
0 0 0 0 0
0 0 0 0 0
0 0 0 0 0
0 0 0 0 0
0 0 0 0 0
0 0 0 0 0
0 0 0 0 0
0 0 0 0 0
0 0 0 0 0
0 0 0 0 0
0 0 0 0 0
0 0 0 0 0
0 0 0 0 0
0 0 0 0 0
0 0 0 0 0
0 0 0 0 0
0 0 0 0 0
0 0 0 0 0
0 0 0 0 0
0 0 0 0 0
0 0 0 0 0
0 0 0 0 0
0 0 0 0 0
0 0 0 0 0
0 0 0 0 0
0 0 0 0 0
0 0 0 0 0
0 0 0 0 0
0 0 0 0 0
0 0 0 0 0
0 0 0 0 0
0 0 0 0 0
0 0 0 0 0
0 0 0 0 0
0 0 0 0 0
0 0 0 0 0
0 0 0 0 0
0 0 0 0 0
0 0 0 0 0
0 0 0 0 0
0 0 0 0 0
0 0 0 0 0
0 0 0 0 0
0 0 0 0 0
0 0 0 0 0
0 0 0 0 0
0 0 0 0 0
0 0 0 0 0
0 0 0 0 0
0 0 0 0 0
0 0 0 0 0
0 0 0 0 0
0 0 0 0 0
0 0 0 0 0
0 0 0 0 0
0 0 0 0 0
0 0 0 0 0
0 0 0 0 0
0 0 0 0 0
0 0 0 0 0
0 0 0 0 0
0 0 0 0 0
0 0 0 0 0
0 0 0 0 0
0 0 0 0 0
0 0 0 0 0
0 0 0 0 0
0 0 0 0 0
0 0 0 0 0
0 0 0 0 0
0 0 0 0 0
0 0 0 0 0
0 0 0 0 0
0 0 0 0 0
0 0 0 0 0
0 0 0 0 0
0 0 0 0 0
0 0 0 0 0
0 0 0 0 0
0 0 0 0 0
0 0 0 0 0
0 0 0 0 0
0 0 0 0 0
0 0 0 0 0
0 0 0 0 0
0 0 0 0 0
0 0 0 0 0
0 0 0 0 0
0 0 0 0 0
0 0 0 0 0
0 0 0 0 0
0 0 0 0 0
0 0 0 0 0
0 0 0 0 0
0 0 0 0 0
0 0 0 0 0
0 0 0 0 0
0 0 0 0 0
0 0 0 0 0
0 0 0 0 0
0 0 0 0 0
0 0 0 0 0
0 0 0 0 0
0 0 0 0 0
0 0 0 0 0
0 0 0 0 0
0 0 0 0 0
0 0 0 0 0
0 0 0 0 0
0 0 0 0 0
0 0 0 0 0
0 0 0 0 0
0 0 0 0 0
0 0 0 0 0
0 0 0 0 0
0 0 0 0 0
0 0 0 0 0
0 0 0 0 0
0 0 0 0 0
0 0 0 0 0
0 0 0 0 0
0 0 0 0 0
0 0 0 0 0
0 0 0 0 0
0 0 0 0 0
0 0 0 0 0
0 0 0 0 0
0 0 0 0 0
0 0 0 0 0
0 0 0 0 0
0 0 0 0 0
0 0 0 0 0
0 0 0 0 0
0 0 0 0 0
0 0 0 0 0
0 0 0 0 0
0 0 0 0 0
0 0 0 0 0
0 0 0 0 0
0 0 0 0 0
0 0 0 0 0
0 0 0 0 0
0 0 0 0 0
0 0 0 0 0
0 0 0 0 0
0 0 0 0 0
0 0 0 0 0
0 0 0 0 0
0 0 0 0 0
0 0 0 0 0
0 0 0 0 0
0 0 0 0 0
0 0 0 0 0
0 0 0 0 0
0 0 0 0 0
0 0 0 0 0
0 0 0 0 0
0 0 0 0 0
0 0 0 0 0
0 0 0 0 0
0 0 0 0 0
0 0 0 0 0
0 0 0 0 0
0 0 0 0 0
0 0 0 0 0
0 0 0 0 0
0 0 0 0 0
0 0 0 0 0
0 0 0 0 0
0 0 0 0 0
0 0 0 0 0
0 0 0 0 0
0 0 0 0 0
0 0 0 0 0
0 0 0 0 0
0 0 0 0 0
0 0 0 0 0
0 0 0 0 0
0 0 0 0 0
0 0 0 0 0
0 0 0 0 0
0 0 0 0 0
0 0 0 0 0
0 0 0 0 0
0 0 0 0 0
0 0 0 0 0
0 0 0 0 0
0 0 0 0 0
0 0 0 0 0
0 0 0 0 0
0 0 0 0 0
0 0 0 0 0
0 0 0 0 0
0 0 0 0 0
0 0 0 0 0
0 0 0 0 0
0 0 0 0 0
0 0 0 0 0
0 0 0 0 0
0 0 0 0 0
0 0 0 0 0
0 0 0 0 0
0 0 0 0 0
0 0 0 0 0
0 0 0 0 0
0 0 0 0 0
0 0 0 0 0
0 0 0 0 0
0 0 0 0 0
0 0 0 0 0
0 0 0 0 0
0 0 0 0 0
0 0 0 0 0
0 0 0 0 0
