STA EM for 3He (S. Patore et al.)
2 3 STA_EM 900 5
1 0.002 0.004 0.006 0.008 0.01 0.012 0.014 0.016 0.018 0.02 0.022 0.024 0.026 0.028 0.03 0.032 0.034 0.036 0.038 0.04 0.042 0.044 0.046 0.048 0.05 0.052 0.054 0.056 0.058 0.06 0.062 0.064 0.066 0.068 0.07 0.072 0.074 0.076 0.078 0.08 0.082 0.084 0.086 0.088 0.09 0.092 0.094 0.096 0.098 0.1 0.102 0.104 0.106 0.108 0.11 0.112 0.114 0.116 0.118 0.12 0.122 0.124 0.126 0.128 0.13 0.132 0.134 0.136 0.138 0.14 0.142 0.144 0.146 0.148 0.15 0.152 0.154 0.156 0.158 0.16 0.162 0.164 0.166 0.168 0.17 0.172 0.174 0.176 0.178 0.18 0.182 0.184 0.186 0.188 0.19 0.192 0.194 0.196 0.198 0.2 0.202 0.204 0.206 0.208 0.21 0.212 0.214 0.216 0.218 0.22 0.222 0.224 0.226 0.228 0.23 0.232 0.234 0.236 0.238 0.24 0.242 0.244 0.246 0.248 0.25 0.252 0.254 0.256 0.258 0.26 0.262 0.264 0.266 0.268 0.27 0.272 0.274 0.276 0.278 0.28 0.282 0.284 0.286 0.288 0.29 0.292 0.294 0.296 0.298 0.3 0.302 0.304 0.306 0.308 0.31 0.312 0.314 0.316 0.318 0.32 0.322 0.324 0.326 0.328 0.33 0.332 0.334 0.336 0.338 0.34 0.342 0.344 0.346 0.348 0.35 0.352 0.354 0.356 0.358 0.36 0.362 0.364 0.366 0.368 0.37 0.372 0.374 0.376 0.378 0.38 0.382 0.384 0.386 0.388 0.39 0.392 0.394 0.396 0.398 0.4 0.402 0.404 0.406 0.408 0.41 0.412 0.414 0.416 0.418 0.42 0.422 0.424 0.426 0.428 0.43 0.432 0.434 0.436 0.438 0.44 0.442 0.444 0.446 0.448 0.45 0.452 0.454 0.456 0.458 0.46 0.462 0.464 0.466 0.468 0.47 0.472 0.474 0.476 0.478 0.48 0.482 0.484 0.486 0.488 0.49 0.492 0.494 0.496 0.498 0.5 0.502 0.504 0.506 0.508 0.51 0.512 0.514 0.516 0.518 0.52 0.522 0.524 0.526 0.528 0.53 0.532 0.534 0.536 0.538 0.54 0.542 0.544 0.546 0.548 0.55 0.552 0.554 0.556 0.558 0.56 0.562 0.564 0.566 0.568 0.57 0.572 0.574 0.576 0.578 0.58 0.582 0.584 0.586 0.588 0.59 0.592 0.594 0.596 0.598 0.6 0.602 0.604 0.606 0.608 0.61 0.612 0.614 0.616 0.618 0.62 0.622 0.624 0.626 0.628 0.63 0.632 0.634 0.636 0.638 0.64 0.642 0.644 0.646 0.648 0.65 0.652 0.654 0.656 0.658 0.66 0.662 0.664 0.666 0.668 0.67 0.672 0.674 0.676 0.678 0.68 0.682 0.684 0.686 0.688 0.69 0.692 0.694 0.696 0.698 0.7 0.702 0.704 0.706 0.708 0.71 0.712 0.714 0.716 0.718 0.72 0.722 0.724 0.726 0.728 0.73 0.732 0.734 0.736 0.738 0.74 0.742 0.744 0.746 0.748 0.75 0.752 0.754 0.756 0.758 0.76 0.762 0.764 0.766 0.768 0.77 0.772 0.774 0.776 0.778 0.78 0.782 0.784 0.786 0.788 0.79 0.792 0.794 0.796 0.798 0.8 0.802 0.804 0.806 0.808 0.81 0.812 0.814 0.816 0.818 0.82 0.822 0.824 0.826 0.828 0.83 0.832 0.834 0.836 0.838 0.84 0.842 0.844 0.846 0.848 0.85 0.852 0.854 0.856 0.858 0.86 0.862 0.864 0.866 0.868 0.87 0.872 0.874 0.876 0.878 0.88 0.882 0.884 0.886 0.888 0.89 0.892 0.894 0.896 0.898 0.9 0.902 0.904 0.906 0.908 0.91 0.912 0.914 0.916 0.918 0.92 0.922 0.924 0.926 0.928 0.93 0.932 0.934 0.936 0.938 0.94 0.942 0.944 0.946 0.948 0.95 0.952 0.954 0.956 0.958 0.96 0.962 0.964 0.966 0.968 0.97 0.972 0.974 0.976 0.978 0.98 0.982 0.984 0.986 0.988 0.99 0.992 0.994 0.996 0.998 1 1.002 1.004 1.006 1.008 1.01 1.012 1.014 1.016 1.018 1.02 1.022 1.024 1.026 1.028 1.03 1.032 1.034 1.036 1.038 1.04 1.042 1.044 1.046 1.048 1.05 1.052 1.054 1.056 1.058 1.06 1.062 1.064 1.066 1.068 1.07 1.072 1.074 1.076 1.078 1.08 1.082 1.084 1.086 1.088 1.09 1.092 1.094 1.096 1.098 1.1 1.102 1.104 1.106 1.108 1.11 1.112 1.114 1.116 1.118 1.12 1.122 1.124 1.126 1.128 1.13 1.132 1.134 1.136 1.138 1.14 1.142 1.144 1.146 1.148 1.15 1.152 1.154 1.156 1.158 1.16 1.162 1.164 1.166 1.168 1.17 1.172 1.174 1.176 1.178 1.18 1.182 1.184 1.186 1.188 1.19 1.192 1.194 1.196 1.198 1.2 1.202 1.204 1.206 1.208 1.21 1.212 1.214 1.216 1.218 1.22 1.222 1.224 1.226 1.228 1.23 1.232 1.234 1.236 1.238 1.24 1.242 1.244 1.246 1.248 1.25 1.252 1.254 1.256 1.258 1.26 1.262 1.264 1.266 1.268 1.27 1.272 1.274 1.276 1.278 1.28 1.282 1.284 1.286 1.288 1.29 1.292 1.294 1.296 1.298 1.3 1.302 1.304 1.306 1.308 1.31 1.312 1.314 1.316 1.318 1.32 1.322 1.324 1.326 1.328 1.33 1.332 1.334 1.336 1.338 1.34 1.342 1.344 1.346 1.348 1.35 1.352 1.354 1.356 1.358 1.36 1.362 1.364 1.366 1.368 1.37 1.372 1.374 1.376 1.378 1.38 1.382 1.384 1.386 1.388 1.39 1.392 1.394 1.396 1.398 1.4 1.402 1.404 1.406 1.408 1.41 1.412 1.414 1.416 1.418 1.42 1.422 1.424 1.426 1.428 1.43 1.432 1.434 1.436 1.438 1.44 1.442 1.444 1.446 1.448 1.45 1.452 1.454 1.456 1.458 1.46 1.462 1.464 1.466 1.468 1.47 1.472 1.474 1.476 1.478 1.48 1.482 1.484 1.486 1.488 1.49 1.492 1.494 1.496 1.498 1.5 1.502 1.504 1.506 1.508 1.51 1.512 1.514 1.516 1.518 1.52 1.522 1.524 1.526 1.528 1.53 1.532 1.534 1.536 1.538 1.54 1.542 1.544 1.546 1.548 1.55 1.552 1.554 1.556 1.558 1.56 1.562 1.564 1.566 1.568 1.57 1.572 1.574 1.576 1.578 1.58 1.582 1.584 1.586 1.588 1.59 1.592 1.594 1.596 1.598 1.6 1.602 1.604 1.606 1.608 1.61 1.612 1.614 1.616 1.618 1.62 1.622 1.624 1.626 1.628 1.63 1.632 1.634 1.636 1.638 1.64 1.642 1.644 1.646 1.648 1.65 1.652 1.654 1.656 1.658 1.66 1.662 1.664 1.666 1.668 1.67 1.672 1.674 1.676 1.678 1.68 1.682 1.684 1.686 1.688 1.69 1.692 1.694 1.696 1.698 1.7 1.702 1.704 1.706 1.708 1.71 1.712 1.714 1.716 1.718 1.72 1.722 1.724 1.726 1.728 1.73 1.732 1.734 1.736 1.738 1.74 1.742 1.744 1.746 1.748 1.75 1.752 1.754 1.756 1.758 1.76 1.762 1.764 1.766 1.768 1.77 1.772 1.774 1.776 1.778 1.78 1.782 1.784 1.786 1.788 1.79 1.792 1.794 1.796 1.798 1.8
1 0.3 0.4 0.5 0.6 0.7
0 0 0 0 0
0 0 0 0 0
0 0 0 0 0
0 0 0 0 0
0 0 0 0 0
0.00357258 0 0.00144128 0 0
0.00123366 0 0.00118649 0 0
-8.28279e-06 0 -0.000135029 0 0
-9.25381e-05 0 -0.000592843 0 0
-7.1955e-05 0 -0.00021719 0 0
0.0117315 0 0.0047599 0 0
0.00399728 0 0.0038608 0 0
-2.14586e-05 0 -0.000424802 0 0
-0.000297161 0 -0.0019304 0 0
-0.00024767 0 -0.000743913 0 0
0.0316004 0 0.0126357 0 0
0.00858085 0 0.00826008 0 0
0.000135098 0 -0.000409952 0 0
-0.000643015 0 -0.00382237 0 0
-0.000554267 0 -0.00134114 0 0
0.0753484 0 0.0295429 0 0
0.0152323 0 0.0145829 0 0
0.000688746 0 0.000581717 0 0
-0.00114709 0 -0.00592254 0 0
-0.00103861 0 -0.00171239 0 0
0.161028 0 0.061975 0 0
0.0241819 0 0.0230545 0 0
0.00181415 0 0.0032315 0 0
-0.00179507 0 -0.00787798 0 0
-0.00178832 0 -0.00172266 0 0
0.313787 0 0.118915 0 0
0.0354976 0 0.0337776 0 0
0.00363833 0 0.00820978 0 0
-0.00252926 0 -0.00923059 0 0
-0.00290728 0 -0.00135102 0 0
0.566817 0 0.212358 0 0
0.0489178 0 0.0465084 0 0
0.00634432 0 0.0162591 0 0
-0.00325794 0 -0.00917117 0 0
-0.00444629 0 -0.000418393 0 0
0.960873 0 0.357373 0 0
0.0640347 0 0.0607663 0 0
0.0102128 0 0.0280343 0 0
-0.00389139 0 -0.00655402 0 0
-0.00633588 0 0.00154691 0 0
1.5419 0 0.571398 0 0
0.0808343 0 0.0763245 0 0
0.0154511 0 0.0437006 0 0
-0.00435013 0 -0.00020258 0 0
-0.00836032 0 0.00516731 0 0
2.35649 0 0.872691 0 0
0.100481 0 0.0939761 0 0
0.0218785 0 0.0624595 0 0
-0.00454162 0 0.0106237 0 0
-0.0101824 0 0.0108776 0 0
3.4454 0 1.27818 0 0
0.126058 0 0.116259 0 0
0.028736 0 0.0823549 0 0
-0.00434213 0 0.0259254 0 0
-0.0113919 0 0.0187048 0 0
4.83645 0 1.80113 0 0
0.16291 0 0.14775 0 0
0.0348339 0 0.100499 0 0
-0.00364579 0 0.044876 0 0
-0.0115748 0 0.0282638 0 0
6.53758 0 2.44883 0 0
0.218381 0 0.194739 0 0
0.0389878 0 0.113721 0 0
-0.002443 0 0.0660031 0 0
-0.0103988 0 0.0389612 0 0
8.53066 0 3.2201 0 0
0.300959 0 0.26439 0 0
0.0404427 0 0.119427 0 0
-0.000822761 0 0.0875614 0 0
-0.00772055 0 0.0502354 0 0
10.7679 0 4.10349 0 0
0.419107 0 0.363723 0 0
0.0391155 0 0.116374 0 0
0.00113559 0 0.108013 0 0
-0.00367404 0 0.0617004 0 0
13.1724 0 5.07644 0 0
0.580099 0 0.498682 0 0
0.0356156 0 0.105121 0 0
0.00351585 0 0.126372 0 0
0.00129266 0 0.0731437 0 0
15.6424 0 6.10598 0 0
0.789128 0 0.673374 0 0
0.0311851 0 0.0880424 0 0
0.00662236 0 0.142194 0 0
0.00646465 0 0.0844596 0 0
18.0595 0 7.15072 0 0
1.04889 0 0.889654 0 0
0.0275592 0 0.0689271 0 0
0.0109093 0 0.155265 0 0
0.0109895 0 0.0956194 0 0
20.2998 0 8.1642 0 0
1.3597 0 1.14713 0 0
0.0267877 0 0.052336 0 0
0.0168026 0 0.165194 0 0
0.0140769 0 0.106686 0 0
22.2467 0 9.09945 0 0
1.72001 0 1.44366 0 0
0.0310094 0 0.0429326 0 0
0.0245044 0 0.171241 0 0
0.0152314 0 0.117779 0 0
23.8038 0 9.91391 0 0
2.12709 0 1.77611 0 0
0.0422133 0 0.0449288 0 0
0.0338343 0 0.172421 0 0
0.0144474 0 0.128995 0 0
24.9045 0 10.5738 0 0
2.57769 0 2.1412 0 0
0.0619857 0 0.0616858 0 0
0.0441671 0 0.16784 0 0
0.0122831 0 0.140296 0 0
25.5183 0 11.0571 0 0
3.06818 0 2.53599 0 0
0.0912622 0 0.0954365 0 0
0.054487 0 0.15707 0 0
0.00975646 0 0.151461 0 0
25.651 0 11.3551 0 0
3.59456 0 2.95809 0 0
0.130148 0 0.147149 0 0
0.0635612 0 0.140416 0 0
0.00807842 0 0.162061 0 0
25.341 0 11.4717 0 0
4.15203 0 3.40552 0 0
0.177876 0 0.216523 0 0
0.0701752 0 0.118934 0 0
0.00831004 0 0.171494 0 0
24.651 0 11.4215 0 0
4.73455 0 3.87624 0 0
0.232939 0 0.302117 0 0
0.0733604 0 0.0942157 0 0
0.0110656 0 0.179065 0 0
23.6579 0 11.2263 0 0
5.3344 0 4.36767 0 0
0.293413 0 0.401592 0 0
0.0725561 0 0.0680383 0 0
0.0163577 0 0.184119 0 0
22.443 0 10.9122 0 0
5.9422 0 4.87627 0 0
0.357387 0 0.512083 0 0
0.0676939 0 0.042038 0 0
0.0236264 0 0.186177 0 0
21.0838 0 10.5063 0 0
6.54731 0 5.39751 0 0
0.423387 0 0.630662 0 0
0.0592202 0 0.0175437 0 0
0.0319205 0 0.185034 0 0
19.6479 0 10.0342 0 0
7.13871 0 5.92601 0 0
0.490695 0 0.75482 0 0
0.0480503 0 -0.00440866 0 0
0.0401595 0 0.180803 0 0
18.1901 0 9.51888 0 0
7.70593 0 6.45589 0 0
0.559483 0 0.882844 0 0
0.0354628 0 -0.0229425 0 0
0.0473801 0 0.173893 0 0
16.7522 0 8.97962 0 0
8.23996 0 6.98111 0 0
0.630778 0 1.01398 0 0
0.0229491 0 -0.037194 0 0
0.0529002 0 0.164917 0 0
15.3638 0 8.432 0 0
8.73379 0 7.49554 0 0
0.706275 0 1.14838 0 0
0.0120395 0 -0.0462238 0 0
0.0563691 0 0.154548 0 0
14.0445 0 7.88813 0 0
9.18258 0 7.99312 0 0
0.788058 0 1.28695 0 0
0.00412152 0 -0.0490296 0 0
0.0577179 0 0.143329 0 0
12.8058 0 7.35704 0 0
9.58329 0 8.46763 0 0
0.878268 0 1.4311 0 0
0.000263043 0 -0.0446588 0 0
0.0570461 0 0.131509 0 0
11.6538 0 6.84524 0 0
9.93409 0 8.91267 0 0
0.978776 0 1.58251 0 0
0.00107876 0 -0.0323831 0 0
0.054498 0 0.118944 0 0
10.5902 0 6.3571 0 0
10.2338 0 9.32166 0 0
1.09089 0 1.74293 0 0
0.00666254 0 -0.0118584 0 0
0.0501718 0 0.1051 0 0
9.61404 0 5.89539 0 0
10.4813 0 9.68795 0 0
1.21512 0 1.91398 0 0
0.0165962 0 0.0168025 0 0
0.0440875 0 0.0891703 0 0
8.72253 0 5.46159 0 0
10.6752 0 10.0052 0 0
1.35109 0 2.09704 0 0
0.0300365 0 0.0530495 0 0
0.0362091 0 0.0702783 0 0
7.91163 0 5.05622 0 0
10.8141 0 10.2677 0 0
1.49757 0 2.29313 0 0
0.0458685 0 0.0959832 0 0
0.0265111 0 0.0477382 0 0
7.1766 0 4.67913 0 0
10.8966 0 10.4708 0 0
1.65263 0 2.50281 0 0
0.062904 0 0.144464 0 0
0.01507 0 0.0213205 0 0
6.51227 0 4.32971 0 0
10.9216 0 10.6115 0 0
1.81398 0 2.72615 0 0
0.0800829 0 0.197229 0 0
0.00214961 0 -0.00856341 0 0
5.91331 0 4.00703 0 0
10.8889 0 10.6883 0 0
1.97936 0 2.96283 0 0
0.0966439 0 0.252996 0 0
-0.0117561 0 -0.0408188 0 0
5.37439 0 3.70999 0 0
10.7995 0 10.7015 0 0
2.1469 0 3.21225 0 0
0.112237 0 0.310514 0 0
-0.0259449 0 -0.0737915 0 0
4.89033 0 3.43736 0 0
10.6555 0 10.653 0 0
2.31549 0 3.47383 0 0
0.126959 0 0.368622 0 0
-0.0395863 0 -0.105523 0 0
4.45619 0 3.18786 0 0
10.4602 0 10.5462 0 0
2.4849 0 3.74717 0 0
0.141309 0 0.42631 0 0
-0.0518393 0 -0.134079 0 0
4.06734 0 2.96012 0 0
10.2182 0 10.3858 0 0
2.65581 0 4.03226 0 0
0.156079 0 0.482822 0 0
-0.0619811 0 -0.157891 0 0
3.71948 0 2.75278 0 0
9.9346 0 10.1772 0 0
2.82961 0 4.32948 0 0
0.172212 0 0.537774 0 0
-0.0695073 0 -0.17599 0 0
3.40866 0 2.5644 0 0
9.61542 0 9.92657 0 0
3.00807 0 4.63947 0 0
0.190651 0 0.591258 0 0
-0.0741819 0 -0.18809 0 0
3.13124 0 2.39354 0 0
9.26683 0 9.64017 0 0
3.19298 0 4.96284 0 0
0.212208 0 0.643926 0 0
-0.0760272 0 -0.194505 0 0
2.88386 0 2.23876 0 0
8.89507 0 9.32448 0 0
3.38569 0 5.29985 0 0
0.237473 0 0.697001 0 0
-0.0752653 0 -0.195935 0 0
2.66339 0 2.09861 0 0
8.50623 0 8.98576 0 0
3.58686 0 5.64997 0 0
0.26677 0 0.75219 0 0
-0.072235 0 -0.193197 0 0
2.46691 0 1.97166 0 0
8.10606 0 8.62998 0 0
3.79619 0 6.01167 0 0
0.300152 0 0.811504 0 0
-0.0673087 0 -0.186973 0 0
2.29167 0 1.85657 0 0
7.6999 0 8.26265 0 0
4.01238 0 6.38221 0 0
0.33743 0 0.877005 0 0
-0.0608314 0 -0.177628 0 0
2.13509 0 1.75206 0 0
7.29258 0 7.88881 0 0
4.23315 0 6.75766 0 0
0.378211 0 0.950532 0 0
-0.0530898 0 -0.165169 0 0
1.99476 0 1.65693 0 0
6.88837 0 7.51293 0 0
4.45543 0 7.13305 0 0
0.421958 0 1.03343 0 0
-0.0443083 0 -0.149312 0 0
1.86848 0 1.57011 0 0
6.491 0 7.13893 0 0
4.67557 0 7.50267 0 0
0.468033 0 1.12637 0 0
-0.0346632 0 -0.129634 0 0
1.75427 0 1.49062 0 0
6.10361 0 6.77018 0 0
4.88965 0 7.86039 0 0
0.515751 0 1.22925 0 0
-0.0243056 0 -0.105762 0 0
1.6504 0 1.41761 0 0
5.7288 0 6.40949 0 0
5.09368 0 8.2001 0 0
0.564427 0 1.34124 0 0
-0.013382 0 -0.0775461 0 0
1.55541 0 1.35032 0 0
5.36859 0 6.05918 0 0
5.28387 0 8.51597 0 0
0.613433 0 1.46095 0 0
-0.00204796 0 -0.0451784 0 0
1.4681 0 1.28813 0 0
5.02451 0 5.72112 0 0
5.45678 0 8.80283 0 0
0.662253 0 1.58664 0 0
0.00952643 0 -0.00922146 0 0
1.38754 0 1.2305 0 0
4.69758 0 5.39671 0 0
5.60947 0 9.05629 0 0
0.710541 0 1.71659 0 0
0.0211552 0 0.0294372 0 0
1.31302 0 1.17699 0 0
4.3884 0 5.08699 0 0
5.73955 0 9.27294 0 0
0.758176 0 1.84929 0 0
0.0326413 0 0.0697016 0 0
1.24403 0 1.12726 0 0
4.0972 0 4.79263 0 0
5.84524 0 9.4503 0 0
0.805296 0 1.98379 0 0
0.0437874 0 0.110424 0 0
1.18021 0 1.08103 0 0
3.82391 0 4.514 0 0
5.9253 0 9.58688 0 0
0.852321 0 2.11976 0 0
0.0544114 0 0.150572 0 0
1.12132 0 1.03806 0 0
3.56822 0 4.25123 0 0
5.97908 0 9.68202 0 0
0.899934 0 2.25763 0 0
0.0643691 0 0.189366 0 0
1.06717 0 0.998164 0 0
3.32965 0 4.00418 0 0
6.00642 0 9.73587 0 0
0.949042 0 2.39848 0 0
0.0735808 0 0.226393 0 0
1.01761 0 0.961176 0 0
3.10758 0 3.77255 0 0
6.00761 0 9.7492 0 0
1.00071 0 2.54397 0 0
0.0820579 0 0.261651 0 0
0.9725 0 0.926927 0 0
2.90133 0 3.55588 0 0
5.98335 0 9.72337 0 0
1.05606 0 2.69608 0 0
0.0899214 0 0.295548 0 0
0.931646 0 0.895245 0 0
2.71013 0 3.35359 0 0
5.93472 0 9.66019 0 0
1.1162 0 2.85691 0 0
0.0974067 0 0.328847 0 0
0.894824 0 0.865947 0 0
2.5332 0 3.16502 0 0
5.86311 0 9.56186 0 0
1.18212 0 3.02844 0 0
0.104851 0 0.362568 0 0
0.861759 0 0.838836 0 0
2.36975 0 2.98945 0 0
5.77018 0 9.43092 0 0
1.25462 0 3.21235 0 0
0.112662 0 0.397872 0 0
0.832122 0 0.813706 0 0
2.21896 0 2.82612 0 0
5.65781 0 9.27017 0 0
1.33424 0 3.40979 0 0
0.121274 0 0.43592 0 0
0.805548 0 0.790345 0 0
2.08002 0 2.67424 0 0
5.52811 0 9.08262 0 0
1.42125 0 3.62137 0 0
0.131097 0 0.477738 0 0
0.781643 0 0.768544 0 0
1.95211 0 2.53305 0 0
5.38329 0 8.87147 0 0
1.51562 0 3.84704 0 0
0.142461 0 0.524101 0 0
0.760004 0 0.748111 0 0
1.83444 0 2.40178 0 0
5.22568 0 8.63997 0 0
1.61699 0 4.08613 0 0
0.15558 0 0.575435 0 0
0.740238 0 0.728864 0 0
1.72618 0 2.27969 0 0
5.05761 0 8.39144 0 0
1.72475 0 4.33739 0 0
0.17052 0 0.631769 0 0
0.721969 0 0.710652 0 0
1.62655 0 2.16608 0 0
4.88139 0 8.12917 0 0
1.83804 0 4.59906 0 0
0.187193 0 0.692721 0 0
0.704857 0 0.693347 0 0
1.53479 0 2.06028 0 0
4.69926 0 7.85633 0 0
1.9558 0 4.86897 0 0
0.205371 0 0.757539 0 0
0.688605 0 0.676844 0 0
1.45014 0 1.96167 0 0
4.51332 0 7.57597 0 0
2.07682 0 5.14464 0 0
0.22471 0 0.825178 0 0
0.672964 0 0.661065 0 0
1.37191 0 1.86966 0 0
4.32551 0 7.29093 0 0
2.19978 0 5.42338 0 0
0.244796 0 0.894415 0 0
0.657732 0 0.64595 0 0
1.29947 0 1.78373 0 0
4.13758 0 7.00385 0 0
2.32332 0 5.70242 0 0
0.265192 0 0.963978 0 0
0.642753 0 0.631457 0 0
1.23222 0 1.70339 0 0
3.95107 0 6.71708 0 0
2.44607 0 5.9789 0 0
0.285483 0 1.03269 0 0
0.627914 0 0.617555 0 0
1.16963 0 1.6282 0 0
3.76729 0 6.43271 0 0
2.56665 0 6.25002 0 0
0.30532 0 1.09958 0 0
0.613136 0 0.604228 0 0
1.11124 0 1.55777 0 0
3.58734 0 6.15256 0 0
2.68377 0 6.51305 0 0
0.324457 0 1.164 0 0
0.598371 0 0.591465 0 0
1.05662 0 1.49175 0 0
3.41213 0 5.87816 0 0
2.79616 0 6.76535 0 0
0.342766 0 1.2257 0 0
0.583601 0 0.579259 0 0
1.00543 0 1.42985 0 0
3.24233 0 5.61076 0 0
2.90267 0 7.00445 0 0
0.360252 0 1.28484 0 0
0.568828 0 0.567603 0 0
0.95736 0 1.37177 0 0
3.07846 0 5.35138 0 0
3.00222 0 7.22803 0 0
0.377049 0 1.34198 0 0
0.554075 0 0.556487 0 0
0.912147 0 1.31728 0 0
2.92087 0 5.10078 0 0
3.09383 0 7.43398 0 0
0.393407 0 1.39807 0 0
0.539379 0 0.545895 0 0
0.869579 0 1.26613 0 0
2.76977 0 4.85953 0 0
3.17666 0 7.62041 0 0
0.409668 0 1.45434 0 0
0.524785 0 0.535801 0 0
0.829472 0 1.21813 0 0
2.62526 0 4.628 0 0
3.24995 0 7.78569 0 0
0.426239 0 1.51221 0 0
0.51034 0 0.526175 0 0
0.79168 0 1.17306 0 0
2.48732 0 4.40641 0 0
3.31311 0 7.92849 0 0
0.443557 0 1.57321 0 0
0.496089 0 0.516978 0 0
0.756075 0 1.13075 0 0
2.35589 0 4.19482 0 0
3.36566 0 8.04775 0 0
0.462062 0 1.63885 0 0
0.482076 0 0.508173 0 0
0.722547 0 1.09101 0 0
2.23083 0 3.99318 0 0
3.40727 0 8.14276 0 0
0.48217 0 1.7105 0 0
0.468339 0 0.499723 0 0
0.690991 0 1.05367 0 0
2.11197 0 3.80133 0 0
3.43777 0 8.2131 0 0
0.50425 0 1.78939 0 0
0.454916 0 0.491596 0 0
0.661312 0 1.01856 0 0
1.9991 0 3.61901 0 0
3.45711 0 8.2587 0 0
0.528609 0 1.87646 0 0
0.441841 0 0.483768 0 0
0.63341 0 0.985513 0 0
1.89199 0 3.44593 0 0
3.4654 0 8.27978 0 0
0.555481 0 1.9724 0 0
0.429147 0 0.47622 0 0
0.607194 0 0.954386 0 0
1.79041 0 3.28172 0 0
3.46291 0 8.27686 0 0
0.585027 0 2.07759 0 0
0.41686 0 0.468937 0 0
0.582574 0 0.925033 0 0
1.69411 0 3.126 0 0
3.45001 0 8.25073 0 0
0.617328 0 2.19213 0 0
0.405004 0 0.461907 0 0
0.559469 0 0.897322 0 0
1.60285 0 2.97836 0 0
3.42718 0 8.20241 0 0
0.652398 0 2.31587 0 0
0.393599 0 0.455118 0 0
0.537799 0 0.871138 0 0
1.5164 0 2.83842 0 0
3.39499 0 8.13314 0 0
0.690182 0 2.44841 0 0
0.382661 0 0.448557 0 0
0.517491 0 0.846373 0 0
1.43454 0 2.70579 0 0
3.35409 0 8.04429 0 0
0.73057 0 2.5892 0 0
0.372204 0 0.44221 0 0
0.498472 0 0.82293 0 0
1.35708 0 2.58014 0 0
3.30519 0 7.9374 0 0
0.773409 0 2.73754 0 0
0.362243 0 0.436062 0 0
0.480668 0 0.800726 0 0
1.28386 0 2.46114 0 0
3.24901 0 7.81405 0 0
0.818507 0 2.89264 0 0
0.352792 0 0.430096 0 0
0.464008 0 0.779685 0 0
1.21471 0 2.3485 0 0
3.18631 0 7.67591 0 0
0.865648 0 3.05368 0 0
0.343865 0 0.424301 0 0
0.448417 0 0.759742 0 0
1.14951 0 2.24198 0 0
3.11784 0 7.52463 0 0
0.914602 0 3.21982 0 0
0.335472 0 0.418667 0 0
0.433824 0 0.740841 0 0
1.08812 0 2.14135 0 0
3.04436 0 7.36187 0 0
0.96513 0 3.39023 0 0
0.327619 0 0.413194 0 0
0.42016 0 0.722931 0 0
1.03043 0 2.04641 0 0
2.9666 0 7.18922 0 0
1.01699 0 3.56412 0 0
0.320306 0 0.407884 0 0
0.407358 0 0.70596 0 0
0.976329 0 1.95697 0 0
2.88526 0 7.00824 0 0
1.06995 0 3.74076 0 0
0.313531 0 0.402746 0 0
0.395352 0 0.689878 0 0
0.925702 0 1.87287 0 0
2.80103 0 6.82036 0 0
1.12378 0 3.91943 0 0
0.307289 0 0.397787 0 0
0.384075 0 0.674625 0 0
0.878443 0 1.79391 0 0
2.71453 0 6.62698 0 0
1.17824 0 4.09946 0 0
0.301569 0 0.393012 0 0
0.37346 0 0.660142 0 0
0.83444 0 1.71991 0 0
2.62636 0 6.42938 0 0
1.23311 0 4.28018 0 0
0.296363 0 0.388422 0 0
0.363437 0 0.646367 0 0
0.793571 0 1.65066 0 0
2.53708 0 6.22877 0 0
1.28816 0 4.46093 0 0
0.291655 0 0.384009 0 0
0.353935 0 0.633239 0 0
0.755702 0 1.58592 0 0
2.44719 0 6.02627 0 0
1.34314 0 4.64099 0 0
0.28743 0 0.379761 0 0
0.344885 0 0.620698 0 0
0.720679 0 1.52543 0 0
2.35719 0 5.82295 0 0
1.3978 0 4.81962 0 0
0.283664 0 0.375661 0 0
0.336218 0 0.608689 0 0
0.688331 0 1.46889 0 0
2.26751 0 5.61978 0 0
1.45188 0 4.99598 0 0
0.280325 0 0.371692 0 0
0.327871 0 0.597154 0 0
0.658467 0 1.41601 0 0
2.17855 0 5.41768 0 0
1.50509 0 5.1692 0 0
0.277379 0 0.367837 0 0
0.319783 0 0.586038 0 0
0.630881 0 1.36646 0 0
2.09068 0 5.2175 0 0
1.55714 0 5.3383 0 0
0.274781 0 0.364079 0 0
0.311902 0 0.575287 0 0
0.605358 0 1.31991 0 0
2.00423 0 5.02003 0 0
1.60773 0 5.50228 0 0
0.272484 0 0.360404 0 0
0.304181 0 0.564845 0 0
0.581676 0 1.27606 0 0
1.9195 0 4.82598 0 0
1.65656 0 5.66009 0 0
0.270438 0 0.356799 0 0
0.296582 0 0.554663 0 0
0.559615 0 1.23458 0 0
1.83676 0 4.63599 0 0
1.7033 0 5.81067 0 0
0.26859 0 0.353253 0 0
0.28908 0 0.544704 0 0
0.538962 0 1.19518 0 0
1.75623 0 4.4506 0 0
1.74767 0 5.95298 0 0
0.266885 0 0.349754 0 0
0.281661 0 0.534943 0 0
0.519511 0 1.15759 0 0
1.67812 0 4.27029 0 0
1.78936 0 6.086 0 0
0.265267 0 0.346293 0 0
0.274327 0 0.525372 0 0
0.501078 0 1.12157 0 0
1.60257 0 4.09545 0 0
1.8281 0 6.2088 0 0
0.263677 0 0.342858 0 0
0.267093 0 0.516002 0 0
0.483494 0 1.08692 0 0
1.52969 0 3.92638 0 0
1.86362 0 6.32052 0 0
0.262054 0 0.339441 0 0
0.25999 0 0.506854 0 0
0.466619 0 1.05347 0 0
1.45957 0 3.76332 0 0
1.89567 0 6.42038 0 0
0.260338 0 0.33603 0 0
0.253061 0 0.497963 0 0
0.450334 0 1.0211 0 0
1.39225 0 3.60642 0 0
1.92404 0 6.50773 0 0
0.25847 0 0.332615 0 0
0.246358 0 0.489367 0 0
0.434551 0 0.989734 0 0
1.32774 0 3.45575 0 0
1.94853 0 6.58204 0 0
0.256393 0 0.329185 0 0
0.239936 0 0.481106 0 0
0.419202 0 0.959311 0 0
1.26604 0 3.31134 0 0
1.96896 0 6.64288 0 0
0.25406 0 0.32573 0 0
0.23385 0 0.473219 0 0
0.404243 0 0.929818 0 0
1.20713 0 3.17314 0 0
1.9852 0 6.68994 0 0
0.251435 0 0.322242 0 0
0.228151 0 0.465743 0 0
0.389646 0 0.901263 0 0
1.15095 0 3.04107 0 0
1.99713 0 6.72302 0 0
0.248497 0 0.318714 0 0
0.22288 0 0.458704 0 0
0.375402 0 0.873672 0 0
1.09746 0 2.91499 0 0
2.00466 0 6.74204 0 0
0.245238 0 0.315146 0 0
0.218063 0 0.452124 0 0
0.361513 0 0.847087 0 0
1.04657 0 2.79471 0 0
2.00776 0 6.74702 0 0
0.241664 0 0.311537 0 0
0.213716 0 0.446014 0 0
0.347994 0 0.821556 0 0
0.998193 0 2.68004 0 0
2.0064 0 6.73809 0 0
0.237791 0 0.30789 0 0
0.209836 0 0.440378 0 0
0.334871 0 0.797128 0 0
0.952244 0 2.57076 0 0
2.00061 0 6.7155 0 0
0.233644 0 0.304209 0 0
0.206406 0 0.435208 0 0
0.322179 0 0.773848 0 0
0.908617 0 2.46664 0 0
1.99046 0 6.67959 0 0
0.229251 0 0.300495 0 0
0.2034 0 0.430488 0 0
0.309956 0 0.751749 0 0
0.867205 0 2.36743 0 0
1.97604 0 6.63081 0 0
0.224641 0 0.296751 0 0
0.200779 0 0.42619 0 0
0.298239 0 0.730852 0 0
0.8279 0 2.27291 0 0
1.95751 0 6.56968 0 0
0.219847 0 0.292981 0 0
0.1985 0 0.422277 0 0
0.287063 0 0.711158 0 0
0.790595 0 2.18284 0 0
1.93502 0 6.49684 0 0
0.214905 0 0.289187 0 0
0.196511 0 0.4187 0 0
0.276451 0 0.692656 0 0
0.755187 0 2.09703 0 0
1.90882 0 6.41298 0 0
0.209854 0 0.285375 0 0
0.194756 0 0.4154 0 0
0.266419 0 0.675318 0 0
0.721578 0 2.01525 0 0
1.87913 0 6.31887 0 0
0.204739 0 0.281555 0 0
0.193175 0 0.412308 0 0
0.256973 0 0.659103 0 0
0.689679 0 1.93734 0 0
1.84623 0 6.21535 0 0
0.199604 0 0.277737 0 0
0.191704 0 0.409351 0 0
0.248108 0 0.643965 0 0
0.659407 0 1.86313 0 0
1.81043 0 6.10331 0 0
0.1945 0 0.273935 0 0
0.190275 0 0.406449 0 0
0.239817 0 0.629851 0 0
0.630688 0 1.79246 0 0
1.77206 0 5.98367 0 0
0.189474 0 0.270165 0 0
0.188824 0 0.403528 0 0
0.232088 0 0.616706 0 0
0.60345 0 1.7252 0 0
1.73144 0 5.85741 0 0
0.184572 0 0.266443 0 0
0.187289 0 0.400515 0 0
0.224906 0 0.604477 0 0
0.577627 0 1.66123 0 0
1.68891 0 5.72551 0 0
0.179835 0 0.262783 0 0
0.185614 0 0.397348 0 0
0.218252 0 0.59311 0 0
0.553158 0 1.60043 0 0
1.64483 0 5.58895 0 0
0.175299 0 0.259201 0 0
0.183757 0 0.393979 0 0
0.212106 0 0.582554 0 0
0.529982 0 1.54269 0 0
1.59952 0 5.4487 0 0
0.170993 0 0.255708 0 0
0.181683 0 0.390369 0 0
0.206443 0 0.572759 0 0
0.508045 0 1.4879 0 0
1.55331 0 5.30569 0 0
0 0 0 0 0
0.179377 0 0.386496 0 0
0.201235 0 0.563675 0 0
0.487292 0 1.43597 0 0
1.5065 0 5.16078 0 0
0 0 0 0 0
0.176834 0 0.382352 0 0
0.196454 0 0.555256 0 0
0.467674 0 1.38677 0 0
1.45939 0 5.01481 0 0
0 0 0 0 0
0.174067 0 0.377941 0 0
0.192068 0 0.547457 0 0
0.449141 0 1.34019 0 0
1.41222 0 4.8685 0 0
0 0 0 0 0
0.171101 0 0.373281 0 0
0.188051 0 0.540233 0 0
0.431642 0 1.29613 0 0
1.36525 0 4.72252 0 0
0 0 0 0 0
0.167971 0 0.3684 0 0
0.184374 0 0.533544 0 0
0.415124 0 1.25443 0 0
1.31866 0 4.57746 0 0
0 0 0 0 0
0.164719 0 0.363334 0 0
0.181015 0 0.527344 0 0
0.399531 0 1.21499 0 0
1.27266 0 4.43381 0 0
0 0 0 0 0
0.161388 0 0.358128 0 0
0.177948 0 0.521591 0 0
0.384807 0 1.17765 0 0
1.22738 0 4.292 0 0
0 0 0 0 0
0.158022 0 0.352829 0 0
0.175152 0 0.516236 0 0
0.370894 0 1.14227 0 0
1.18296 0 4.15235 0 0
0 0 0 0 0
0.154661 0 0.347487 0 0
0.172605 0 0.511225 0 0
0.357734 0 1.10872 0 0
1.1395 0 4.01515 0 0
0 0 0 0 0
0.151339 0 0.342151 0 0
0.170281 0 0.506499 0 0
0.345274 0 1.07685 0 0
1.09708 0 3.88062 0 0
0 0 0 0 0
0.148087 0 0.336867 0 0
0.168154 0 0.501995 0 0
0.333461 0 1.04653 0 0
1.05577 0 3.7489 0 0
0 0 0 0 0
0.144931 0 0.331676 0 0
0.166194 0 0.49764 0 0
0.322244 0 1.01761 0 0
1.0156 0 3.62015 0 0
0 0 0 0 0
0.141889 0 0.326615 0 0
0.164368 0 0.493361 0 0
0.311573 0 0.989981 0 0
0.976594 0 3.49444 0 0
0 0 0 0 0
0.138976 0 0.321711 0 0
0.162642 0 0.489084 0 0
0.3014 0 0.963521 0 0
0.938771 0 3.37186 0 0
0 0 0 0 0
0.136203 0 0.316984 0 0
0.16098 0 0.484736 0 0
0.291677 0 0.938129 0 0
0.902131 0 3.25247 0 0
0 0 0 0 0
0.133574 0 0.312446 0 0
0.159348 0 0.48025 0 0
0.282359 0 0.91371 0 0
0.866672 0 3.13632 0 0
0 0 0 0 0
0.131089 0 0.308097 0 0
0.157715 0 0.475569 0 0
0.273403 0 0.890183 0 0
0.83239 0 3.02345 0 0
0 0 0 0 0
0.128743 0 0.303934 0 0
0.156055 0 0.470651 0 0
0.264768 0 0.867478 0 0
0.799279 0 2.9139 0 0
0 0 0 0 0
0.126525 0 0.299945 0 0
0.154348 0 0.465465 0 0
0.256419 0 0.845536 0 0
0.767335 0 2.80771 0 0
0 0 0 0 0
0.124425 0 0.296112 0 0
0.152578 0 0.459997 0 0
0.248325 0 0.824304 0 0
0.736552 0 2.70494 0 0
0 0 0 0 0
0.122428 0 0.292417 0 0
0.150735 0 0.454245 0 0
0.24046 0 0.80374 0 0
0.706926 0 2.60562 0 0
0 0 0 0 0
0.120517 0 0.288843 0 0
0.14881 0 0.448221 0 0
0.232808 0 0.783806 0 0
0.678454 0 2.50979 0 0
0 0 0 0 0
0.118676 0 0.285373 0 0
0.146797 0 0.441944 0 0
0.225356 0 0.76447 0 0
0.651129 0 2.41751 0 0
0 0 0 0 0
0.116891 0 0.281994 0 0
0.144694 0 0.435446 0 0
0.2181 0 0.745708 0 0
0.624939 0 2.3288 0 0
0 0 0 0 0
0.115147 0 0.278696 0 0
0.142499 0 0.428762 0 0
0.21104 0 0.727499 0 0
0.59987 0 2.2437 0 0
0 0 0 0 0
0.113433 0 0.27547 0 0
0.140213 0 0.421936 0 0
0.204177 0 0.709827 0 0
0.575903 0 2.16221 0 0
0 0 0 0 0
0.111738 0 0.272309 0 0
0.137843 0 0.415017 0 0
0.197513 0 0.692683 0 0
0.553014 0 2.0843 0 0
0 0 0 0 0
0.110056 0 0.269207 0 0
0.135398 0 0.408056 0 0
0.191051 0 0.676055 0 0
0.531179 0 2.00995 0 0
0 0 0 0 0
0.108382 0 0.266159 0 0
0.132894 0 0.401105 0 0
0.184792 0 0.659937 0 0
0.510366 0 1.93908 0 0
0 0 0 0 0
0.106712 0 0.263162 0 0
0.130346 0 0.394218 0 0
0.178738 0 0.64432 0 0
0.490544 0 1.87159 0 0
0 0 0 0 0
0.105046 0 0.260214 0 0
0.127773 0 0.38744 0 0
0.172889 0 0.629193 0 0
0.471673 0 1.80735 0 0
0 0 0 0 0
0.103384 0 0.257318 0 0
0.125193 0 0.380813 0 0
0.167249 0 0.614547 0 0
0.45371 0 1.74622 0 0
0 0 0 0 0
0.101726 0 0.254479 0 0
0.122624 0 0.374369 0 0
0.161819 0 0.600372 0 0
0.436608 0 1.68805 0 0
0 0 0 0 0
0.100074 0 0.251702 0 0
0.120082 0 0.36813 0 0
0.156597 0 0.586663 0 0
0.420316 0 1.63265 0 0
0 0 0 0 0
0.0984301 0 0.248996 0 0
0.117577 0 0.362108 0 0
0.151582 0 0.573415 0 0
0.404784 0 1.57984 0 0
0 0 0 0 0
0.0967982 0 0.246366 0 0
0.115117 0 0.356303 0 0
0.146773 0 0.560629 0 0
0.389962 0 1.52944 0 0
0 0 0 0 0
0.0951846 0 0.24382 0 0
0.112708 0 0.350706 0 0
0.142171 0 0.548307 0 0
0.375802 0 1.48126 0 0
0 0 0 0 0
0.0935973 0 0.241362 0 0
0.110347 0 0.345297 0 0
0.137778 0 0.536455 0 0
0.36226 0 1.43511 0 0
0 0 0 0 0
0.0920461 0 0.238994 0 0
0.108032 0 0.340049 0 0
0.133603 0 0.525079 0 0
0.34929 0 1.39082 0 0
0 0 0 0 0
0.0905401 0 0.236716 0 0
0.105754 0 0.334928 0 0
0.129657 0 0.514185 0 0
0.336853 0 1.3482 0 0
0 0 0 0 0
0.0890869 0 0.234526 0 0
0.103504 0 0.329898 0 0
0.125951 0 0.50378 0 0
0.324906 0 1.30711 0 0
0 0 0 0 0
0.0876906 0 0.23242 0 0
0.10127 0 0.32492 0 0
0.122494 0 0.493868 0 0
0.31341 0 1.26738 0 0
0 0 0 0 0
0.0863512 0 0.230392 0 0
0.0990383 0 0.319956 0 0
0.119291 0 0.484454 0 0
0.302325 0 1.22891 0 0
0 0 0 0 0
0.0850651 0 0.228433 0 0
0.0967971 0 0.314971 0 0
0.116342 0 0.475541 0 0
0.291612 0 1.19156 0 0
0 0 0 0 0
0.083826 0 0.226534 0 0
0.0945342 0 0.309936 0 0
0.113639 0 0.467127 0 0
0.28124 0 1.15525 0 0
0 0 0 0 0
0.0826257 0 0.224682 0 0
0.0922397 0 0.304828 0 0
0.111173 0 0.459206 0 0
0.27118 0 1.11988 0 0
0 0 0 0 0
0.0814558 0 0.222868 0 0
0.0899062 0 0.299634 0 0
0.108927 0 0.451762 0 0
0.26141 0 1.0854 0 0
0 0 0 0 0
0.0803082 0 0.221076 0 0
0.0875297 0 0.294348 0 0
0.106885 0 0.444771 0 0
0.251912 0 1.05175 0 0
0 0 0 0 0
0.079175 0 0.219296 0 0
0.0851094 0 0.288976 0 0
0.105023 0 0.438197 0 0
0.242673 0 1.01889 0 0
0 0 0 0 0
0.0780492 0 0.217514 0 0
0.0826484 0 0.283534 0 0
0.103318 0 0.431997 0 0
0.233683 0 0.986794 0 0
0 0 0 0 0
0 0 0 0 0
0.0801533 0 0.278045 0 0
0.101743 0 0.426117 0 0
0.224933 0 0.955441 0 0
0 0 0 0 0
0 0 0 0 0
0.0776342 0 0.272542 0 0
0.10027 0 0.420498 0 0
0.216414 0 0.924825 0 0
0 0 0 0 0
0 0 0 0 0
0.0751039 0 0.267064 0 0
0.098867 0 0.415077 0 0
0.208118 0 0.894944 0 0
0 0 0 0 0
0 0 0 0 0
0.0725776 0 0.261656 0 0
0.0975044 0 0.409792 0 0
0.20004 0 0.865798 0 0
0 0 0 0 0
0 0 0 0 0
0.0700718 0 0.256362 0 0
0.0961515 0 0.404578 0 0
0.192174 0 0.83739 0 0
0 0 0 0 0
0 0 0 0 0
0.0676052 0 0.25123 0 0
0.09478 0 0.399376 0 0
0.184523 0 0.809725 0 0
0 0 0 0 0
0 0 0 0 0
0.0651982 0 0.246303 0 0
0.0933663 0 0.394131 0 0
0.177089 0 0.782809 0 0
0 0 0 0 0
0 0 0 0 0
0.0628734 0 0.241623 0 0
0.0918929 0 0.388793 0 0
0.16988 0 0.756656 0 0
0 0 0 0 0
0 0 0 0 0
0.0606545 0 0.237223 0 0
0.0903491 0 0.38332 0 0
0.162907 0 0.731282 0 0
0 0 0 0 0
0 0 0 0 0
0.0585656 0 0.233133 0 0
0.0887316 0 0.377675 0 0
0.15618 0 0.706713 0 0
0 0 0 0 0
0 0 0 0 0
0.0566289 0 0.229377 0 0
0.087043 0 0.371831 0 0
0.149709 0 0.682979 0 0
0 0 0 0 0
0 0 0 0 0
0.0548623 0 0.22597 0 0
0.0852906 0 0.365766 0 0
0.143503 0 0.660119 0 0
0 0 0 0 0
0 0 0 0 0
0.053278 0 0.222922 0 0
0.0834845 0 0.359467 0 0
0.137567 0 0.638177 0 0
0 0 0 0 0
0 0 0 0 0
0.0518814 0 0.220232 0 0
0.0816367 0 0.352931 0 0
0.131905 0 0.617197 0 0
0 0 0 0 0
0 0 0 0 0
0.0506708 0 0.217889 0 0
0.0797606 0 0.346169 0 0
0.126521 0 0.597226 0 0
0 0 0 0 0
0 0 0 0 0
0.0496388 0 0.215873 0 0
0.077871 0 0.339203 0 0
0.121418 0 0.578307 0 0
0 0 0 0 0
0 0 0 0 0
0.0487731 0 0.214153 0 0
0.0759843 0 0.332071 0 0
0.116599 0 0.56048 0 0
0 0 0 0 0
0 0 0 0 0
0.0480586 0 0.212687 0 0
0.074119 0 0.324826 0 0
0.112067 0 0.543774 0 0
0 0 0 0 0
0 0 0 0 0
0.0474776 0 0.211431 0 0
0.0722949 0 0.317529 0 0
0.107821 0 0.528209 0 0
0 0 0 0 0
0 0 0 0 0
0.0470117 0 0.210335 0 0
0.0705322 0 0.31025 0 0
0.103856 0 0.513788 0 0
0 0 0 0 0
0 0 0 0 0
0.0466417 0 0.209348 0 0
0.0688493 0 0.30306 0 0
0.100164 0 0.500502 0 0
0 0 0 0 0
0 0 0 0 0
0.0463485 0 0.208424 0 0
0.0672612 0 0.296029 0 0
0.0967351 0 0.488326 0 0
0 0 0 0 0
0 0 0 0 0
0.0461136 0 0.207517 0 0
0.0657774 0 0.289221 0 0
0.0935548 0 0.477221 0 0
0 0 0 0 0
0 0 0 0 0
0.0459201 0 0.206588 0 0
0.0644012 0 0.282695 0 0
0.0906105 0 0.46714 0 0
0 0 0 0 0
0 0 0 0 0
0.0457528 0 0.205605 0 0
0.0631292 0 0.276502 0 0
0.0878912 0 0.45803 0 0
0 0 0 0 0
0 0 0 0 0
0.045599 0 0.204542 0 0
0.0619528 0 0.270684 0 0
0.0853886 0 0.449833 0 0
0 0 0 0 0
0 0 0 0 0
0.0454472 0 0.20338 0 0
0.0608599 0 0.265277 0 0
0.0830972 0 0.442488 0 0
0 0 0 0 0
0 0 0 0 0
0.0452868 0 0.202107 0 0
0.0598364 0 0.260308 0 0
0.0810137 0 0.435938 0 0
0 0 0 0 0
0 0 0 0 0
0.045107 0 0.200721 0 0
0.0588676 0 0.255793 0 0
0.0791359 0 0.430123 0 0
0 0 0 0 0
0 0 0 0 0
0.0448964 0 0.199222 0 0
0.0579382 0 0.251739 0 0
0.0774609 0 0.424985 0 0
0 0 0 0 0
0 0 0 0 0
0.0446431 0 0.197617 0 0
0.0570325 0 0.248143 0 0
0.0759841 0 0.420463 0 0
0 0 0 0 0
0 0 0 0 0
0.0443355 0 0.195913 0 0
0.0561341 0 0.24499 0 0
0.0746982 0 0.41649 0 0
0 0 0 0 0
0 0 0 0 0
0.0439639 0 0.194117 0 0
0.0552268 0 0.242255 0 0
0.0735941 0 0.41299 0 0
0 0 0 0 0
0 0 0 0 0
0.043521 0 0.192238 0 0
0.0542959 0 0.239904 0 0
0.0726606 0 0.409876 0 0
0 0 0 0 0
0 0 0 0 0
0.0430031 0 0.190283 0 0
0.0533299 0 0.237893 0 0
0.071885 0 0.407049 0 0
0 0 0 0 0
0 0 0 0 0
0.0424085 0 0.188261 0 0
0.0523218 0 0.23617 0 0
0.0712518 0 0.404395 0 0
0 0 0 0 0
0 0 0 0 0
0.0417371 0 0.186184 0 0
0.0512694 0 0.234679 0 0
0.0707406 0 0.401793 0 0
0 0 0 0 0
0 0 0 0 0
0.0409895 0 0.184067 0 0
0.0501752 0 0.233357 0 0
0.0703246 0 0.399108 0 0
0 0 0 0 0
0 0 0 0 0
0.0401659 0 0.181931 0 0
0.0490451 0 0.23214 0 0
0.0699703 0 0.396204 0 0
0 0 0 0 0
0 0 0 0 0
0.0392672 0 0.179798 0 0
0.0478871 0 0.230961 0 0
0.069638 0 0.392942 0 0
0 0 0 0 0
0 0 0 0 0
0.038296 0 0.177689 0 0
0.0467101 0 0.229756 0 0
0.0692853 0 0.389189 0 0
0 0 0 0 0
0 0 0 0 0
0.0372581 0 0.175623 0 0
0.0455231 0 0.228461 0 0
0.06887 0 0.384825 0 0
0 0 0 0 0
0 0 0 0 0
0.0361638 0 0.173613 0 0
0.044334 0 0.22702 0 0
0.0683539 0 0.379745 0 0
0 0 0 0 0
0 0 0 0 0
0.0350274 0 0.171668 0 0
0.0431498 0 0.22538 0 0
0.067706 0 0.373876 0 0
0 0 0 0 0
0 0 0 0 0
0.0338674 0 0.169793 0 0
0.0419756 0 0.223497 0 0
0.0669038 0 0.367177 0 0
0 0 0 0 0
0 0 0 0 0
0.0327043 0 0.167989 0 0
0.040815 0 0.22134 0 0
0.0659351 0 0.359652 0 0
0 0 0 0 0
0 0 0 0 0
0.0315588 0 0.166261 0 0
0.039671 0 0.218884 0 0
0.0647991 0 0.351352 0 0
0 0 0 0 0
0 0 0 0 0
0.0304509 0 0.164616 0 0
0.0385477 0 0.216122 0 0
0.0635088 0 0.34238 0 0
0 0 0 0 0
0 0 0 0 0
0.0293982 0 0.163063 0 0
0.0374516 0 0.21306 0 0
0.0620918 0 0.332884 0 0
0 0 0 0 0
0 0 0 0 0
0.0284167 0 0.161616 0 0
0.036393 0 0.209722 0 0
0.0605888 0 0.323057 0 0
0 0 0 0 0
0 0 0 0 0
0 0 0 0 0
0.0353851 0 0.206146 0 0
0.0590501 0 0.313121 0 0
0 0 0 0 0
0 0 0 0 0
0 0 0 0 0
0.0344426 0 0.202389 0 0
0.0575289 0 0.303324 0 0
0 0 0 0 0
0 0 0 0 0
0 0 0 0 0
0.0335797 0 0.198518 0 0
0.0560752 0 0.293922 0 0
0 0 0 0 0
0 0 0 0 0
0 0 0 0 0
0.0328074 0 0.194611 0 0
0.0547308 0 0.285173 0 0
0 0 0 0 0
0 0 0 0 0
0 0 0 0 0
0.0321328 0 0.190751 0 0
0.053527 0 0.277317 0 0
0 0 0 0 0
0 0 0 0 0
0 0 0 0 0
0.0315589 0 0.187023 0 0
0.052485 0 0.270565 0 0
0 0 0 0 0
0 0 0 0 0
0 0 0 0 0
0.0310853 0 0.183511 0 0
0.0516178 0 0.265083 0 0
0 0 0 0 0
0 0 0 0 0
0 0 0 0 0
0.0307092 0 0.180298 0 0
0.0509321 0 0.260974 0 0
0 0 0 0 0
0 0 0 0 0
0 0 0 0 0
0.0304258 0 0.177462 0 0
0.0504284 0 0.25827 0 0
0 0 0 0 0
0 0 0 0 0
0 0 0 0 0
0.0302268 0 0.175075 0 0
0.0500991 0 0.256923 0 0
0 0 0 0 0
0 0 0 0 0
0 0 0 0 0
0.0300997 0 0.173197 0 0
0.0499264 0 0.256805 0 0
0 0 0 0 0
0 0 0 0 0
0 0 0 0 0
0.0300265 0 0.171872 0 0
0.0498807 0 0.257713 0 0
0 0 0 0 0
0 0 0 0 0
0 0 0 0 0
0.0299847 0 0.171123 0 0
0.0499217 0 0.259387 0 0
0 0 0 0 0
0 0 0 0 0
0 0 0 0 0
0.0299492 0 0.170943 0 0
0.0500013 0 0.261517 0 0
0 0 0 0 0
0 0 0 0 0
0 0 0 0 0
0.0298948 0 0.171297 0 0
0.0500679 0 0.263773 0 0
0 0 0 0 0
0 0 0 0 0
0 0 0 0 0
0.0297987 0 0.172119 0 0
0.0500704 0 0.265812 0 0
0 0 0 0 0
0 0 0 0 0
0 0 0 0 0
0.0296411 0 0.173322 0 0
0.0499602 0 0.267307 0 0
0 0 0 0 0
0 0 0 0 0
0 0 0 0 0
0.0294059 0 0.174797 0 0
0.0496937 0 0.267959 0 0
0 0 0 0 0
0 0 0 0 0
0 0 0 0 0
0.0290792 0 0.176427 0 0
0.0492323 0 0.267514 0 0
0 0 0 0 0
0 0 0 0 0
0 0 0 0 0
0.0286493 0 0.17809 0 0
0.0485444 0 0.265783 0 0
0 0 0 0 0
0 0 0 0 0
0 0 0 0 0
0.0281064 0 0.179665 0 0
0.0476067 0 0.262648 0 0
0 0 0 0 0
0 0 0 0 0
0 0 0 0 0
0.0274449 0 0.181037 0 0
0.0464075 0 0.258074 0 0
0 0 0 0 0
0 0 0 0 0
0 0 0 0 0
0.0266651 0 0.182105 0 0
0.0449482 0 0.252106 0 0
0 0 0 0 0
0 0 0 0 0
0 0 0 0 0
0.0257767 0 0.182784 0 0
0.0432446 0 0.244874 0 0
0 0 0 0 0
0 0 0 0 0
0 0 0 0 0
0.0247995 0 0.183014 0 0
0.041326 0 0.236575 0 0
0 0 0 0 0
0 0 0 0 0
0 0 0 0 0
0.0237649 0 0.182763 0 0
0.0392326 0 0.227467 0 0
0 0 0 0 0
0 0 0 0 0
0 0 0 0 0
0.0227156 0 0.18203 0 0
0.0370131 0 0.217852 0 0
0 0 0 0 0
0 0 0 0 0
0 0 0 0 0
0.0217045 0 0.180844 0 0
0.0347227 0 0.208064 0 0
0 0 0 0 0
0 0 0 0 0
0 0 0 0 0
0.0207933 0 0.17926 0 0
0.0324212 0 0.198447 0 0
0 0 0 0 0
0 0 0 0 0
0 0 0 0 0
0.0200494 0 0.17736 0 0
0.0301729 0 0.189348 0 0
0 0 0 0 0
0 0 0 0 0
0 0 0 0 0
0.0195414 0 0.175244 0 0
0.0280451 0 0.181097 0 0
0 0 0 0 0
0 0 0 0 0
0 0 0 0 0
0.0193334 0 0.17303 0 0
0.0261066 0 0.173992 0 0
0 0 0 0 0
0 0 0 0 0
0 0 0 0 0
0.0194791 0 0.170843 0 0
0.024425 0 0.168283 0 0
0 0 0 0 0
0 0 0 0 0
0 0 0 0 0
0.0200159 0 0.168812 0 0
0.0230633 0 0.164167 0 0
0 0 0 0 0
0 0 0 0 0
0 0 0 0 0
0.0209612 0 0.16706 0 0
0.0220759 0 0.161769 0 0
0 0 0 0 0
0 0 0 0 0
0 0 0 0 0
0.02231 0 0.165701 0 0
0.0215053 0 0.161146 0 0
0 0 0 0 0
0 0 0 0 0
0 0 0 0 0
0.0240339 0 0.164825 0 0
0.0213792 0 0.162284 0 0
0 0 0 0 0
0 0 0 0 0
0 0 0 0 0
0.026083 0 0.164502 0 0
0.0217081 0 0.165099 0 0
0 0 0 0 0
0 0 0 0 0
0 0 0 0 0
0.0283875 0 0.16477 0 0
0.022484 0 0.169443 0 0
0 0 0 0 0
0 0 0 0 0
0 0 0 0 0
0.0308618 0 0.165635 0 0
0.0236797 0 0.175114 0 0
0 0 0 0 0
0 0 0 0 0
0 0 0 0 0
0.0334085 0 0.16707 0 0
0.0252485 0 0.181859 0 0
0 0 0 0 0
0 0 0 0 0
0 0 0 0 0
0.0359232 0 0.169007 0 0
0.0271251 0 0.189387 0 0
0 0 0 0 0
0 0 0 0 0
0 0 0 0 0
0.0382995 0 0.171346 0 0
0.0292286 0 0.197381 0 0
0 0 0 0 0
0 0 0 0 0
0 0 0 0 0
0.0404328 0 0.173958 0 0
0.0314661 0 0.205506 0 0
0 0 0 0 0
0 0 0 0 0
0 0 0 0 0
0.0422255 0 0.176691 0 0
0.0337361 0 0.213424 0 0
0 0 0 0 0
0 0 0 0 0
0 0 0 0 0
0.0435909 0 0.179384 0 0
0.0359329 0 0.220806 0 0
0 0 0 0 0
0 0 0 0 0
0 0 0 0 0
0.044458 0 0.181873 0 0
0.0379493 0 0.227345 0 0
0 0 0 0 0
0 0 0 0 0
0 0 0 0 0
0.0447757 0 0.184002 0 0
0.0396794 0 0.232765 0 0
0 0 0 0 0
0 0 0 0 0
0 0 0 0 0
0.0445164 0 0.185631 0 0
0.0410226 0 0.236833 0 0
0 0 0 0 0
0 0 0 0 0
0 0 0 0 0
0.0436783 0 0.186635 0 0
0.0418872 0 0.239366 0 0
0 0 0 0 0
0 0 0 0 0
0 0 0 0 0
0 0 0 0 0
0.0421964 0 0.240242 0 0
0 0 0 0 0
0 0 0 0 0
0 0 0 0 0
0 0 0 0 0
0.0418936 0 0.239404 0 0
0 0 0 0 0
0 0 0 0 0
0 0 0 0 0
0 0 0 0 0
0.040948 0 0.236859 0 0
0 0 0 0 0
0 0 0 0 0
0 0 0 0 0
0 0 0 0 0
0.0393591 0 0.232682 0 0
0 0 0 0 0
0 0 0 0 0
0 0 0 0 0
0 0 0 0 0
0.0371598 0 0.227012 0 0
0 0 0 0 0
0 0 0 0 0
0 0 0 0 0
0 0 0 0 0
0.0344171 0 0.220039 0 0
0 0 0 0 0
0 0 0 0 0
0 0 0 0 0
0 0 0 0 0
0.0312303 0 0.212003 0 0
0 0 0 0 0
0 0 0 0 0
0 0 0 0 0
0 0 0 0 0
0.0277274 0 0.203175 0 0
0 0 0 0 0
0 0 0 0 0
0 0 0 0 0
0 0 0 0 0
0.024058 0 0.19386 0 0
0 0 0 0 0
0 0 0 0 0
0 0 0 0 0
0 0 0 0 0
0.0203857 0 0.184376 0 0
0 0 0 0 0
0 0 0 0 0
0 0 0 0 0
0 0 0 0 0
0.0168789 0 0.175051 0 0
0 0 0 0 0
0 0 0 0 0
0 0 0 0 0
0 0 0 0 0
0.0137022 0 0.166211 0 0
0 0 0 0 0
0 0 0 0 0
0 0 0 0 0
0 0 0 0 0
0.0110084 0 0.158165 0 0
0 0 0 0 0
0 0 0 0 0
0 0 0 0 0
0 0 0 0 0
0.00893221 0 0.151198 0 0
0 0 0 0 0
0 0 0 0 0
0 0 0 0 0
0 0 0 0 0
0.00758452 0 0.145552 0 0
0 0 0 0 0
0 0 0 0 0
0 0 0 0 0
0 0 0 0 0
0.00704814 0 0.141419 0 0
0 0 0 0 0
0 0 0 0 0
0 0 0 0 0
0 0 0 0 0
0.00737407 0 0.138931 0 0
0 0 0 0 0
0 0 0 0 0
0 0 0 0 0
0 0 0 0 0
0.00857889 0 0.138156 0 0
0 0 0 0 0
0 0 0 0 0
0 0 0 0 0
0 0 0 0 0
0.0106432 0 0.139091 0 0
0 0 0 0 0
0 0 0 0 0
0 0 0 0 0
0 0 0 0 0
0.0135116 0 0.141671 0 0
0 0 0 0 0
0 0 0 0 0
0 0 0 0 0
0 0 0 0 0
0.0170947 0 0.145761 0 0
0 0 0 0 0
0 0 0 0 0
0 0 0 0 0
0 0 0 0 0
0.0212717 0 0.151168 0 0
0 0 0 0 0
0 0 0 0 0
0 0 0 0 0
0 0 0 0 0
0.0258962 0 0.157643 0 0
0 0 0 0 0
0 0 0 0 0
0 0 0 0 0
0 0 0 0 0
0.0308014 0 0.164891 0 0
0 0 0 0 0
0 0 0 0 0
0 0 0 0 0
0 0 0 0 0
0.0358077 0 0.17258 0 0
0 0 0 0 0
0 0 0 0 0
0 0 0 0 0
0 0 0 0 0
0.0407303 0 0.180352 0 0
0 0 0 0 0
0 0 0 0 0
0 0 0 0 0
0 0 0 0 0
0.0453864 0 0.187835 0 0
0 0 0 0 0
0 0 0 0 0
0 0 0 0 0
0 0 0 0 0
0.0496029 0 0.194653 0 0
0 0 0 0 0
0 0 0 0 0
0 0 0 0 0
0 0 0 0 0
0.0532216 0 0.200446 0 0
0 0 0 0 0
0 0 0 0 0
0 0 0 0 0
0 0 0 0 0
0.0561043 0 0.204873 0 0
0 0 0 0 0
0 0 0 0 0
0 0 0 0 0
0 0 0 0 0
0.0581359 0 0.207634 0 0
0 0 0 0 0
0 0 0 0 0
0 0 0 0 0
0 0 0 0 0
0.0592277 0 0.208478 0 0
0 0 0 0 0
0 0 0 0 0
0 0 0 0 0
0 0 0 0 0
0.0593191 0 0.207212 0 0
0 0 0 0 0
0 0 0 0 0
0 0 0 0 0
0 0 0 0 0
0.0583794 0 0.203714 0 0
0 0 0 0 0
0 0 0 0 0
0 0 0 0 0
0 0 0 0 0
0.0564079 0 0.197929 0 0
0 0 0 0 0
0 0 0 0 0
0 0 0 0 0
0 0 0 0 0
0.0534333 0 0.189878 0 0
0 0 0 0 0
0 0 0 0 0
0 0 0 0 0
0 0 0 0 0
0.0495124 0 0.179646 0 0
0 0 0 0 0
0 0 0 0 0
0 0 0 0 0
0 0 0 0 0
0.044727 0 0.167386 0 0
0 0 0 0 0
0 0 0 0 0
0 0 0 0 0
0 0 0 0 0
0.0391818 0 0.153309 0 0
0 0 0 0 0
0 0 0 0 0
0 0 0 0 0
0 0 0 0 0
0.0329996 0 0.137685 0 0
0 0 0 0 0
0 0 0 0 0
0 0 0 0 0
0 0 0 0 0
0.0263174 0 0.120827 0 0
0 0 0 0 0
0 0 0 0 0
0 0 0 0 0
0 0 0 0 0
0.0192809 0 0.103091 0 0
0 0 0 0 0
0 0 0 0 0
0 0 0 0 0
0 0 0 0 0
0.0120397 0 0.0848611 0 0
0 0 0 0 0
0 0 0 0 0
0 0 0 0 0
0 0 0 0 0
0.00474203 0 0.0665366 0 0
0 0 0 0 0
0 0 0 0 0
0 0 0 0 0
0 0 0 0 0
-0.00246848 0 0.0485224 0 0
0 0 0 0 0
0 0 0 0 0
0 0 0 0 0
0 0 0 0 0
-0.00945545 0 0.0312159 0 0
0 0 0 0 0
0 0 0 0 0
0 0 0 0 0
0 0 0 0 0
-0.0160906 0 0.0149964 0 0
0 0 0 0 0
0 0 0 0 0
0 0 0 0 0
0 0 0 0 0
-0.0222539 0 0.000215006 0 0
0 0 0 0 0
0 0 0 0 0
0 0 0 0 0
0 0 0 0 0
-0.0278343 0 -0.0128154 0 0
0 0 0 0 0
0 0 0 0 0
0 0 0 0 0
0 0 0 0 0
-0.0327319 0 -0.0238293 0 0
0 0 0 0 0
0 0 0 0 0
0 0 0 0 0
0 0 0 0 0
0 0 0 0 0
0 0 0 0 0
0 0 0 0 0
0 0 0 0 0
0 0 0 0 0
0 0 0 0 0
0 0 0 0 0
0 0 0 0 0
0 0 0 0 0
0 0 0 0 0
0 0 0 0 0
0 0 0 0 0
0 0 0 0 0
0 0 0 0 0
0 0 0 0 0
0 0 0 0 0
0 0 0 0 0
0 0 0 0 0
0 0 0 0 0
0 0 0 0 0
0 0 0 0 0
0 0 0 0 0
0 0 0 0 0
0 0 0 0 0
0 0 0 0 0
0 0 0 0 0
0 0 0 0 0
0 0 0 0 0
0 0 0 0 0
0 0 0 0 0
0 0 0 0 0
0 0 0 0 0
0 0 0 0 0
0 0 0 0 0
0 0 0 0 0
0 0 0 0 0
0 0 0 0 0
0 0 0 0 0
0 0 0 0 0
0 0 0 0 0
0 0 0 0 0
0 0 0 0 0
0 0 0 0 0
0 0 0 0 0
0 0 0 0 0
0 0 0 0 0
0 0 0 0 0
0 0 0 0 0
0 0 0 0 0
0 0 0 0 0
0 0 0 0 0
0 0 0 0 0
0 0 0 0 0
0 0 0 0 0
0 0 0 0 0
0 0 0 0 0
0 0 0 0 0
0 0 0 0 0
0 0 0 0 0
0 0 0 0 0
0 0 0 0 0
0 0 0 0 0
0 0 0 0 0
0 0 0 0 0
0 0 0 0 0
0 0 0 0 0
0 0 0 0 0
0 0 0 0 0
0 0 0 0 0
0 0 0 0 0
0 0 0 0 0
0 0 0 0 0
0 0 0 0 0
0 0 0 0 0
0 0 0 0 0
0 0 0 0 0
0 0 0 0 0
0 0 0 0 0
0 0 0 0 0
0 0 0 0 0
0 0 0 0 0
0 0 0 0 0
0 0 0 0 0
0 0 0 0 0
0 0 0 0 0
0 0 0 0 0
0 0 0 0 0
0 0 0 0 0
0 0 0 0 0
0 0 0 0 0
0 0 0 0 0
0 0 0 0 0
0 0 0 0 0
0 0 0 0 0
0 0 0 0 0
0 0 0 0 0
0 0 0 0 0
0 0 0 0 0
0 0 0 0 0
0 0 0 0 0
0 0 0 0 0
0 0 0 0 0
0 0 0 0 0
0 0 0 0 0
0 0 0 0 0
0 0 0 0 0
0 0 0 0 0
0 0 0 0 0
0 0 0 0 0
0 0 0 0 0
0 0 0 0 0
0 0 0 0 0
0 0 0 0 0
0 0 0 0 0
0 0 0 0 0
0 0 0 0 0
0 0 0 0 0
0 0 0 0 0
0 0 0 0 0
0 0 0 0 0
0 0 0 0 0
0 0 0 0 0
0 0 0 0 0
0 0 0 0 0
0 0 0 0 0
0 0 0 0 0
0 0 0 0 0
0 0 0 0 0
0 0 0 0 0
0 0 0 0 0
0 0 0 0 0
0 0 0 0 0
0 0 0 0 0
0 0 0 0 0
0 0 0 0 0
0 0 0 0 0
0 0 0 0 0
0 0 0 0 0
0 0 0 0 0
0 0 0 0 0
0 0 0 0 0
0 0 0 0 0
0 0 0 0 0
0 0 0 0 0
0 0 0 0 0
0 0 0 0 0
0 0 0 0 0
0 0 0 0 0
0 0 0 0 0
0 0 0 0 0
0 0 0 0 0
0 0 0 0 0
0 0 0 0 0
0 0 0 0 0
0 0 0 0 0
0 0 0 0 0
0 0 0 0 0
0 0 0 0 0
0 0 0 0 0
0 0 0 0 0
0 0 0 0 0
0 0 0 0 0
0 0 0 0 0
0 0 0 0 0
0 0 0 0 0
0 0 0 0 0
0 0 0 0 0
0 0 0 0 0
0 0 0 0 0
0 0 0 0 0
0 0 0 0 0
0 0 0 0 0
0 0 0 0 0
0 0 0 0 0
0 0 0 0 0
0 0 0 0 0
0 0 0 0 0
0 0 0 0 0
0 0 0 0 0
0 0 0 0 0
0 0 0 0 0
0 0 0 0 0
0 0 0 0 0
0 0 0 0 0
0 0 0 0 0
0 0 0 0 0
0 0 0 0 0
0 0 0 0 0
0 0 0 0 0
0 0 0 0 0
0 0 0 0 0
0 0 0 0 0
0 0 0 0 0
0 0 0 0 0
0 0 0 0 0
0 0 0 0 0
0 0 0 0 0
0 0 0 0 0
0 0 0 0 0
0 0 0 0 0
0 0 0 0 0
0 0 0 0 0
0 0 0 0 0
0 0 0 0 0
0 0 0 0 0
0 0 0 0 0
0 0 0 0 0
0 0 0 0 0
0 0 0 0 0
0 0 0 0 0
0 0 0 0 0
0 0 0 0 0
0 0 0 0 0
0 0 0 0 0
0 0 0 0 0
0 0 0 0 0
0 0 0 0 0
0 0 0 0 0
0 0 0 0 0
0 0 0 0 0
0 0 0 0 0
0 0 0 0 0
0 0 0 0 0
0 0 0 0 0
0 0 0 0 0
0 0 0 0 0
0 0 0 0 0
0 0 0 0 0
0 0 0 0 0
0 0 0 0 0
0 0 0 0 0
0 0 0 0 0
0 0 0 0 0
0 0 0 0 0
0 0 0 0 0
0 0 0 0 0
0 0 0 0 0
0 0 0 0 0
0 0 0 0 0
0 0 0 0 0
0 0 0 0 0
0 0 0 0 0
0 0 0 0 0
0 0 0 0 0
0 0 0 0 0
0 0 0 0 0
0 0 0 0 0
0 0 0 0 0
0 0 0 0 0
0 0 0 0 0
0 0 0 0 0
0 0 0 0 0
0 0 0 0 0
0 0 0 0 0
0 0 0 0 0
0 0 0 0 0
0 0 0 0 0
0 0 0 0 0
0 0 0 0 0
0 0 0 0 0
0 0 0 0 0
0 0 0 0 0
0 0 0 0 0
0 0 0 0 0
0 0 0 0 0
0 0 0 0 0
0 0 0 0 0
0 0 0 0 0
0 0 0 0 0
0 0 0 0 0
0 0 0 0 0
0 0 0 0 0
0 0 0 0 0
0 0 0 0 0
0 0 0 0 0
0 0 0 0 0
0 0 0 0 0
0 0 0 0 0
0 0 0 0 0
0 0 0 0 0
0 0 0 0 0
0 0 0 0 0
0 0 0 0 0
0 0 0 0 0
0 0 0 0 0
0 0 0 0 0
0 0 0 0 0
0 0 0 0 0
0 0 0 0 0
0 0 0 0 0
0 0 0 0 0
0 0 0 0 0
0 0 0 0 0
0 0 0 0 0
0 0 0 0 0
0 0 0 0 0
0 0 0 0 0
0 0 0 0 0
0 0 0 0 0
0 0 0 0 0
0 0 0 0 0
0 0 0 0 0
0 0 0 0 0
0 0 0 0 0
0 0 0 0 0
0 0 0 0 0
0 0 0 0 0
0 0 0 0 0
0 0 0 0 0
0 0 0 0 0
0 0 0 0 0
0 0 0 0 0
0 0 0 0 0
0 0 0 0 0
0 0 0 0 0
0 0 0 0 0
0 0 0 0 0
0 0 0 0 0
0 0 0 0 0
0 0 0 0 0
0 0 0 0 0
0 0 0 0 0
0 0 0 0 0
0 0 0 0 0
0 0 0 0 0
0 0 0 0 0
0 0 0 0 0
0 0 0 0 0
0 0 0 0 0
0 0 0 0 0
0 0 0 0 0
0 0 0 0 0
0 0 0 0 0
0 0 0 0 0
0 0 0 0 0
0 0 0 0 0
0 0 0 0 0
0 0 0 0 0
0 0 0 0 0
0 0 0 0 0
0 0 0 0 0
0 0 0 0 0
0 0 0 0 0
0 0 0 0 0
0 0 0 0 0
0 0 0 0 0
0 0 0 0 0
0 0 0 0 0
0 0 0 0 0
0 0 0 0 0
0 0 0 0 0
0 0 0 0 0
0 0 0 0 0
0 0 0 0 0
0 0 0 0 0
0 0 0 0 0
0 0 0 0 0
0 0 0 0 0
0 0 0 0 0
0 0 0 0 0
0 0 0 0 0
0 0 0 0 0
0 0 0 0 0
0 0 0 0 0
0 0 0 0 0
0 0 0 0 0
0 0 0 0 0
0 0 0 0 0
0 0 0 0 0
0 0 0 0 0
0 0 0 0 0
0 0 0 0 0
0 0 0 0 0
0 0 0 0 0
0 0 0 0 0
0 0 0 0 0
0 0 0 0 0
0 0 0 0 0
0 0 0 0 0
0 0 0 0 0
0 0 0 0 0
0 0 0 0 0
0 0 0 0 0
0 0 0 0 0
0 0 0 0 0
0 0 0 0 0
0 0 0 0 0
0 0 0 0 0
0 0 0 0 0
0 0 0 0 0
0 0 0 0 0
0 0 0 0 0
0 0 0 0 0
0 0 0 0 0
0 0 0 0 0
0 0 0 0 0
0 0 0 0 0
0 0 0 0 0
0 0 0 0 0
0 0 0 0 0
0 0 0 0 0
0 0 0 0 0
0 0 0 0 0
0 0 0 0 0
0 0 0 0 0
0 0 0 0 0
0 0 0 0 0
0 0 0 0 0
0 0 0 0 0
0 0 0 0 0
0 0 0 0 0
0 0 0 0 0
0 0 0 0 0
0 0 0 0 0
0 0 0 0 0
0 0 0 0 0
0 0 0 0 0
0 0 0 0 0
0 0 0 0 0
0 0 0 0 0
0 0 0 0 0
0 0 0 0 0
0 0 0 0 0
0 0 0 0 0
0 0 0 0 0
0 0 0 0 0
0 0 0 0 0
0 0 0 0 0
0 0 0 0 0
0 0 0 0 0
0 0 0 0 0
0 0 0 0 0
0 0 0 0 0
0 0 0 0 0
0 0 0 0 0
0 0 0 0 0
0 0 0 0 0
0 0 0 0 0
0 0 0 0 0
0 0 0 0 0
0 0 0 0 0
0 0 0 0 0
0 0 0 0 0
0 0 0 0 0
0 0 0 0 0
0 0 0 0 0
0 0 0 0 0
0 0 0 0 0
0 0 0 0 0
0 0 0 0 0
0 0 0 0 0
0 0 0 0 0
0 0 0 0 0
0 0 0 0 0
0 0 0 0 0
0 0 0 0 0
0 0 0 0 0
0 0 0 0 0
0 0 0 0 0
0 0 0 0 0
0 0 0 0 0
0 0 0 0 0
0 0 0 0 0
0 0 0 0 0
0 0 0 0 0
0 0 0 0 0
0 0 0 0 0
0 0 0 0 0
0 0 0 0 0
0 0 0 0 0
0 0 0 0 0
0 0 0 0 0
0 0 0 0 0
0 0 0 0 0
0 0 0 0 0
0 0 0 0 0
0 0 0 0 0
0 0 0 0 0
0 0 0 0 0
0 0 0 0 0
0 0 0 0 0
0 0 0 0 0
0 0 0 0 0
0 0 0 0 0
0 0 0 0 0
0 0 0 0 0
0 0 0 0 0
0 0 0 0 0
0 0 0 0 0
0 0 0 0 0
0 0 0 0 0
0 0 0 0 0
0 0 0 0 0
0 0 0 0 0
0 0 0 0 0
0 0 0 0 0
0 0 0 0 0
0 0 0 0 0
0 0 0 0 0
0 0 0 0 0
0 0 0 0 0
0 0 0 0 0
0 0 0 0 0
0 0 0 0 0
0 0 0 0 0
0 0 0 0 0
0 0 0 0 0
0 0 0 0 0
0 0 0 0 0
0 0 0 0 0
0 0 0 0 0
0 0 0 0 0
0 0 0 0 0
0 0 0 0 0
0 0 0 0 0
0 0 0 0 0
0 0 0 0 0
0 0 0 0 0
0 0 0 0 0
0 0 0 0 0
0 0 0 0 0
0 0 0 0 0
0 0 0 0 0
0 0 0 0 0
0 0 0 0 0
0 0 0 0 0
0 0 0 0 0
0 0 0 0 0
0 0 0 0 0
0 0 0 0 0
0 0 0 0 0
0 0 0 0 0
0 0 0 0 0
0 0 0 0 0
0 0 0 0 0
0 0 0 0 0
0 0 0 0 0
0 0 0 0 0
0 0 0 0 0
0 0 0 0 0
0 0 0 0 0
0 0 0 0 0
0 0 0 0 0
0 0 0 0 0
0 0 0 0 0
0 0 0 0 0
0 0 0 0 0
0 0 0 0 0
0 0 0 0 0
0 0 0 0 0
0 0 0 0 0
0 0 0 0 0
0 0 0 0 0
0 0 0 0 0
0 0 0 0 0
0 0 0 0 0
0 0 0 0 0
0 0 0 0 0
0 0 0 0 0
0 0 0 0 0
0 0 0 0 0
0 0 0 0 0
0 0 0 0 0
0 0 0 0 0
0 0 0 0 0
0 0 0 0 0
0 0 0 0 0
0 0 0 0 0
0 0 0 0 0
0 0 0 0 0
0 0 0 0 0
0 0 0 0 0
0 0 0 0 0
0 0 0 0 0
0 0 0 0 0
0 0 0 0 0
0 0 0 0 0
0 0 0 0 0
0 0 0 0 0
0 0 0 0 0
0 0 0 0 0
0 0 0 0 0
0 0 0 0 0
0 0 0 0 0
0 0 0 0 0
0 0 0 0 0
0 0 0 0 0
0 0 0 0 0
0 0 0 0 0
0 0 0 0 0
0 0 0 0 0
0 0 0 0 0
0 0 0 0 0
0 0 0 0 0
0 0 0 0 0
0 0 0 0 0
0 0 0 0 0
0 0 0 0 0
0 0 0 0 0
0 0 0 0 0
0 0 0 0 0
0 0 0 0 0
0 0 0 0 0
0 0 0 0 0
0 0 0 0 0
0 0 0 0 0
0 0 0 0 0
0 0 0 0 0
0 0 0 0 0
0 0 0 0 0
0 0 0 0 0
0 0 0 0 0
0 0 0 0 0
0 0 0 0 0
0 0 0 0 0
0 0 0 0 0
0 0 0 0 0
0 0 0 0 0
0 0 0 0 0
0 0 0 0 0
0 0 0 0 0
0 0 0 0 0
0 0 0 0 0
0 0 0 0 0
0 0 0 0 0
0 0 0 0 0
0 0 0 0 0
0 0 0 0 0
0 0 0 0 0
0 0 0 0 0
0 0 0 0 0
0 0 0 0 0
0 0 0 0 0
0 0 0 0 0
0 0 0 0 0
0 0 0 0 0
0 0 0 0 0
0 0 0 0 0
0 0 0 0 0
0 0 0 0 0
0 0 0 0 0
0 0 0 0 0
0 0 0 0 0
0 0 0 0 0
0 0 0 0 0
0 0 0 0 0
0 0 0 0 0
0 0 0 0 0
0 0 0 0 0
0 0 0 0 0
0 0 0 0 0
0 0 0 0 0
0 0 0 0 0
0 0 0 0 0
0 0 0 0 0
0 0 0 0 0
0 0 0 0 0
0 0 0 0 0
0 0 0 0 0
0 0 0 0 0
0 0 0 0 0
0 0 0 0 0
0 0 0 0 0
0 0 0 0 0
0 0 0 0 0
0 0 0 0 0
0 0 0 0 0
0 0 0 0 0
0 0 0 0 0
0 0 0 0 0
0 0 0 0 0
0 0 0 0 0
0 0 0 0 0
0 0 0 0 0
0 0 0 0 0
0 0 0 0 0
0 0 0 0 0
0 0 0 0 0
0 0 0 0 0
0 0 0 0 0
0 0 0 0 0
0 0 0 0 0
0 0 0 0 0
0 0 0 0 0
0 0 0 0 0
0 0 0 0 0
0 0 0 0 0
0 0 0 0 0
0 0 0 0 0
0 0 0 0 0
0 0 0 0 0
0 0 0 0 0
0 0 0 0 0
0 0 0 0 0
0 0 0 0 0
0 0 0 0 0
0 0 0 0 0
0 0 0 0 0
0 0 0 0 0
0 0 0 0 0
0 0 0 0 0
0 0 0 0 0
0 0 0 0 0
0 0 0 0 0
0 0 0 0 0
0 0 0 0 0
0 0 0 0 0
0 0 0 0 0
0 0 0 0 0
0 0 0 0 0
0 0 0 0 0
0 0 0 0 0
0 0 0 0 0
0 0 0 0 0
0 0 0 0 0
0 0 0 0 0
0 0 0 0 0
0 0 0 0 0
0 0 0 0 0
0 0 0 0 0
0 0 0 0 0
0 0 0 0 0
0 0 0 0 0
0 0 0 0 0
0 0 0 0 0
0 0 0 0 0
0 0 0 0 0
0 0 0 0 0
0 0 0 0 0
0 0 0 0 0
0 0 0 0 0
0 0 0 0 0
0 0 0 0 0
0 0 0 0 0
0 0 0 0 0
0 0 0 0 0
0 0 0 0 0
0 0 0 0 0
0 0 0 0 0
0 0 0 0 0
0 0 0 0 0
0 0 0 0 0
0 0 0 0 0
0 0 0 0 0
0 0 0 0 0
0 0 0 0 0
0 0 0 0 0
0 0 0 0 0
0 0 0 0 0
0 0 0 0 0
0 0 0 0 0
0 0 0 0 0
0 0 0 0 0
0 0 0 0 0
0 0 0 0 0
0 0 0 0 0
0 0 0 0 0
0 0 0 0 0
0 0 0 0 0
0 0 0 0 0
0 0 0 0 0
0 0 0 0 0
0 0 0 0 0
0 0 0 0 0
0 0 0 0 0
0 0 0 0 0
0 0 0 0 0
0 0 0 0 0
0 0 0 0 0
0 0 0 0 0
0 0 0 0 0
0 0 0 0 0
0 0 0 0 0
0 0 0 0 0
0 0 0 0 0
0 0 0 0 0
0 0 0 0 0
0 0 0 0 0
0 0 0 0 0
0 0 0 0 0
0 0 0 0 0
0 0 0 0 0
0 0 0 0 0
0 0 0 0 0
0 0 0 0 0
0 0 0 0 0
0 0 0 0 0
0 0 0 0 0
0 0 0 0 0
0 0 0 0 0
0 0 0 0 0
0 0 0 0 0
0 0 0 0 0
0 0 0 0 0
0 0 0 0 0
0 0 0 0 0
0 0 0 0 0
0 0 0 0 0
0 0 0 0 0
0 0 0 0 0
0 0 0 0 0
0 0 0 0 0
0 0 0 0 0
0 0 0 0 0
0 0 0 0 0
0 0 0 0 0
0 0 0 0 0
0 0 0 0 0
0 0 0 0 0
0 0 0 0 0
0 0 0 0 0
0 0 0 0 0
0 0 0 0 0
0 0 0 0 0
0 0 0 0 0
0 0 0 0 0
0 0 0 0 0
0 0 0 0 0
0 0 0 0 0
0 0 0 0 0
0 0 0 0 0
0 0 0 0 0
0 0 0 0 0
0 0 0 0 0
0 0 0 0 0
0 0 0 0 0
0 0 0 0 0
0 0 0 0 0
0 0 0 0 0
0 0 0 0 0
0 0 0 0 0
0 0 0 0 0
0 0 0 0 0
0 0 0 0 0
0 0 0 0 0
0 0 0 0 0
0 0 0 0 0
0 0 0 0 0
0 0 0 0 0
0 0 0 0 0
0 0 0 0 0
0 0 0 0 0
0 0 0 0 0
0 0 0 0 0
0 0 0 0 0
0 0 0 0 0
0 0 0 0 0
0 0 0 0 0
0 0 0 0 0
0 0 0 0 0
0 0 0 0 0
0 0 0 0 0
0 0 0 0 0
0 0 0 0 0
0 0 0 0 0
0 0 0 0 0
0 0 0 0 0
0 0 0 0 0
0 0 0 0 0
0 0 0 0 0
0 0 0 0 0
0 0 0 0 0
0 0 0 0 0
0 0 0 0 0
0 0 0 0 0
0 0 0 0 0
0 0 0 0 0
0 0 0 0 0
0 0 0 0 0
0 0 0 0 0
0 0 0 0 0
0 0 0 0 0
0 0 0 0 0
0 0 0 0 0
0 0 0 0 0
0 0 0 0 0
0 0 0 0 0
0 0 0 0 0
0 0 0 0 0
0 0 0 0 0
0 0 0 0 0
0 0 0 0 0
0 0 0 0 0
0 0 0 0 0
0 0 0 0 0
0 0 0 0 0
0 0 0 0 0
0 0 0 0 0
0 0 0 0 0
0 0 0 0 0
0 0 0 0 0
0 0 0 0 0
0 0 0 0 0
0 0 0 0 0
0 0 0 0 0
0 0 0 0 0
0 0 0 0 0
0 0 0 0 0
0 0 0 0 0
0 0 0 0 0
0 0 0 0 0
0 0 0 0 0
0 0 0 0 0
0 0 0 0 0
0 0 0 0 0
0 0 0 0 0
0 0 0 0 0
0 0 0 0 0
0 0 0 0 0
0 0 0 0 0
0 0 0 0 0
0 0 0 0 0
0 0 0 0 0
0 0 0 0 0
0 0 0 0 0
0 0 0 0 0
0 0 0 0 0
0 0 0 0 0
0 0 0 0 0
0 0 0 0 0
0 0 0 0 0
0 0 0 0 0
0 0 0 0 0
0 0 0 0 0
0 0 0 0 0
0 0 0 0 0
0 0 0 0 0
0 0 0 0 0
0 0 0 0 0
0 0 0 0 0
0 0 0 0 0
0 0 0 0 0
0 0 0 0 0
0 0 0 0 0
0 0 0 0 0
0 0 0 0 0
0 0 0 0 0
0 0 0 0 0
0 0 0 0 0
0 0 0 0 0
0 0 0 0 0
0 0 0 0 0
0 0 0 0 0
0 0 0 0 0
0 0 0 0 0
0 0 0 0 0
0 0 0 0 0
0 0 0 0 0
0 0 0 0 0
0 0 0 0 0
0 0 0 0 0
0 0 0 0 0
0 0 0 0 0
0 0 0 0 0
0 0 0 0 0
0 0 0 0 0
0 0 0 0 0
0 0 0 0 0
0 0 0 0 0
0 0 0 0 0
0 0 0 0 0
0 0 0 0 0
0 0 0 0 0
0 0 0 0 0
0 0 0 0 0
0 0 0 0 0
0 0 0 0 0
0 0 0 0 0
0 0 0 0 0
0 0 0 0 0
0 0 0 0 0
0 0 0 0 0
0 0 0 0 0
0 0 0 0 0
0 0 0 0 0
0 0 0 0 0
0 0 0 0 0
0 0 0 0 0
0 0 0 0 0
0 0 0 0 0
0 0 0 0 0
0 0 0 0 0
0 0 0 0 0
0 0 0 0 0
0 0 0 0 0
0 0 0 0 0
0 0 0 0 0
0 0 0 0 0
0 0 0 0 0
0 0 0 0 0
0 0 0 0 0
0 0 0 0 0
0 0 0 0 0
0 0 0 0 0
0 0 0 0 0
0 0 0 0 0
0 0 0 0 0
0 0 0 0 0
0 0 0 0 0
0 0 0 0 0
0 0 0 0 0
0 0 0 0 0
0 0 0 0 0
0 0 0 0 0
0 0 0 0 0
0 0 0 0 0
0 0 0 0 0
0 0 0 0 0
0 0 0 0 0
0 0 0 0 0
0 0 0 0 0
0 0 0 0 0
0 0 0 0 0
0 0 0 0 0
0 0 0 0 0
0 0 0 0 0
0 0 0 0 0
0 0 0 0 0
0 0 0 0 0
0 0 0 0 0
0 0 0 0 0
0 0 0 0 0
0 0 0 0 0
0 0 0 0 0
0 0 0 0 0
0 0 0 0 0
0 0 0 0 0
0 0 0 0 0
0 0 0 0 0
0 0 0 0 0
0 0 0 0 0
0 0 0 0 0
0 0 0 0 0
0 0 0 0 0
0 0 0 0 0
0 0 0 0 0
0 0 0 0 0
0 0 0 0 0
0 0 0 0 0
0 0 0 0 0
0 0 0 0 0
0 0 0 0 0
0 0 0 0 0
0 0 0 0 0
0 0 0 0 0
0 0 0 0 0
0 0 0 0 0
0 0 0 0 0
0 0 0 0 0
0 0 0 0 0
0 0 0 0 0
0 0 0 0 0
0 0 0 0 0
0 0 0 0 0
0 0 0 0 0
0 0 0 0 0
0 0 0 0 0
0 0 0 0 0
0 0 0 0 0
0 0 0 0 0
0 0 0 0 0
0 0 0 0 0
0 0 0 0 0
0 0 0 0 0
0 0 0 0 0
0 0 0 0 0
0 0 0 0 0
0 0 0 0 0
0 0 0 0 0
0 0 0 0 0
0 0 0 0 0
0 0 0 0 0
0 0 0 0 0
0 0 0 0 0
0 0 0 0 0
0 0 0 0 0
0 0 0 0 0
0 0 0 0 0
0 0 0 0 0
0 0 0 0 0
0 0 0 0 0
0 0 0 0 0
0 0 0 0 0
0 0 0 0 0
0 0 0 0 0
0 0 0 0 0
0 0 0 0 0
0 0 0 0 0
0 0 0 0 0
0 0 0 0 0
0 0 0 0 0
0 0 0 0 0
0 0 0 0 0
0 0 0 0 0
0 0 0 0 0
0 0 0 0 0
0 0 0 0 0
0 0 0 0 0
0 0 0 0 0
0 0 0 0 0
0 0 0 0 0
0 0 0 0 0
0 0 0 0 0
0 0 0 0 0
0 0 0 0 0
0 0 0 0 0
0 0 0 0 0
0 0 0 0 0
0 0 0 0 0
0 0 0 0 0
0 0 0 0 0
0 0 0 0 0
0 0 0 0 0
0 0 0 0 0
0 0 0 0 0
0 0 0 0 0
0 0 0 0 0
0 0 0 0 0
0 0 0 0 0
0 0 0 0 0
0 0 0 0 0
0 0 0 0 0
0 0 0 0 0
0 0 0 0 0
0 0 0 0 0
0 0 0 0 0
0 0 0 0 0
0 0 0 0 0
0 0 0 0 0
0 0 0 0 0
0 0 0 0 0
0 0 0 0 0
0 0 0 0 0
0 0 0 0 0
0 0 0 0 0
0 0 0 0 0
0 0 0 0 0
0 0 0 0 0
0 0 0 0 0
0 0 0 0 0
0 0 0 0 0
0 0 0 0 0
0 0 0 0 0
0 0 0 0 0
0 0 0 0 0
0 0 0 0 0
0 0 0 0 0
0 0 0 0 0
0 0 0 0 0
0 0 0 0 0
0 0 0 0 0
0 0 0 0 0
0 0 0 0 0
0 0 0 0 0
0 0 0 0 0
0 0 0 0 0
0 0 0 0 0
0 0 0 0 0
0 0 0 0 0
0 0 0 0 0
0 0 0 0 0
0 0 0 0 0
0 0 0 0 0
0 0 0 0 0
0 0 0 0 0
0 0 0 0 0
0 0 0 0 0
0 0 0 0 0
0 0 0 0 0
0 0 0 0 0
0 0 0 0 0
0 0 0 0 0
0 0 0 0 0
0 0 0 0 0
0 0 0 0 0
0 0 0 0 0
0 0 0 0 0
0 0 0 0 0
0 0 0 0 0
0 0 0 0 0
0 0 0 0 0
0 0 0 0 0
0 0 0 0 0
0 0 0 0 0
0 0 0 0 0
0 0 0 0 0
0 0 0 0 0
0 0 0 0 0
0 0 0 0 0
0 0 0 0 0
0 0 0 0 0
0 0 0 0 0
0 0 0 0 0
0 0 0 0 0
0 0 0 0 0
0 0 0 0 0
0 0 0 0 0
0 0 0 0 0
0 0 0 0 0
0 0 0 0 0
0 0 0 0 0
0 0 0 0 0
0 0 0 0 0
0 0 0 0 0
0 0 0 0 0
0 0 0 0 0
0 0 0 0 0
0 0 0 0 0
0 0 0 0 0
0 0 0 0 0
0 0 0 0 0
0 0 0 0 0
0 0 0 0 0
0 0 0 0 0
0 0 0 0 0
0 0 0 0 0
0 0 0 0 0
0 0 0 0 0
0 0 0 0 0
0 0 0 0 0
0 0 0 0 0
0 0 0 0 0
0 0 0 0 0
0 0 0 0 0
0 0 0 0 0
0 0 0 0 0
0 0 0 0 0
0 0 0 0 0
0 0 0 0 0
0 0 0 0 0
0 0 0 0 0
0 0 0 0 0
0 0 0 0 0
0 0 0 0 0
0 0 0 0 0
0 0 0 0 0
0 0 0 0 0
0 0 0 0 0
0 0 0 0 0
0 0 0 0 0
0 0 0 0 0
0 0 0 0 0
0 0 0 0 0
0 0 0 0 0
0 0 0 0 0
0 0 0 0 0
0 0 0 0 0
0 0 0 0 0
0 0 0 0 0
0 0 0 0 0
0 0 0 0 0
0 0 0 0 0
0 0 0 0 0
0 0 0 0 0
0 0 0 0 0
0 0 0 0 0
0 0 0 0 0
0 0 0 0 0
0 0 0 0 0
0 0 0 0 0
0 0 0 0 0
0 0 0 0 0
0 0 0 0 0
0 0 0 0 0
0 0 0 0 0
0 0 0 0 0
0 0 0 0 0
0 0 0 0 0
0 0 0 0 0
0 0 0 0 0
0 0 0 0 0
0 0 0 0 0
0 0 0 0 0
0 0 0 0 0
0 0 0 0 0
0 0 0 0 0
0 0 0 0 0
0 0 0 0 0
0 0 0 0 0
0 0 0 0 0
0 0 0 0 0
0 0 0 0 0
0 0 0 0 0
0 0 0 0 0
0 0 0 0 0
0 0 0 0 0
0 0 0 0 0
0 0 0 0 0
0 0 0 0 0
0 0 0 0 0
0 0 0 0 0
0 0 0 0 0
0 0 0 0 0
0 0 0 0 0
0 0 0 0 0
0 0 0 0 0
0 0 0 0 0
0 0 0 0 0
0 0 0 0 0
0 0 0 0 0
0 0 0 0 0
0 0 0 0 0
0 0 0 0 0
0 0 0 0 0
0 0 0 0 0
0 0 0 0 0
0 0 0 0 0
0 0 0 0 0
0 0 0 0 0
0 0 0 0 0
0 0 0 0 0
0 0 0 0 0
0 0 0 0 0
0 0 0 0 0
0 0 0 0 0
0 0 0 0 0
0 0 0 0 0
0 0 0 0 0
0 0 0 0 0
0 0 0 0 0
0 0 0 0 0
0 0 0 0 0
0 0 0 0 0
0 0 0 0 0
0 0 0 0 0
0 0 0 0 0
0 0 0 0 0
0 0 0 0 0
0 0 0 0 0
0 0 0 0 0
0 0 0 0 0
0 0 0 0 0
0 0 0 0 0
0 0 0 0 0
0 0 0 0 0
0 0 0 0 0
0 0 0 0 0
0 0 0 0 0
0 0 0 0 0
0 0 0 0 0
0 0 0 0 0
0 0 0 0 0
0 0 0 0 0
0 0 0 0 0
0 0 0 0 0
0 0 0 0 0
0 0 0 0 0
0 0 0 0 0
0 0 0 0 0
0 0 0 0 0
0 0 0 0 0
0 0 0 0 0
0 0 0 0 0
0 0 0 0 0
0 0 0 0 0
0 0 0 0 0
0 0 0 0 0
0 0 0 0 0
0 0 0 0 0
0 0 0 0 0
0 0 0 0 0
0 0 0 0 0
0 0 0 0 0
0 0 0 0 0
0 0 0 0 0
0 0 0 0 0
0 0 0 0 0
0 0 0 0 0
0 0 0 0 0
0 0 0 0 0
0 0 0 0 0
0 0 0 0 0
0 0 0 0 0
0 0 0 0 0
0 0 0 0 0
0 0 0 0 0
0 0 0 0 0
0 0 0 0 0
0 0 0 0 0
0 0 0 0 0
0 0 0 0 0
0 0 0 0 0
0 0 0 0 0
0 0 0 0 0
0 0 0 0 0
0 0 0 0 0
0 0 0 0 0
0 0 0 0 0
0 0 0 0 0
0 0 0 0 0
0 0 0 0 0
0 0 0 0 0
0 0 0 0 0
0 0 0 0 0
0 0 0 0 0
0 0 0 0 0
0 0 0 0 0
0 0 0 0 0
0 0 0 0 0
0 0 0 0 0
0 0 0 0 0
0 0 0 0 0
0 0 0 0 0
0 0 0 0 0
0 0 0 0 0
0 0 0 0 0
0 0 0 0 0
0 0 0 0 0
0 0 0 0 0
0 0 0 0 0
0 0 0 0 0
0 0 0 0 0
0 0 0 0 0
0 0 0 0 0
0 0 0 0 0
0 0 0 0 0
0 0 0 0 0
0 0 0 0 0
0 0 0 0 0
0 0 0 0 0
0 0 0 0 0
0 0 0 0 0
0 0 0 0 0
0 0 0 0 0
0 0 0 0 0
0 0 0 0 0
0 0 0 0 0
0 0 0 0 0
0 0 0 0 0
0 0 0 0 0
0 0 0 0 0
0 0 0 0 0
0 0 0 0 0
0 0 0 0 0
0 0 0 0 0
0 0 0 0 0
0 0 0 0 0
0 0 0 0 0
0 0 0 0 0
0 0 0 0 0
0 0 0 0 0
0 0 0 0 0
0 0 0 0 0
0 0 0 0 0
0 0 0 0 0
0 0 0 0 0
0 0 0 0 0
0 0 0 0 0
0 0 0 0 0
0 0 0 0 0
0 0 0 0 0
0 0 0 0 0
0 0 0 0 0
0 0 0 0 0
0 0 0 0 0
0 0 0 0 0
0 0 0 0 0
0 0 0 0 0
0 0 0 0 0
0 0 0 0 0
0 0 0 0 0
0 0 0 0 0
0 0 0 0 0
0 0 0 0 0
0 0 0 0 0
0 0 0 0 0
0 0 0 0 0
0 0 0 0 0
0 0 0 0 0
0 0 0 0 0
0 0 0 0 0
0 0 0 0 0
0 0 0 0 0
0 0 0 0 0
0 0 0 0 0
0 0 0 0 0
0 0 0 0 0
0 0 0 0 0
0 0 0 0 0
0 0 0 0 0
0 0 0 0 0
0 0 0 0 0
0 0 0 0 0
0 0 0 0 0
0 0 0 0 0
0 0 0 0 0
0 0 0 0 0
0 0 0 0 0
0 0 0 0 0
0 0 0 0 0
0 0 0 0 0
0 0 0 0 0
0 0 0 0 0
0 0 0 0 0
0 0 0 0 0
0 0 0 0 0
0 0 0 0 0
0 0 0 0 0
0 0 0 0 0
0 0 0 0 0
0 0 0 0 0
0 0 0 0 0
0 0 0 0 0
0 0 0 0 0
0 0 0 0 0
0 0 0 0 0
0 0 0 0 0
0 0 0 0 0
0 0 0 0 0
0 0 0 0 0
0 0 0 0 0
0 0 0 0 0
0 0 0 0 0
0 0 0 0 0
0 0 0 0 0
0 0 0 0 0
0 0 0 0 0
0 0 0 0 0
0 0 0 0 0
0 0 0 0 0
0 0 0 0 0
0 0 0 0 0
0 0 0 0 0
0 0 0 0 0
0 0 0 0 0
0 0 0 0 0
0 0 0 0 0
0 0 0 0 0
0 0 0 0 0
0 0 0 0 0
0 0 0 0 0
0 0 0 0 0
0 0 0 0 0
0 0 0 0 0
0 0 0 0 0
0 0 0 0 0
0 0 0 0 0
0 0 0 0 0
0 0 0 0 0
0 0 0 0 0
0 0 0 0 0
0 0 0 0 0
0 0 0 0 0
0 0 0 0 0
0 0 0 0 0
0 0 0 0 0
0 0 0 0 0
0 0 0 0 0
0 0 0 0 0
0 0 0 0 0
0 0 0 0 0
0 0 0 0 0
0 0 0 0 0
0 0 0 0 0
0 0 0 0 0
0 0 0 0 0
0 0 0 0 0
0 0 0 0 0
0 0 0 0 0
0 0 0 0 0
0 0 0 0 0
0 0 0 0 0
0 0 0 0 0
0 0 0 0 0
0 0 0 0 0
0 0 0 0 0
0 0 0 0 0
0 0 0 0 0
0 0 0 0 0
0 0 0 0 0
0 0 0 0 0
0 0 0 0 0
0 0 0 0 0
0 0 0 0 0
0 0 0 0 0
0 0 0 0 0
0 0 0 0 0
0 0 0 0 0
0 0 0 0 0
0 0 0 0 0
0 0 0 0 0
0 0 0 0 0
0 0 0 0 0
0 0 0 0 0
0 0 0 0 0
0 0 0 0 0
0 0 0 0 0
0 0 0 0 0
0 0 0 0 0
0 0 0 0 0
0 0 0 0 0
0 0 0 0 0
0 0 0 0 0
0 0 0 0 0
0 0 0 0 0
0 0 0 0 0
0 0 0 0 0
0 0 0 0 0
0 0 0 0 0
0 0 0 0 0
0 0 0 0 0
0 0 0 0 0
0 0 0 0 0
0 0 0 0 0
0 0 0 0 0
0 0 0 0 0
0 0 0 0 0
0 0 0 0 0
0 0 0 0 0
0 0 0 0 0
0 0 0 0 0
0 0 0 0 0
0 0 0 0 0
0 0 0 0 0
0 0 0 0 0
0 0 0 0 0
0 0 0 0 0
0 0 0 0 0
0 0 0 0 0
0 0 0 0 0
0 0 0 0 0
0 0 0 0 0
0 0 0 0 0
0 0 0 0 0
0 0 0 0 0
0 0 0 0 0
0 0 0 0 0
0 0 0 0 0
0 0 0 0 0
0 0 0 0 0
0 0 0 0 0
0 0 0 0 0
0 0 0 0 0
0 0 0 0 0
0 0 0 0 0
0 0 0 0 0
0 0 0 0 0
0 0 0 0 0
0 0 0 0 0
0 0 0 0 0
0 0 0 0 0
0 0 0 0 0
0 0 0 0 0
0 0 0 0 0
0 0 0 0 0
0 0 0 0 0
0 0 0 0 0
0 0 0 0 0
0 0 0 0 0
0 0 0 0 0
0 0 0 0 0
0 0 0 0 0
0 0 0 0 0
0 0 0 0 0
0 0 0 0 0
0 0 0 0 0
0 0 0 0 0
0 0 0 0 0
0 0 0 0 0
0 0 0 0 0
0 0 0 0 0
0 0 0 0 0
0 0 0 0 0
0 0 0 0 0
0 0 0 0 0
0 0 0 0 0
0 0 0 0 0
0 0 0 0 0
0 0 0 0 0
0 0 0 0 0
0 0 0 0 0
0 0 0 0 0
0 0 0 0 0
0 0 0 0 0
0 0 0 0 0
0 0 0 0 0
0 0 0 0 0
0 0 0 0 0
0 0 0 0 0
0 0 0 0 0
0 0 0 0 0
0 0 0 0 0
0 0 0 0 0
0 0 0 0 0
0 0 0 0 0
0 0 0 0 0
0 0 0 0 0
0 0 0 0 0
0 0 0 0 0
0 0 0 0 0
0 0 0 0 0
0 0 0 0 0
0 0 0 0 0
0 0 0 0 0
0 0 0 0 0
0 0 0 0 0
0 0 0 0 0
0 0 0 0 0
0 0 0 0 0
0 0 0 0 0
0 0 0 0 0
0 0 0 0 0
0 0 0 0 0
0 0 0 0 0
0 0 0 0 0
0 0 0 0 0
0 0 0 0 0
0 0 0 0 0
0 0 0 0 0
0 0 0 0 0
0 0 0 0 0
0 0 0 0 0
0 0 0 0 0
0 0 0 0 0
0 0 0 0 0
0 0 0 0 0
0 0 0 0 0
0 0 0 0 0
0 0 0 0 0
0 0 0 0 0
0 0 0 0 0
0 0 0 0 0
0 0 0 0 0
0 0 0 0 0
0 0 0 0 0
0 0 0 0 0
0 0 0 0 0
0 0 0 0 0
0 0 0 0 0
0 0 0 0 0
0 0 0 0 0
0 0 0 0 0
0 0 0 0 0
0 0 0 0 0
0 0 0 0 0
0 0 0 0 0
0 0 0 0 0
0 0 0 0 0
0 0 0 0 0
0 0 0 0 0
0 0 0 0 0
0 0 0 0 0
0 0 0 0 0
0 0 0 0 0
0 0 0 0 0
0 0 0 0 0
0 0 0 0 0
0 0 0 0 0
0 0 0 0 0
0 0 0 0 0
0 0 0 0 0
0 0 0 0 0
0 0 0 0 0
0 0 0 0 0
0 0 0 0 0
0 0 0 0 0
0 0 0 0 0
0 0 0 0 0
0 0 0 0 0
0 0 0 0 0
0 0 0 0 0
0 0 0 0 0
0 0 0 0 0
0 0 0 0 0
0 0 0 0 0
0 0 0 0 0
0 0 0 0 0
0 0 0 0 0
0 0 0 0 0
0 0 0 0 0
0 0 0 0 0
0 0 0 0 0
0 0 0 0 0
0 0 0 0 0
0 0 0 0 0
0 0 0 0 0
0 0 0 0 0
0 0 0 0 0
0 0 0 0 0
0 0 0 0 0
0 0 0 0 0
0 0 0 0 0
0 0 0 0 0
0 0 0 0 0
0 0 0 0 0
0 0 0 0 0
0 0 0 0 0
0 0 0 0 0
0 0 0 0 0
0 0 0 0 0
0 0 0 0 0
0 0 0 0 0
0 0 0 0 0
0 0 0 0 0
0 0 0 0 0
0 0 0 0 0
0 0 0 0 0
0 0 0 0 0
0 0 0 0 0
0 0 0 0 0
0 0 0 0 0
0 0 0 0 0
0 0 0 0 0
0 0 0 0 0
0 0 0 0 0
0 0 0 0 0
0 0 0 0 0
0 0 0 0 0
0 0 0 0 0
0 0 0 0 0
0 0 0 0 0
0 0 0 0 0
0 0 0 0 0
0 0 0 0 0
0 0 0 0 0
0 0 0 0 0
0 0 0 0 0
0 0 0 0 0
0 0 0 0 0
0 0 0 0 0
0 0 0 0 0
0 0 0 0 0
0 0 0 0 0
0 0 0 0 0
0 0 0 0 0
0 0 0 0 0
0 0 0 0 0
0 0 0 0 0
0 0 0 0 0
0 0 0 0 0
0 0 0 0 0
0 0 0 0 0
0 0 0 0 0
0 0 0 0 0
0 0 0 0 0
0 0 0 0 0
0 0 0 0 0
0 0 0 0 0
0 0 0 0 0
0 0 0 0 0
0 0 0 0 0
0 0 0 0 0
0 0 0 0 0
0 0 0 0 0
0 0 0 0 0
0 0 0 0 0
0 0 0 0 0
0 0 0 0 0
0 0 0 0 0
0 0 0 0 0
0 0 0 0 0
0 0 0 0 0
0 0 0 0 0
0 0 0 0 0
0 0 0 0 0
0 0 0 0 0
0 0 0 0 0
0 0 0 0 0
0 0 0 0 0
0 0 0 0 0
0 0 0 0 0
0 0 0 0 0
0 0 0 0 0
0 0 0 0 0
0 0 0 0 0
0 0 0 0 0
0 0 0 0 0
0 0 0 0 0
0 0 0 0 0
0 0 0 0 0
0 0 0 0 0
0 0 0 0 0
0 0 0 0 0
0 0 0 0 0
0 0 0 0 0
0 0 0 0 0
0 0 0 0 0
0 0 0 0 0
0 0 0 0 0
0 0 0 0 0
0 0 0 0 0
0 0 0 0 0
0 0 0 0 0
0 0 0 0 0
0 0 0 0 0
0 0 0 0 0
0 0 0 0 0
0 0 0 0 0
0 0 0 0 0
0 0 0 0 0
0 0 0 0 0
0 0 0 0 0
0 0 0 0 0
0 0 0 0 0
0 0 0 0 0
0 0 0 0 0
0 0 0 0 0
0 0 0 0 0
0 0 0 0 0
0 0 0 0 0
0 0 0 0 0
0 0 0 0 0
0 0 0 0 0
0 0 0 0 0
0 0 0 0 0
0 0 0 0 0
0 0 0 0 0
0 0 0 0 0
0 0 0 0 0
0 0 0 0 0
0 0 0 0 0
0 0 0 0 0
0 0 0 0 0
0 0 0 0 0
0 0 0 0 0
0 0 0 0 0
0 0 0 0 0
0 0 0 0 0
0 0 0 0 0
0 0 0 0 0
0 0 0 0 0
0 0 0 0 0
0 0 0 0 0
0 0 0 0 0
0 0 0 0 0
0 0 0 0 0
0 0 0 0 0
0 0 0 0 0
0 0 0 0 0
0 0 0 0 0
0 0 0 0 0
0 0 0 0 0
0 0 0 0 0
0 0 0 0 0
0 0 0 0 0
0 0 0 0 0
0 0 0 0 0
0 0 0 0 0
0 0 0 0 0
0 0 0 0 0
0 0 0 0 0
0 0 0 0 0
0 0 0 0 0
0 0 0 0 0
0 0 0 0 0
0 0 0 0 0
0 0 0 0 0
0 0 0 0 0
0 0 0 0 0
0 0 0 0 0
0 0 0 0 0
0 0 0 0 0
0 0 0 0 0
0 0 0 0 0
0 0 0 0 0
0 0 0 0 0
0 0 0 0 0
0 0 0 0 0
0 0 0 0 0
0 0 0 0 0
0 0 0 0 0
0 0 0 0 0
0 0 0 0 0
0 0 0 0 0
0 0 0 0 0
0 0 0 0 0
0 0 0 0 0
0 0 0 0 0
0 0 0 0 0
0 0 0 0 0
0 0 0 0 0
0 0 0 0 0
0 0 0 0 0
0 0 0 0 0
0 0 0 0 0
0 0 0 0 0
0 0 0 0 0
0 0 0 0 0
0 0 0 0 0
0 0 0 0 0
0 0 0 0 0
0 0 0 0 0
0 0 0 0 0
0 0 0 0 0
0 0 0 0 0
0 0 0 0 0
0 0 0 0 0
0 0 0 0 0
0 0 0 0 0
0 0 0 0 0
0 0 0 0 0
0 0 0 0 0
0 0 0 0 0
0 0 0 0 0
0 0 0 0 0
0 0 0 0 0
0 0 0 0 0
0 0 0 0 0
0 0 0 0 0
0 0 0 0 0
0 0 0 0 0
0 0 0 0 0
0 0 0 0 0
0 0 0 0 0
0 0 0 0 0
0 0 0 0 0
0 0 0 0 0
0 0 0 0 0
0 0 0 0 0
0 0 0 0 0
0 0 0 0 0
0 0 0 0 0
0 0 0 0 0
0 0 0 0 0
0 0 0 0 0
0 0 0 0 0
0 0 0 0 0
0 0 0 0 0
0 0 0 0 0
0 0 0 0 0
0 0 0 0 0
0 0 0 0 0
0 0 0 0 0
0 0 0 0 0
0 0 0 0 0
0 0 0 0 0
0 0 0 0 0
0 0 0 0 0
0 0 0 0 0
0 0 0 0 0
0 0 0 0 0
0 0 0 0 0
0 0 0 0 0
0 0 0 0 0
0 0 0 0 0
0 0 0 0 0
0 0 0 0 0
0 0 0 0 0
0 0 0 0 0
0 0 0 0 0
0 0 0 0 0
0 0 0 0 0
0 0 0 0 0
0 0 0 0 0
0 0 0 0 0
0 0 0 0 0
0 0 0 0 0
0 0 0 0 0
0 0 0 0 0
0 0 0 0 0
0 0 0 0 0
0 0 0 0 0
0 0 0 0 0
0 0 0 0 0
0 0 0 0 0
0 0 0 0 0
0 0 0 0 0
0 0 0 0 0
0 0 0 0 0
0 0 0 0 0
0 0 0 0 0
0 0 0 0 0
0 0 0 0 0
0 0 0 0 0
0 0 0 0 0
0 0 0 0 0
0 0 0 0 0
0 0 0 0 0
0 0 0 0 0
0 0 0 0 0
0 0 0 0 0
0 0 0 0 0
0 0 0 0 0
0 0 0 0 0
0 0 0 0 0
0 0 0 0 0
0 0 0 0 0
0 0 0 0 0
0 0 0 0 0
0 0 0 0 0
0 0 0 0 0
0 0 0 0 0
0 0 0 0 0
0 0 0 0 0
0 0 0 0 0
0 0 0 0 0
0 0 0 0 0
0 0 0 0 0
0 0 0 0 0
0 0 0 0 0
0 0 0 0 0
0 0 0 0 0
0 0 0 0 0
0 0 0 0 0
0 0 0 0 0
0 0 0 0 0
0 0 0 0 0
0 0 0 0 0
0 0 0 0 0
0 0 0 0 0
0 0 0 0 0
0 0 0 0 0
0 0 0 0 0
0 0 0 0 0
0 0 0 0 0
0 0 0 0 0
0 0 0 0 0
0 0 0 0 0
0 0 0 0 0
0 0 0 0 0
0 0 0 0 0
0 0 0 0 0
0 0 0 0 0
0 0 0 0 0
0 0 0 0 0
0 0 0 0 0
0 0 0 0 0
0 0 0 0 0
0 0 0 0 0
0 0 0 0 0
0 0 0 0 0
0 0 0 0 0
0 0 0 0 0
0 0 0 0 0
0 0 0 0 0
0 0 0 0 0
0 0 0 0 0
0 0 0 0 0
0 0 0 0 0
0 0 0 0 0
0 0 0 0 0
0 0 0 0 0
0 0 0 0 0
0 0 0 0 0
0 0 0 0 0
0 0 0 0 0
0 0 0 0 0
0 0 0 0 0
0 0 0 0 0
0 0 0 0 0
0 0 0 0 0
0 0 0 0 0
0 0 0 0 0
0 0 0 0 0
0 0 0 0 0
0 0 0 0 0
0 0 0 0 0
0 0 0 0 0
0 0 0 0 0
0 0 0 0 0
0 0 0 0 0
0 0 0 0 0
0 0 0 0 0
0 0 0 0 0
0 0 0 0 0
0 0 0 0 0
0 0 0 0 0
0 0 0 0 0
0 0 0 0 0
0 0 0 0 0
0 0 0 0 0
0 0 0 0 0
0 0 0 0 0
0 0 0 0 0
0 0 0 0 0
0 0 0 0 0
0 0 0 0 0
0 0 0 0 0
0 0 0 0 0
0 0 0 0 0
0 0 0 0 0
0 0 0 0 0
0 0 0 0 0
0 0 0 0 0
0 0 0 0 0
0 0 0 0 0
0 0 0 0 0
0 0 0 0 0
0 0 0 0 0
0 0 0 0 0
0 0 0 0 0
0 0 0 0 0
0 0 0 0 0
0 0 0 0 0
0 0 0 0 0
0 0 0 0 0
0 0 0 0 0
0 0 0 0 0
0 0 0 0 0
0 0 0 0 0
0 0 0 0 0
0 0 0 0 0
0 0 0 0 0
0 0 0 0 0
0 0 0 0 0
0 0 0 0 0
0 0 0 0 0
0 0 0 0 0
0 0 0 0 0
0 0 0 0 0
0 0 0 0 0
0 0 0 0 0
0 0 0 0 0
0 0 0 0 0
0 0 0 0 0
0 0 0 0 0
0 0 0 0 0
0 0 0 0 0
0 0 0 0 0
0 0 0 0 0
0 0 0 0 0
0 0 0 0 0
0 0 0 0 0
0 0 0 0 0
0 0 0 0 0
0 0 0 0 0
0 0 0 0 0
0 0 0 0 0
0 0 0 0 0
0 0 0 0 0
0 0 0 0 0
0 0 0 0 0
0 0 0 0 0
0 0 0 0 0
0 0 0 0 0
0 0 0 0 0
0 0 0 0 0
0 0 0 0 0
0 0 0 0 0
0 0 0 0 0
0 0 0 0 0
0 0 0 0 0
0 0 0 0 0
0 0 0 0 0
0 0 0 0 0
0 0 0 0 0
0 0 0 0 0
0 0 0 0 0
0 0 0 0 0
0 0 0 0 0
0 0 0 0 0
0 0 0 0 0
0 0 0 0 0
0 0 0 0 0
0 0 0 0 0
0 0 0 0 0
0 0 0 0 0
0 0 0 0 0
0 0 0 0 0
0 0 0 0 0
0 0 0 0 0
0 0 0 0 0
0 0 0 0 0
0 0 0 0 0
0 0 0 0 0
0 0 0 0 0
0 0 0 0 0
0 0 0 0 0
0 0 0 0 0
0 0 0 0 0
0 0 0 0 0
0 0 0 0 0
0 0 0 0 0
0 0 0 0 0
0 0 0 0 0
0 0 0 0 0
0 0 0 0 0
0 0 0 0 0
0 0 0 0 0
0 0 0 0 0
0 0 0 0 0
0 0 0 0 0
0 0 0 0 0
0 0 0 0 0
0 0 0 0 0
0 0 0 0 0
0 0 0 0 0
0 0 0 0 0
0 0 0 0 0
0 0 0 0 0
0 0 0 0 0
0 0 0 0 0
0 0 0 0 0
0 0 0 0 0
0 0 0 0 0
0 0 0 0 0
0 0 0 0 0
0 0 0 0 0
0 0 0 0 0
0 0 0 0 0
0 0 0 0 0
0 0 0 0 0
0 0 0 0 0
0 0 0 0 0
0 0 0 0 0
0 0 0 0 0
0 0 0 0 0
0 0 0 0 0
0 0 0 0 0
0 0 0 0 0
0 0 0 0 0
0 0 0 0 0
0 0 0 0 0
0 0 0 0 0
0 0 0 0 0
0 0 0 0 0
0 0 0 0 0
0 0 0 0 0
0 0 0 0 0
0 0 0 0 0
0 0 0 0 0
0 0 0 0 0
0 0 0 0 0
0 0 0 0 0
0 0 0 0 0
0 0 0 0 0
0 0 0 0 0
0 0 0 0 0
0 0 0 0 0
0 0 0 0 0
0 0 0 0 0
0 0 0 0 0
0 0 0 0 0
0 0 0 0 0
0 0 0 0 0
0 0 0 0 0
0 0 0 0 0
0 0 0 0 0
0 0 0 0 0
0 0 0 0 0
0 0 0 0 0
0 0 0 0 0
0 0 0 0 0
0 0 0 0 0
0 0 0 0 0
0 0 0 0 0
0 0 0 0 0
0 0 0 0 0
0 0 0 0 0
0 0 0 0 0
0 0 0 0 0
0 0 0 0 0
0 0 0 0 0
0 0 0 0 0
0 0 0 0 0
0 0 0 0 0
0 0 0 0 0
0 0 0 0 0
0 0 0 0 0
0 0 0 0 0
0 0 0 0 0
0 0 0 0 0
0 0 0 0 0
0 0 0 0 0
0 0 0 0 0
0 0 0 0 0
0 0 0 0 0
0 0 0 0 0
0 0 0 0 0
0 0 0 0 0
0 0 0 0 0
0 0 0 0 0
0 0 0 0 0
0 0 0 0 0
0 0 0 0 0
0 0 0 0 0
0 0 0 0 0
0 0 0 0 0
0 0 0 0 0
0 0 0 0 0
0 0 0 0 0
0 0 0 0 0
0 0 0 0 0
0 0 0 0 0
0 0 0 0 0
0 0 0 0 0
0 0 0 0 0
0 0 0 0 0
0 0 0 0 0
0 0 0 0 0
0 0 0 0 0
0 0 0 0 0
0 0 0 0 0
0 0 0 0 0
0 0 0 0 0
0 0 0 0 0
0 0 0 0 0
0 0 0 0 0
0 0 0 0 0
0 0 0 0 0
0 0 0 0 0
0 0 0 0 0
0 0 0 0 0
0 0 0 0 0
0 0 0 0 0
0 0 0 0 0
0 0 0 0 0
0 0 0 0 0
0 0 0 0 0
0 0 0 0 0
0 0 0 0 0
0 0 0 0 0
0 0 0 0 0
0 0 0 0 0
0 0 0 0 0
0 0 0 0 0
0 0 0 0 0
0 0 0 0 0
0 0 0 0 0
0 0 0 0 0
0 0 0 0 0
0 0 0 0 0
0 0 0 0 0
0 0 0 0 0
0 0 0 0 0
0 0 0 0 0
0 0 0 0 0
0 0 0 0 0
0 0 0 0 0
0 0 0 0 0
0 0 0 0 0
0 0 0 0 0
0 0 0 0 0
0 0 0 0 0
0 0 0 0 0
0 0 0 0 0
0 0 0 0 0
0 0 0 0 0
0 0 0 0 0
0 0 0 0 0
0 0 0 0 0
0 0 0 0 0
0 0 0 0 0
0 0 0 0 0
0 0 0 0 0
0 0 0 0 0
0 0 0 0 0
0 0 0 0 0
0 0 0 0 0
0 0 0 0 0
0 0 0 0 0
0 0 0 0 0
0 0 0 0 0
0 0 0 0 0
0 0 0 0 0
0 0 0 0 0
0 0 0 0 0
0 0 0 0 0
0 0 0 0 0
0 0 0 0 0
0 0 0 0 0
0 0 0 0 0
0 0 0 0 0
0 0 0 0 0
0 0 0 0 0
0 0 0 0 0
0 0 0 0 0
0 0 0 0 0
0 0 0 0 0
0 0 0 0 0
0 0 0 0 0
0 0 0 0 0
0 0 0 0 0
0 0 0 0 0
0 0 0 0 0
0 0 0 0 0
0 0 0 0 0
0 0 0 0 0
0 0 0 0 0
0 0 0 0 0
0 0 0 0 0
0 0 0 0 0
0 0 0 0 0
0 0 0 0 0
0 0 0 0 0
0 0 0 0 0
0 0 0 0 0
0 0 0 0 0
0 0 0 0 0
0 0 0 0 0
0 0 0 0 0
0 0 0 0 0
0 0 0 0 0
0 0 0 0 0
0 0 0 0 0
0 0 0 0 0
0 0 0 0 0
0 0 0 0 0
0 0 0 0 0
0 0 0 0 0
0 0 0 0 0
0 0 0 0 0
0 0 0 0 0
0 0 0 0 0
0 0 0 0 0
0 0 0 0 0
0 0 0 0 0
0 0 0 0 0
0 0 0 0 0
0 0 0 0 0
0 0 0 0 0
0 0 0 0 0
0 0 0 0 0
0 0 0 0 0
0 0 0 0 0
0 0 0 0 0
0 0 0 0 0
0 0 0 0 0
0 0 0 0 0
0 0 0 0 0
0 0 0 0 0
0 0 0 0 0
0 0 0 0 0
0 0 0 0 0
0 0 0 0 0
0 0 0 0 0
0 0 0 0 0
0 0 0 0 0
0 0 0 0 0
0 0 0 0 0
0 0 0 0 0
0 0 0 0 0
0 0 0 0 0
0 0 0 0 0
0 0 0 0 0
0 0 0 0 0
0 0 0 0 0
0 0 0 0 0
0 0 0 0 0
0 0 0 0 0
0 0 0 0 0
0 0 0 0 0
0 0 0 0 0
0 0 0 0 0
0 0 0 0 0
0 0 0 0 0
0 0 0 0 0
0 0 0 0 0
0 0 0 0 0
0 0 0 0 0
0 0 0 0 0
0 0 0 0 0
0 0 0 0 0
0 0 0 0 0
0 0 0 0 0
0 0 0 0 0
0 0 0 0 0
0 0 0 0 0
0 0 0 0 0
0 0 0 0 0
0 0 0 0 0
0 0 0 0 0
0 0 0 0 0
0 0 0 0 0
0 0 0 0 0
0 0 0 0 0
0 0 0 0 0
0 0 0 0 0
0 0 0 0 0
0 0 0 0 0
0 0 0 0 0
0 0 0 0 0
0 0 0 0 0
0 0 0 0 0
0 0 0 0 0
0 0 0 0 0
0 0 0 0 0
0 0 0 0 0
0 0 0 0 0
0 0 0 0 0
0 0 0 0 0
0 0 0 0 0
0 0 0 0 0
0 0 0 0 0
0 0 0 0 0
0 0 0 0 0
0 0 0 0 0
0 0 0 0 0
0 0 0 0 0
0 0 0 0 0
0 0 0 0 0
0 0 0 0 0
0 0 0 0 0
0 0 0 0 0
0 0 0 0 0
0 0 0 0 0
0 0 0 0 0
0 0 0 0 0
0 0 0 0 0
0 0 0 0 0
0 0 0 0 0
0 0 0 0 0
0 0 0 0 0
0 0 0 0 0
0 0 0 0 0
0 0 0 0 0
0 0 0 0 0
0 0 0 0 0
0 0 0 0 0
0 0 0 0 0
0 0 0 0 0
0 0 0 0 0
0 0 0 0 0
0 0 0 0 0
0 0 0 0 0
0 0 0 0 0
0 0 0 0 0
0 0 0 0 0
0 0 0 0 0
0 0 0 0 0
0 0 0 0 0
0 0 0 0 0
0 0 0 0 0
0 0 0 0 0
0 0 0 0 0
0 0 0 0 0
0 0 0 0 0
0 0 0 0 0
0 0 0 0 0
0 0 0 0 0
0 0 0 0 0
0 0 0 0 0
0 0 0 0 0
0 0 0 0 0
0 0 0 0 0
0 0 0 0 0
0 0 0 0 0
0 0 0 0 0
0 0 0 0 0
0 0 0 0 0
0 0 0 0 0
0 0 0 0 0
0 0 0 0 0
0 0 0 0 0
0 0 0 0 0
0 0 0 0 0
0 0 0 0 0
0 0 0 0 0
0 0 0 0 0
0 0 0 0 0
0 0 0 0 0
0 0 0 0 0
0 0 0 0 0
0 0 0 0 0
0 0 0 0 0
0 0 0 0 0
0 0 0 0 0
0 0 0 0 0
0 0 0 0 0
0 0 0 0 0
0 0 0 0 0
0 0 0 0 0
0 0 0 0 0
0 0 0 0 0
0 0 0 0 0
0 0 0 0 0
0 0 0 0 0
0 0 0 0 0
0 0 0 0 0
0 0 0 0 0
0 0 0 0 0
0 0 0 0 0
0 0 0 0 0
0 0 0 0 0
0 0 0 0 0
0 0 0 0 0
0 0 0 0 0
0 0 0 0 0
0 0 0 0 0
0 0 0 0 0
0 0 0 0 0
0 0 0 0 0
0 0 0 0 0
0 0 0 0 0
0 0 0 0 0
0 0 0 0 0
0 0 0 0 0
0 0 0 0 0
0 0 0 0 0
0 0 0 0 0
0 0 0 0 0
0 0 0 0 0
0 0 0 0 0
0 0 0 0 0
0 0 0 0 0
0 0 0 0 0
0 0 0 0 0
0 0 0 0 0
0 0 0 0 0
0 0 0 0 0
0 0 0 0 0
0 0 0 0 0
0 0 0 0 0
0 0 0 0 0
0 0 0 0 0
0 0 0 0 0
0 0 0 0 0
0 0 0 0 0
0 0 0 0 0
0 0 0 0 0
0 0 0 0 0
0 0 0 0 0
0 0 0 0 0
0 0 0 0 0
0 0 0 0 0
0 0 0 0 0
0 0 0 0 0
0 0 0 0 0
0 0 0 0 0
0 0 0 0 0
0 0 0 0 0
0 0 0 0 0
0 0 0 0 0
0 0 0 0 0
0 0 0 0 0
0 0 0 0 0
0 0 0 0 0
0 0 0 0 0
0 0 0 0 0
0 0 0 0 0
0 0 0 0 0
0 0 0 0 0
0 0 0 0 0
0 0 0 0 0
0 0 0 0 0
0 0 0 0 0
0 0 0 0 0
0 0 0 0 0
0 0 0 0 0
0 0 0 0 0
0 0 0 0 0
0 0 0 0 0
0 0 0 0 0
0 0 0 0 0
0 0 0 0 0
0 0 0 0 0
0 0 0 0 0
0 0 0 0 0
0 0 0 0 0
0 0 0 0 0
0 0 0 0 0
0 0 0 0 0
0 0 0 0 0
0 0 0 0 0
0 0 0 0 0
0 0 0 0 0
